## ap at Dchi2
8.000000000000000444e-01 6.999999999999999556e-01 1.288681870099999287e+02
8.000000000000000444e-01 7.275862068970000429e-01 1.251387768599997798e+02
8.000000000000000444e-01 7.551724137930000413e-01 1.201659714500001428e+02
8.000000000000000444e-01 7.827586206900000176e-01 1.146670080499998221e+02
8.000000000000000444e-01 8.103448275860000161e-01 1.089671191699999326e+02
8.000000000000000444e-01 8.379310344829999924e-01 1.031391010299998925e+02
8.000000000000000444e-01 8.655172413789999908e-01 9.730278210000005856e+01
8.000000000000000444e-01 8.931034482759999671e-01 9.178009981000013795e+01
8.000000000000000444e-01 9.206896551719999655e-01 8.695615786000007574e+01
8.000000000000000444e-01 9.482758620690000528e-01 8.304961853999975574e+01
8.000000000000000444e-01 9.758620689660000291e-01 8.001927497999986372e+01
8.000000000000000444e-01 1.003448275860000072e+00 7.764694026000006488e+01
8.000000000000000444e-01 1.031034482759999982e+00 7.567587827999977890e+01
8.000000000000000444e-01 1.058620689659999892e+00 7.388970461999997497e+01
8.000000000000000444e-01 1.086206896550000023e+00 7.212862564999977621e+01
8.000000000000000444e-01 1.113793103449999933e+00 7.028554718999976103e+01
8.000000000000000444e-01 1.141379310340000064e+00 6.830725157000006220e+01
8.000000000000000444e-01 1.168965517239999974e+00 6.619493206000015562e+01
8.000000000000000444e-01 1.196551724140000106e+00 6.400110652000012124e+01
8.000000000000000444e-01 1.224137931030000015e+00 6.181452508999973361e+01
8.000000000000000444e-01 1.251724137929999925e+00 5.973426347999975405e+01
8.000000000000000444e-01 1.279310344830000057e+00 5.784380723000003854e+01
8.000000000000000444e-01 1.306896551719999966e+00 5.619819926999980453e+01
8.000000000000000444e-01 1.334482758620000098e+00 5.482065298999987135e+01
8.000000000000000444e-01 1.362068965520000008e+00 5.371131736999996065e+01
8.000000000000000444e-01 1.389655172409999917e+00 5.285563363999972353e+01
8.000000000000000444e-01 1.417241379310000049e+00 5.223254304000010961e+01
8.000000000000000444e-01 1.444827586209999959e+00 5.181517884000004415e+01
8.000000000000000444e-01 1.472413793100000090e+00 5.157137649000014790e+01
8.000000000000000444e-01 1.500000000000000000e+00 5.146204846999989968e+01
8.555555555560000469e-01 6.999999999999999556e-01 1.183389630900001066e+02
8.555555555560000469e-01 7.275862068970000429e-01 1.133844494800000575e+02
8.555555555560000469e-01 7.551724137930000413e-01 1.069207222599998204e+02
8.555555555560000469e-01 7.827586206900000176e-01 9.981851200999972207e+01
8.555555555560000469e-01 8.103448275860000161e-01 9.251324445000000196e+01
8.555555555560000469e-01 8.379310344829999924e-01 8.517795812999975169e+01
8.555555555560000469e-01 8.655172413789999908e-01 7.804686278999997739e+01
8.555555555560000469e-01 8.931034482759999671e-01 7.154144377000011445e+01
8.555555555560000469e-01 9.206896551719999655e-01 6.609529850999979317e+01
8.555555555560000469e-01 9.482758620690000528e-01 6.191151709999985542e+01
8.555555555560000469e-01 9.758620689660000291e-01 5.889169291000007433e+01
8.555555555560000469e-01 1.003448275860000072e+00 5.674841104000006453e+01
8.555555555560000469e-01 1.031034482759999982e+00 5.516670939000005092e+01
8.555555555560000469e-01 1.058620689659999892e+00 5.388558776999980182e+01
8.555555555560000469e-01 1.086206896550000023e+00 5.271338069000012183e+01
8.555555555560000469e-01 1.113793103449999933e+00 5.152032552999980908e+01
8.555555555560000469e-01 1.141379310340000064e+00 5.023667161999992459e+01
8.555555555560000469e-01 1.168965517239999974e+00 4.884996362999982011e+01
8.555555555560000469e-01 1.196551724140000106e+00 4.740001860999973360e+01
8.555555555560000469e-01 1.224137931030000015e+00 4.595935706999989634e+01
8.555555555560000469e-01 1.251724137929999925e+00 4.461043461000008392e+01
8.555555555560000469e-01 1.279310344830000057e+00 4.342318960000011430e+01
8.555555555560000469e-01 1.306896551719999966e+00 4.244150794999995924e+01
8.555555555560000469e-01 1.334482758620000098e+00 4.168232224999974278e+01
8.555555555560000469e-01 1.362068965520000008e+00 4.114228081999999631e+01
8.555555555560000469e-01 1.389655172409999917e+00 4.080561765999982526e+01
8.555555555560000469e-01 1.417241379310000049e+00 4.065135323999993489e+01
8.555555555560000469e-01 1.444827586209999959e+00 4.065345509000007951e+01
8.555555555560000469e-01 1.472413793100000090e+00 4.078240598000002137e+01
8.555555555560000469e-01 1.500000000000000000e+00 4.100401746999978059e+01
9.111111111109999605e-01 6.999999999999999556e-01 1.001557091899999250e+02
9.111111111109999605e-01 7.275862068970000429e-01 9.374357138000004852e+01
9.111111111109999605e-01 7.551724137930000413e-01 8.578738534000012805e+01
9.111111111109999605e-01 7.827586206900000176e-01 7.732260601000007227e+01
9.111111111109999605e-01 8.103448275860000161e-01 6.887480111000013494e+01
9.111111111109999605e-01 8.379310344829999924e-01 6.068655037000007724e+01
9.111111111109999605e-01 8.655172413789999908e-01 5.306192400999998426e+01
9.111111111109999605e-01 8.931034482759999671e-01 4.646573644999989483e+01
9.111111111109999605e-01 9.206896551719999655e-01 4.131938585999978386e+01
9.111111111109999605e-01 9.482758620690000528e-01 3.775836836999997104e+01
9.111111111109999605e-01 9.758620689660000291e-01 3.559199054999999134e+01
9.111111111109999605e-01 1.003448275860000072e+00 3.444668562000015299e+01
9.111111111109999605e-01 1.031034482759999982e+00 3.393940637000014249e+01
9.111111111109999605e-01 1.058620689659999892e+00 3.376093155999978990e+01
9.111111111109999605e-01 1.086206896550000023e+00 3.368591731000014988e+01
9.111111111109999605e-01 1.113793103449999933e+00 3.356428600999970513e+01
9.111111111109999605e-01 1.141379310340000064e+00 3.331387244000006831e+01
9.111111111109999605e-01 1.168965517239999974e+00 3.291698069999984000e+01
9.111111111109999605e-01 1.196551724140000106e+00 3.240700096999989910e+01
9.111111111109999605e-01 1.224137931030000015e+00 3.185175213000002259e+01
9.111111111109999605e-01 1.251724137929999925e+00 3.132863026999984868e+01
9.111111111109999605e-01 1.279310344830000057e+00 3.090454048999981751e+01
9.111111111109999605e-01 1.306896551719999966e+00 3.062291425000012168e+01
9.111111111109999605e-01 1.334482758620000098e+00 3.050245906999998624e+01
9.111111111109999605e-01 1.362068965520000008e+00 3.054324335000001156e+01
9.111111111109999605e-01 1.389655172409999917e+00 3.073381394999978511e+01
9.111111111109999605e-01 1.417241379310000049e+00 3.105742647999977635e+01
9.111111111109999605e-01 1.444827586209999959e+00 3.149285856000005879e+01
9.111111111109999605e-01 1.472413793100000090e+00 3.201714992000006532e+01
9.111111111109999605e-01 1.500000000000000000e+00 3.260270170000012513e+01
9.666666666669999630e-01 6.999999999999999556e-01 7.904843067000001611e+01
9.666666666669999630e-01 7.275862068970000429e-01 7.125553407000006700e+01
9.666666666669999630e-01 7.551724137930000413e-01 6.214723834000005809e+01
9.666666666669999630e-01 7.827586206900000176e-01 5.286725592999982837e+01
9.666666666669999630e-01 8.103448275860000161e-01 4.398049542999979167e+01
9.666666666669999630e-01 8.379310344829999924e-01 3.575179355000000214e+01
9.666666666669999630e-01 8.655172413789999908e-01 2.850133452000000034e+01
9.666666666669999630e-01 8.931034482759999671e-01 2.267985687999998845e+01
9.666666666669999630e-01 9.206896551719999655e-01 1.864433237999992343e+01
9.666666666669999630e-01 9.482758620690000528e-01 1.642663614999992205e+01
9.666666666669999630e-01 9.758620689660000291e-01 1.572655213000007279e+01
9.666666666669999630e-01 1.003448275860000072e+00 1.607907691999980671e+01
9.666666666669999630e-01 1.031034482759999982e+00 1.703559726000003138e+01
9.666666666669999630e-01 1.058620689659999892e+00 1.824601866000011796e+01
9.666666666669999630e-01 1.086206896550000023e+00 1.946061174999977084e+01
9.666666666669999630e-01 1.113793103449999933e+00 2.051978677999977663e+01
9.666666666669999630e-01 1.141379310340000064e+00 2.134448858999985532e+01
9.666666666669999630e-01 1.168965517239999974e+00 2.192437166999980036e+01
9.666666666669999630e-01 1.196551724140000106e+00 2.230231819999971776e+01
9.666666666669999630e-01 1.224137931030000015e+00 2.255347434999976031e+01
9.666666666669999630e-01 1.251724137929999925e+00 2.276326500000004671e+01
9.666666666669999630e-01 1.279310344830000057e+00 2.300483337000014217e+01
9.666666666669999630e-01 1.306896551719999966e+00 2.332924741999977414e+01
9.666666666669999630e-01 1.334482758620000098e+00 2.376175607999994099e+01
9.666666666669999630e-01 1.362068965520000008e+00 2.430945870000005016e+01
9.666666666669999630e-01 1.389655172409999917e+00 2.496653388999993695e+01
9.666666666669999630e-01 1.417241379310000049e+00 2.572188873000004605e+01
9.666666666669999630e-01 1.444827586209999959e+00 2.656042380999997476e+01
9.666666666669999630e-01 1.472413793100000090e+00 2.746367998000005173e+01
9.666666666669999630e-01 1.500000000000000000e+00 2.841027282999993986e+01
1.022222222219999921e+00 6.999999999999999556e-01 6.057791366999981619e+01
1.022222222219999921e+00 7.275862068970000429e-01 5.181531794000011359e+01
1.022222222219999921e+00 7.551724137930000413e-01 4.215640716000007160e+01
1.022222222219999921e+00 7.827586206900000176e-01 3.278168972999992548e+01
1.022222222219999921e+00 8.103448275860000161e-01 2.423743617999980415e+01
1.022222222219999921e+00 8.379310344829999924e-01 1.675992016999998668e+01
1.022222222219999921e+00 8.655172413789999908e-01 1.063584008999987418e+01
1.022222222219999921e+00 8.931034482759999671e-01 6.252530199999910110e+00
1.022222222219999921e+00 9.206896551719999655e-01 3.864783659999829979e+00
1.022222222219999921e+00 9.482758620690000528e-01 3.386586019999867858e+00
1.022222222219999921e+00 9.758620689660000291e-01 4.408041679999769258e+00
1.022222222219999921e+00 1.003448275860000072e+00 6.385466400000041176e+00
1.022222222219999921e+00 1.031034482759999982e+00 8.822693950000029872e+00
1.022222222219999921e+00 1.058620689659999892e+00 1.134667648999993617e+01
1.022222222219999921e+00 1.086206896550000023e+00 1.370476540999970894e+01
1.022222222219999921e+00 1.113793103449999933e+00 1.574892997999995714e+01
1.022222222219999921e+00 1.141379310340000064e+00 1.742251338000005489e+01
1.022222222219999921e+00 1.168965517239999974e+00 1.873903899000015372e+01
1.022222222219999921e+00 1.196551724140000106e+00 1.976444037999999637e+01
1.022222222219999921e+00 1.224137931030000015e+00 2.059128065999993851e+01
1.022222222219999921e+00 1.251724137929999925e+00 2.131854243999987375e+01
1.022222222219999921e+00 1.279310344830000057e+00 2.203080487999977777e+01
1.022222222219999921e+00 1.306896551719999966e+00 2.278530008000007001e+01
1.022222222219999921e+00 1.334482758620000098e+00 2.361452839999992648e+01
1.022222222219999921e+00 1.362068965520000008e+00 2.452885917999992671e+01
1.022222222219999921e+00 1.389655172409999917e+00 2.552726945999984309e+01
1.022222222219999921e+00 1.417241379310000049e+00 2.660062293000009959e+01
1.022222222219999921e+00 1.444827586209999959e+00 2.773619892999977310e+01
1.022222222219999921e+00 1.472413793100000090e+00 2.891818624999996246e+01
1.022222222219999921e+00 1.500000000000000000e+00 3.012687025000013818e+01
1.077777777779999946e+00 6.999999999999999556e-01 4.959854274000008445e+01
1.077777777779999946e+00 7.275862068970000429e-01 4.038744186999974772e+01
1.077777777779999946e+00 7.551724137930000413e-01 3.078402916000004552e+01
1.077777777779999946e+00 7.827586206900000176e-01 2.193581618000007438e+01
1.077777777779999946e+00 8.103448275860000161e-01 1.431936635000010938e+01
1.077777777779999946e+00 8.379310344829999924e-01 8.102707819999977801e+00
1.077777777779999946e+00 8.655172413789999908e-01 3.499606939999921451e+00
1.077777777779999946e+00 8.931034482759999671e-01 8.035695899998245295e-01
1.077777777779999946e+00 9.206896551719999655e-01 1.564703099998041580e-01
1.077777777779999946e+00 9.482758620690000528e-01 1.359251909999784402e+00
1.077777777779999946e+00 9.758620689660000291e-01 3.915475320000041393e+00
1.077777777779999946e+00 1.003448275860000072e+00 7.229894730000069103e+00
1.077777777779999946e+00 1.031034482759999982e+00 1.078918874999999389e+01
1.077777777779999946e+00 1.058620689659999892e+00 1.422412722999979451e+01
1.077777777779999946e+00 1.086206896550000023e+00 1.730457187000001795e+01
1.077777777779999946e+00 1.113793103449999933e+00 1.991564841999979762e+01
1.077777777779999946e+00 1.141379310340000064e+00 2.203707740999971065e+01
1.077777777779999946e+00 1.168965517239999974e+00 2.371840369999972609e+01
1.077777777779999946e+00 1.196551724140000106e+00 2.504991141999971660e+01
1.077777777779999946e+00 1.224137931030000015e+00 2.614510022000013123e+01
1.077777777779999946e+00 1.251724137929999925e+00 2.711290071999974316e+01
1.077777777779999946e+00 1.279310344830000057e+00 2.804349193999996714e+01
1.077777777779999946e+00 1.306896551719999966e+00 2.899705463999998756e+01
1.077777777779999946e+00 1.334482758620000098e+00 3.000586113999997906e+01
1.077777777779999946e+00 1.362068965520000008e+00 3.108016021000003093e+01
1.077777777779999946e+00 1.389655172409999917e+00 3.221754279000015231e+01
1.077777777779999946e+00 1.417241379310000049e+00 3.340830621999975847e+01
1.077777777779999946e+00 1.444827586209999959e+00 3.463922124999999141e+01
1.077777777779999946e+00 1.472413793100000090e+00 3.589386556999988898e+01
1.077777777779999946e+00 1.500000000000000000e+00 3.715315443000008599e+01
1.133333333329999970e+00 6.999999999999999556e-01 4.789943766999977015e+01
1.133333333329999970e+00 7.275862068970000429e-01 3.861207634999982474e+01
1.133333333329999970e+00 7.551724137930000413e-01 2.943021218000012595e+01
1.133333333329999970e+00 7.827586206900000176e-01 2.141344677000006413e+01
1.133333333329999970e+00 8.103448275860000161e-01 1.493657205999988946e+01
1.133333333329999970e+00 8.379310344829999924e-01 1.007093522000013763e+01
1.133333333329999970e+00 8.655172413789999908e-01 6.940680449999945267e+00
1.133333333329999970e+00 8.931034482759999671e-01 5.737765200000012555e+00
1.133333333329999970e+00 9.206896551719999655e-01 6.501026609999826178e+00
1.133333333329999970e+00 9.482758620690000528e-01 8.945756609999989450e+00
1.133333333329999970e+00 9.758620689660000291e-01 1.252287341000010201e+01
1.133333333329999970e+00 1.003448275860000072e+00 1.662289888999976029e+01
1.133333333329999970e+00 1.031034482759999982e+00 2.074486864999971658e+01
1.133333333329999970e+00 1.058620689659999892e+00 2.454953749000014795e+01
1.133333333329999970e+00 1.086206896550000023e+00 2.784545012999979008e+01
1.133333333329999970e+00 1.113793103449999933e+00 3.056258746999992582e+01
1.133333333329999970e+00 1.141379310340000064e+00 3.272129889999996522e+01
1.133333333329999970e+00 1.168965517239999974e+00 3.440286044999993464e+01
1.133333333329999970e+00 1.196551724140000106e+00 3.572015679000014643e+01
1.133333333329999970e+00 1.224137931030000015e+00 3.679554142999995747e+01
1.133333333329999970e+00 1.251724137929999925e+00 3.774131439999973736e+01
1.133333333329999970e+00 1.279310344830000057e+00 3.864409927999986394e+01
1.133333333329999970e+00 1.306896551719999966e+00 3.955935356999998476e+01
1.133333333329999970e+00 1.334482758620000098e+00 4.051389992999975220e+01
1.133333333329999970e+00 1.362068965520000008e+00 4.151381865999974252e+01
1.133333333329999970e+00 1.389655172409999917e+00 4.255356746999996176e+01
1.133333333329999970e+00 1.417241379310000049e+00 4.362137041999994835e+01
1.133333333329999970e+00 1.444827586209999959e+00 4.470380655999997543e+01
1.133333333329999970e+00 1.472413793100000090e+00 4.578398805000006178e+01
1.133333333329999970e+00 1.500000000000000000e+00 4.684443211999996493e+01
1.188888888889999995e+00 6.999999999999999556e-01 5.389923865999980990e+01
1.188888888889999995e+00 7.275862068970000429e-01 4.467886546999989150e+01
1.188888888889999995e+00 7.551724137930000413e-01 3.600444319999996878e+01
1.188888888889999995e+00 7.827586206900000176e-01 2.881612175999998726e+01
1.188888888889999995e+00 8.103448275860000161e-01 2.336536630999989939e+01
1.188888888889999995e+00 8.379310344829999924e-01 1.962191419000009773e+01
1.188888888889999995e+00 8.655172413789999908e-01 1.761467958999992334e+01
1.188888888889999995e+00 8.931034482759999671e-01 1.745045707000008406e+01
1.188888888889999995e+00 9.206896551719999655e-01 1.909029297999995833e+01
1.188888888889999995e+00 9.482758620690000528e-01 2.219921713999974600e+01
1.188888888889999995e+00 9.758620689660000291e-01 2.621257564000006823e+01
1.188888888889999995e+00 1.003448275860000072e+00 3.053579176999983247e+01
1.188888888889999995e+00 1.031034482759999982e+00 3.470192543999974077e+01
1.188888888889999995e+00 1.058620689659999892e+00 3.841317200000003140e+01
1.188888888889999995e+00 1.086206896550000023e+00 4.152202082999974664e+01
1.188888888889999995e+00 1.113793103449999933e+00 4.399973560999978872e+01
1.188888888889999995e+00 1.141379310340000064e+00 4.590106155000012222e+01
1.188888888889999995e+00 1.168965517239999974e+00 4.732917421000001923e+01
1.188888888889999995e+00 1.196551724140000106e+00 4.840624545999980910e+01
1.188888888889999995e+00 1.224137931030000015e+00 4.925476954999976442e+01
1.188888888889999995e+00 1.251724137929999925e+00 4.997950197000000117e+01
1.188888888889999995e+00 1.279310344830000057e+00 5.065744370999982493e+01
1.188888888889999995e+00 1.306896551719999966e+00 5.133525056999997105e+01
1.188888888889999995e+00 1.334482758620000098e+00 5.203206343000010747e+01
1.188888888889999995e+00 1.362068965520000008e+00 5.274992367999993803e+01
1.188888888889999995e+00 1.389655172409999917e+00 5.348177520999979606e+01
1.188888888889999995e+00 1.417241379310000049e+00 5.421611480999990818e+01
1.188888888889999995e+00 1.444827586209999959e+00 5.494112180000001899e+01
1.188888888889999995e+00 1.472413793100000090e+00 5.564269003999970664e+01
1.188888888889999995e+00 1.500000000000000000e+00 5.630666534000010870e+01
1.244444444440000019e+00 6.999999999999999556e-01 6.410249849999991056e+01
1.244444444440000019e+00 7.275862068970000429e-01 5.496390117999999347e+01
1.244444444440000019e+00 7.551724137930000413e-01 4.673559012999976403e+01
1.244444444440000019e+00 7.827586206900000176e-01 4.021805833000007624e+01
1.244444444440000019e+00 8.103448275860000161e-01 3.553914798000005248e+01
1.244444444440000019e+00 8.379310344829999924e-01 3.256967881999980818e+01
1.244444444440000019e+00 8.655172413789999908e-01 3.126143412000010358e+01
1.244444444440000019e+00 8.931034482759999671e-01 3.165668070999981865e+01
1.244444444440000019e+00 9.206896551719999655e-01 3.367273539999996501e+01
1.244444444440000019e+00 9.482758620690000528e-01 3.695537066999986564e+01
1.244444444440000019e+00 9.758620689660000291e-01 4.095126428000003216e+01
1.244444444440000019e+00 1.003448275860000072e+00 4.509904801999982737e+01
1.244444444440000019e+00 1.031034482759999982e+00 4.897087327999997797e+01
1.244444444440000019e+00 1.058620689659999892e+00 5.231026866000001974e+01
1.244444444440000019e+00 1.086206896550000023e+00 5.500684172000001126e+01
1.244444444440000019e+00 1.113793103449999933e+00 5.706385485000009794e+01
1.244444444440000019e+00 1.141379310340000064e+00 5.855749174999982642e+01
1.244444444440000019e+00 1.168965517239999974e+00 5.960119479000013598e+01
1.244444444440000019e+00 1.196551724140000106e+00 6.031602435000013429e+01
1.244444444440000019e+00 1.224137931030000015e+00 6.081629579999980706e+01
1.244444444440000019e+00 1.251724137929999925e+00 6.119439409999995405e+01
1.244444444440000019e+00 1.279310344830000057e+00 6.151622558000008212e+01
1.244444444440000019e+00 1.306896551719999966e+00 6.181907556999976805e+01
1.244444444440000019e+00 1.334482758620000098e+00 6.211743806999993467e+01
1.244444444440000019e+00 1.362068965520000008e+00 6.241246762999981001e+01
1.244444444440000019e+00 1.389655172409999917e+00 6.269881366999970851e+01
1.244444444440000019e+00 1.417241379310000049e+00 6.296952633000000787e+01
1.244444444440000019e+00 1.444827586209999959e+00 6.321727834000012081e+01
1.244444444440000019e+00 1.472413793100000090e+00 6.343364419999988968e+01
1.244444444440000019e+00 1.500000000000000000e+00 6.360959636999996292e+01
1.300000000000000044e+00 6.999999999999999556e-01 7.504150797000011153e+01
1.300000000000000044e+00 7.275862068970000429e-01 6.600602447999972355e+01
1.300000000000000044e+00 7.551724137930000413e-01 5.815235785000004398e+01
1.300000000000000044e+00 7.827586206900000176e-01 5.214217845999974088e+01
1.300000000000000044e+00 8.103448275860000161e-01 4.798987064999982977e+01
1.300000000000000044e+00 8.379310344829999924e-01 4.548772289999988061e+01
1.300000000000000044e+00 8.655172413789999908e-01 4.453125246999979936e+01
1.300000000000000044e+00 8.931034482759999671e-01 4.512765919999992548e+01
1.300000000000000044e+00 9.206896551719999655e-01 4.717493655999987823e+01
1.300000000000000044e+00 9.482758620690000528e-01 5.032527088000006188e+01
1.300000000000000044e+00 9.758620689660000291e-01 5.404989622999983112e+01
1.300000000000000044e+00 1.003448275860000072e+00 5.782339163999995435e+01
1.300000000000000044e+00 1.031034482759999982e+00 6.125508734999993976e+01
1.300000000000000044e+00 1.058620689659999892e+00 6.411965865000001941e+01
1.300000000000000044e+00 1.086206896550000023e+00 6.633385137000004761e+01
1.300000000000000044e+00 1.113793103449999933e+00 6.792119317000015144e+01
1.300000000000000044e+00 1.141379310340000064e+00 6.896879783999975189e+01
1.300000000000000044e+00 1.168965517239999974e+00 6.959056697000005443e+01
1.300000000000000044e+00 1.196551724140000106e+00 6.990136862000008477e+01
1.300000000000000044e+00 1.224137931030000015e+00 7.000376465999988795e+01
1.300000000000000044e+00 1.251724137929999925e+00 6.997894857999972373e+01
1.300000000000000044e+00 1.279310344830000057e+00 6.988263182999980927e+01
1.300000000000000044e+00 1.306896551719999966e+00 6.974674619999996139e+01
1.300000000000000044e+00 1.334482758620000098e+00 6.958597381999970821e+01
1.300000000000000044e+00 1.362068965520000008e+00 6.940495761000011044e+01
1.300000000000000044e+00 1.389655172409999917e+00 6.920391416999973444e+01
1.300000000000000044e+00 1.417241379310000049e+00 6.898386501999993925e+01
1.300000000000000044e+00 1.444827586209999959e+00 6.874354226000014023e+01
1.300000000000000044e+00 1.472413793100000090e+00 6.848139291999996203e+01
1.300000000000000044e+00 1.500000000000000000e+00 6.819365878000007797e+01
