# Fiducial parameters, omega_b = 0.022237, omega_cdm = 0.12, 100*theta_s = 1.0418, ln10^{10}A_s = 3.044, n_s = 0.9649, tau_reio = 0.0544, M_tot_NH = 0.16, log10_Gamma_neutrinos = 3.7, sigma_NL = 7, beta_0^Euclid = 1, beta_1^Euclid = 1, z_reio = 1, Omega_Lambda = 1, YHe = 1, H0 = 0, A_s = 0, sigma8 = 0
1.424451e-08
1.5594105e-08
1.6790902e-08
1.7385015e-08
1.7822481e-08
1.8194875e-08
1.8507137e-08
1.8790351e-08
1.907374e-08
1.9457964e-08
0
2.5055613e-08
2.506135e-08
2.6354749e-08
2.7309681e-08
2.8122811e-08
2.8804672e-08
2.9423113e-08
3.0041951e-08
3.0881018e-08
0
0
3.0997029e-08
3.0259972e-08
3.1605095e-08
3.2753272e-08
3.3716488e-08
3.4590151e-08
3.5464387e-08
3.664976e-08
0
0
0
3.4946936e-08
3.4041604e-08
3.5444849e-08
3.6624169e-08
3.7694117e-08
3.8764793e-08
4.0216533e-08
0
0
0
0
3.8472903e-08
3.7581241e-08
3.8972839e-08
4.0237016e-08
4.1502282e-08
4.3217895e-08
0
0
0
0
0
4.201038e-08
4.1087345e-08
4.2561144e-08
4.403765e-08
4.6039881e-08
0
0
0
0
0
0
4.5460839e-08
4.4612274e-08
4.6311444e-08
4.8617045e-08
0
0
0
0
0
0
0
4.9067412e-08
4.847394e-08
5.1120789e-08
0
0
0
0
0
0
0
0
5.3245371e-08
5.3778514e-08
0
0
0
0
0
0
0
0
0
6.0104944e-08
1.3352422e-08
1.4748598e-08
1.5981419e-08
1.6593643e-08
1.7044451e-08
1.7428203e-08
1.7749991e-08
1.8041845e-08
1.8333882e-08
1.8729834e-08
0
2.4505476e-08
2.4685726e-08
2.6070855e-08
2.7093764e-08
2.7964803e-08
2.8695226e-08
2.9357716e-08
3.0020634e-08
3.0919473e-08
0
0
3.0904608e-08
3.0327001e-08
3.1792696e-08
3.3044059e-08
3.4093876e-08
3.5046094e-08
3.5998939e-08
3.7290906e-08
0
0
0
3.5222779e-08
3.4479963e-08
3.602384e-08
3.732156e-08
3.8498954e-08
3.9677157e-08
4.12747e-08
0
0
0
0
3.9112961e-08
3.8399299e-08
3.9942087e-08
4.1343763e-08
4.2746671e-08
4.4648926e-08
0
0
0
0
0
4.3044811e-08
4.2308684e-08
4.3953601e-08
4.5601666e-08
4.7836566e-08
0
0
0
0
0
0
4.6904904e-08
4.6263112e-08
4.8170729e-08
5.0759293e-08
0
0
0
0
0
0
0
5.0963132e-08
5.0619846e-08
5.3607772e-08
0
0
0
0
0
0
0
0
5.5691253e-08
5.663963e-08
0
0
0
0
0
0
0
0
0
6.3509248e-08
1.2334424e-08
1.3682239e-08
1.4923349e-08
1.5539968e-08
1.599402e-08
1.6380535e-08
1.670464e-08
1.6998597e-08
1.729274e-08
1.7691551e-08
0
2.3583544e-08
2.3893966e-08
2.5349158e-08
2.6424126e-08
2.7339526e-08
2.8107153e-08
2.8803388e-08
2.9500077e-08
3.0444711e-08
0
0
3.0348613e-08
2.9908213e-08
3.1478383e-08
3.281928e-08
3.394426e-08
3.4964659e-08
3.5985735e-08
3.7370223e-08
0
0
0
3.4991527e-08
3.4396374e-08
3.606848e-08
3.7474253e-08
3.8749717e-08
4.0026063e-08
4.1756688e-08
0
0
0
0
3.9217981e-08
3.8671864e-08
4.0357303e-08
4.1888781e-08
4.3421632e-08
4.5500095e-08
0
0
0
0
0
4.3525714e-08
4.2970423e-08
4.4781154e-08
4.6595516e-08
4.9055956e-08
0
0
0
0
0
0
4.7786109e-08
4.734876e-08
4.9462707e-08
5.2331412e-08
0
0
0
0
0
0
0
5.2294824e-08
5.220361e-08
5.5535443e-08
0
0
0
0
0
0
0
0
5.7582053e-08
5.8956519e-08
0
0
0
0
0
0
0
0
0
6.6395325e-08
1.1348759e-08
1.255138e-08
1.3769985e-08
1.4375754e-08
1.4821825e-08
1.5201547e-08
1.5519957e-08
1.5808749e-08
1.6097725e-08
1.6489533e-08
0
2.2419558e-08
2.2800962e-08
2.4296965e-08
2.5402475e-08
2.6343921e-08
2.7133396e-08
2.7849448e-08
2.8565969e-08
2.9537498e-08
0
0
2.9421892e-08
2.9084806e-08
3.0734681e-08
3.214407e-08
3.3326575e-08
3.4399158e-08
3.5472456e-08
3.6927758e-08
0
0
0
3.43202e-08
3.3847196e-08
3.5626004e-08
3.7121825e-08
3.8479034e-08
3.9837188e-08
4.1678747e-08
0
0
0
0
3.8832007e-08
3.8432385e-08
4.0243024e-08
4.1888516e-08
4.353552e-08
4.5768778e-08
0
0
0
0
0
4.3474588e-08
4.3083969e-08
4.5046045e-08
4.7012267e-08
4.9678677e-08
0
0
0
0
0
0
4.8104726e-08
4.7859356e-08
5.0167367e-08
5.3299624e-08
0
0
0
0
0
0
0
5.3041577e-08
5.3193253e-08
5.6856812e-08
0
0
0
0
0
0
0
0
5.8873801e-08
6.0668958e-08
0
0
0
0
0
0
0
0
0
6.8685148e-08
1.0138758e-08
1.1083232e-08
1.2242567e-08
1.2819264e-08
1.3243938e-08
1.3605445e-08
1.3908583e-08
1.4183525e-08
1.4458642e-08
1.4831663e-08
0
2.0700468e-08
2.1074675e-08
2.2572493e-08
2.3679828e-08
2.4622878e-08
2.5413703e-08
2.6130982e-08
2.6848732e-08
2.7821934e-08
0
0
2.7764404e-08
2.7481743e-08
2.9175367e-08
3.0622661e-08
3.1837046e-08
3.2938555e-08
3.40408e-08
3.5535359e-08
0
0
0
3.2815362e-08
3.2425062e-08
3.4277104e-08
3.583494e-08
3.7248473e-08
3.8662998e-08
4.0581e-08
0
0
0
0
3.7531407e-08
3.7243167e-08
3.9149705e-08
4.0882669e-08
4.2617271e-08
4.4969321e-08
0
0
0
0
0
4.243767e-08
4.2181941e-08
4.4268505e-08
4.6359749e-08
4.9195744e-08
0
0
0
0
0
0
4.7378131e-08
4.7298357e-08
4.977421e-08
5.3134506e-08
0
0
0
0
0
0
0
5.2691436e-08
5.3061323e-08
5.7023397e-08
0
0
0
0
0
0
0
0
5.9021909e-08
6.1209055e-08
0
0
0
0
0
0
0
0
0
6.9784305e-08
8.9640597e-09
9.5677903e-09
1.0636634e-08
1.1168751e-08
1.1560609e-08
1.1894183e-08
1.2173897e-08
1.2427595e-08
1.2681456e-08
1.3025658e-08
0
1.8732669e-08
1.9015653e-08
2.0472914e-08
2.1550844e-08
2.2468911e-08
2.323879e-08
2.3937073e-08
2.4635818e-08
2.5583253e-08
0
0
2.5660782e-08
2.5374192e-08
2.7068419e-08
2.8516877e-08
2.9732333e-08
3.0834822e-08
3.1938051e-08
3.3433951e-08
0
0
0
3.0738519e-08
3.0380844e-08
3.2263467e-08
3.3847559e-08
3.5284982e-08
3.6723423e-08
3.8673861e-08
0
0
0
0
3.5553382e-08
3.5329427e-08
3.7292422e-08
3.9077101e-08
4.0863523e-08
4.3285851e-08
0
0
0
0
0
4.0625483e-08
4.0462288e-08
4.2635015e-08
4.4812952e-08
4.7766564e-08
0
0
0
0
0
0
4.5789415e-08
4.5835192e-08
4.8438944e-08
5.1973153e-08
0
0
0
0
0
0
0
5.1397987e-08
5.1945392e-08
5.6151006e-08
0
0
0
0
0
0
0
0
5.8145422e-08
6.0670535e-08
0
0
0
0
0
0
0
0
0
6.9755866e-08
7.9086604e-09
8.1247104e-09
9.0802412e-09
9.5563945e-09
9.9070523e-09
1.0205555e-08
1.0455862e-08
1.0682887e-08
1.0910059e-08
1.1218075e-08
0
1.6671659e-08
1.6780405e-08
1.8154635e-08
1.9171807e-08
2.0038195e-08
2.0764744e-08
2.1423727e-08
2.2083147e-08
2.2977265e-08
0
0
2.3258611e-08
2.2903247e-08
2.454985e-08
2.5958357e-08
2.7140401e-08
2.8212593e-08
2.9285508e-08
3.0740309e-08
0
0
0
2.8219531e-08
2.783532e-08
2.969795e-08
3.1265857e-08
3.2688676e-08
3.4112512e-08
3.6043153e-08
0
0
0
0
3.3005971e-08
3.2787853e-08
3.4758201e-08
3.6550049e-08
3.8343715e-08
4.0775878e-08
0
0
0
0
0
3.8119947e-08
3.7994158e-08
4.0203034e-08
4.2417622e-08
4.5420998e-08
0
0
0
0
0
0
4.3391956e-08
4.3508644e-08
4.6185665e-08
4.9819723e-08
0
0
0
0
0
0
0
4.9182448e-08
4.9848832e-08
5.4218723e-08
0
0
0
0
0
0
0
0
5.6226316e-08
5.9005992e-08
0
0
0
0
0
0
0
0
0
6.8515095e-08
6.9078948e-09
6.7118911e-09
7.5386892e-09
7.9511207e-09
8.2548647e-09
8.5134319e-09
8.7302514e-09
8.9269047e-09
9.1236852e-09
9.3904956e-09
0
1.4516045e-08
1.4374885e-08
1.562656e-08
1.6553739e-08
1.734355e-08
1.800589e-08
1.8606636e-08
1.9207782e-08
2.0022887e-08
0
0
2.0563669e-08
2.0072147e-08
2.162064e-08
2.2946095e-08
2.405857e-08
2.506767e-08
2.6077453e-08
2.7446656e-08
0
0
0
2.5254402e-08
2.4778121e-08
2.65645e-08
2.8068966e-08
2.9434312e-08
3.0800642e-08
3.2653316e-08
0
0
0
0
2.9868448e-08
2.9588211e-08
3.1508637e-08
3.3255662e-08
3.500454e-08
3.7375983e-08
0
0
0
0
0
3.4877379e-08
3.4722041e-08
3.6906177e-08
3.9096463e-08
4.2066952e-08
0
0
0
0
0
0
4.0114792e-08
4.0233307e-08
4.2914378e-08
4.655442e-08
0
0
0
0
0
0
0
4.5941232e-08
4.6649442e-08
5.1078974e-08
0
0
0
0
0
0
0
0
5.3119136e-08
5.6037838e-08
0
0
0
0
0
0
0
0
0
6.5841361e-08
6.0735997e-09
5.489863e-09
6.1881913e-09
6.5368809e-09
6.7936926e-09
7.0123086e-09
7.1956275e-09
7.3618963e-09
7.5282727e-09
7.7538596e-09
0
1.2517323e-08
1.2078106e-08
1.3180697e-08
1.3998156e-08
1.4694581e-08
1.5278614e-08
1.5808336e-08
1.6338412e-08
1.7057154e-08
0
0
1.7881144e-08
1.7196573e-08
1.8603747e-08
1.9809168e-08
2.0821037e-08
2.1738893e-08
2.2657372e-08
2.3902776e-08
0
0
0
2.2165896e-08
2.1535985e-08
2.3192918e-08
2.4589193e-08
2.5856459e-08
2.712465e-08
2.8844257e-08
0
0
0
0
2.6467929e-08
2.6057066e-08
2.7869572e-08
2.9519078e-08
3.1170427e-08
3.3409634e-08
0
0
0
0
0
3.1219823e-08
3.096347e-08
3.3057685e-08
3.5158381e-08
3.8007445e-08
0
0
0
0
0
0
3.6267018e-08
3.631003e-08
3.8917503e-08
4.2458195e-08
0
0
0
0
0
0
0
4.1962669e-08
4.2622438e-08
4.6988989e-08
0
0
0
0
0
0
0
0
4.9080409e-08
5.1996377e-08
0
0
0
0
0
0
0
0
0
6.1924918e-08
5.3441068e-09
4.408948e-09
4.9869368e-09
5.2757628e-09
5.4884942e-09
5.6695866e-09
5.8214403e-09
5.9591706e-09
6.0969903e-09
6.283858e-09
0
1.0687363e-08
9.9317867e-09
1.0873259e-08
1.157189e-08
1.2167154e-08
1.2666358e-08
1.3119141e-08
1.3572227e-08
1.4186577e-08
0
0
1.5290548e-08
1.4373118e-08
1.5607919e-08
1.6666589e-08
1.7555414e-08
1.836167e-08
1.9168475e-08
2.0262458e-08
0
0
0
1.9067127e-08
1.8232956e-08
1.9716199e-08
2.0966961e-08
2.2102274e-08
2.3238427e-08
2.4778998e-08
0
0
0
0
2.2937231e-08
2.2333723e-08
2.3985445e-08
2.5489337e-08
2.6995008e-08
2.9036691e-08
0
0
0
0
0
2.7289935e-08
2.686304e-08
2.880366e-08
3.0750933e-08
3.3392006e-08
0
0
0
0
0
0
3.1991555e-08
3.1879472e-08
3.4333198e-08
3.7665769e-08
0
0
0
0
0
0
0
3.7380844e-08
3.7894548e-08
4.2065256e-08
0
0
0
0
0
0
0
0
4.4223468e-08
4.6975573e-08
0
0
0
0
0
0
0
0
0
5.6824259e-08
4.7559874e-09
3.5200088e-09
3.9932672e-09
4.2298615e-09
4.404128e-09
4.5524765e-09
4.6768732e-09
4.7897003e-09
4.9026008e-09
5.055681e-09
0
9.1358028e-09
8.0809293e-09
8.8671952e-09
9.4510896e-09
9.9486496e-09
1.0365922e-08
1.0744393e-08
1.1123117e-08
1.1636639e-08
0
0
1.2990978e-08
1.1828198e-08
1.2879467e-08
1.3781542e-08
1.4539021e-08
1.5226144e-08
1.5913737e-08
1.6846074e-08
0
0
0
1.6215929e-08
1.5149215e-08
1.6433254e-08
1.7516819e-08
1.8500476e-08
1.9484871e-08
2.0819669e-08
0
0
0
0
1.9579716e-08
1.8740388e-08
2.0193959e-08
2.1518132e-08
2.2843972e-08
2.4641815e-08
0
0
0
0
0
2.3427851e-08
2.2775019e-08
2.4510906e-08
2.6253415e-08
2.8616858e-08
0
0
0
0
0
0
2.7654644e-08
2.7317885e-08
2.9547457e-08
3.2576286e-08
0
0
0
0
0
0
0
3.2578686e-08
3.2854446e-08
3.6703903e-08
0
0
0
0
0
0
0
0
3.893727e-08
4.1363231e-08
0
0
0
0
0
0
0
0
0
5.0909528e-08
4.2505516e-09
2.7490334e-09
3.130569e-09
3.3213681e-09
3.4619063e-09
3.5815432e-09
3.681864e-09
3.7728544e-09
3.8639042e-09
3.9873576e-09
0
7.7868771e-09
6.4676437e-09
7.1148446e-09
7.5956831e-09
8.0054583e-09
8.3491152e-09
8.660816e-09
8.9727255e-09
9.3956527e-09
0
0
1.0966668e-08
9.5707891e-09
1.0445828e-08
1.1197182e-08
1.1828189e-08
1.2400596e-08
1.2973395e-08
1.375008e-08
0
0
0
1.3655194e-08
1.2353e-08
1.3433826e-08
1.4346502e-08
1.5175117e-08
1.6004362e-08
1.7128784e-08
0
0
0
0
1.6493944e-08
1.5401089e-08
1.6640301e-08
1.776979e-08
1.8900793e-08
2.0434443e-08
0
0
0
0
0
1.9785845e-08
1.8874714e-08
2.0375387e-08
2.1882401e-08
2.3926517e-08
0
0
0
0
0
0
2.3455367e-08
2.2845146e-08
2.4800683e-08
2.7457925e-08
0
0
0
0
0
0
0
2.7795969e-08
2.7760849e-08
3.1188963e-08
0
0
0
0
0
0
0
0
3.3496294e-08
3.5453463e-08
0
0
0
0
0
0
0
0
0
4.4481016e-08
3.8613077e-09
2.1323418e-09
2.4343657e-09
2.5854932e-09
2.6968122e-09
2.7915756e-09
2.8710389e-09
2.9431117e-09
3.0152316e-09
3.1130184e-09
0
6.6682404e-09
5.1229298e-09
5.6507537e-09
6.0429714e-09
6.3772365e-09
6.6575687e-09
6.9118336e-09
7.166269e-09
7.5112657e-09
0
0
9.2703299e-09
7.671055e-09
8.3909137e-09
9.0092263e-09
9.5285469e-09
9.9996446e-09
1.0471065e-08
1.1110287e-08
0
0
0
1.1484378e-08
9.9674913e-09
1.0861652e-08
1.1617029e-08
1.2302888e-08
1.2989273e-08
1.3919985e-08
0
0
0
0
1.3835695e-08
1.2500125e-08
1.3532777e-08
1.4474389e-08
1.5417328e-08
1.6695968e-08
0
0
0
0
0
1.6583951e-08
1.5412228e-08
1.6674406e-08
1.7942385e-08
1.9662341e-08
0
0
0
0
0
0
1.9678816e-08
1.8777752e-08
2.0440625e-08
2.2700762e-08
0
0
0
0
0
0
0
2.3383818e-08
2.2998835e-08
2.5951245e-08
0
0
0
0
0
0
0
0
2.8320985e-08
2.9713077e-08
0
0
0
0
0
0
0
0
0
3.8046973e-08
3.5575469e-09
1.6389159e-09
1.8722228e-09
1.9890979e-09
2.0751903e-09
2.1484788e-09
2.2099346e-09
2.2656746e-09
2.3214511e-09
2.397078e-09
0
5.7325722e-09
3.9869103e-09
4.4099391e-09
4.724385e-09
4.9923783e-09
5.2171326e-09
5.4209877e-09
5.6249796e-09
5.9015789e-09
0
0
7.829871e-09
6.0566488e-09
6.643499e-09
7.1476265e-09
7.5710573e-09
7.9551712e-09
8.3395489e-09
8.8607455e-09
0
0
0
9.6392885e-09
7.9380957e-09
8.6711754e-09
9.2905705e-09
9.8529821e-09
1.0415829e-08
1.1179028e-08
0
0
0
0
1.1569441e-08
1.0020403e-08
1.0870302e-08
1.1645438e-08
1.2421699e-08
1.3474324e-08
0
0
0
0
0
1.3833494e-08
1.2424073e-08
1.3467585e-08
1.4516146e-08
1.5938514e-08
0
0
0
0
0
0
1.6395504e-08
1.5217688e-08
1.6600853e-08
1.8481189e-08
0
0
0
0
0
0
0
1.9483727e-08
1.8749556e-08
2.1225594e-08
0
0
0
0
0
0
0
0
2.3640013e-08
2.4434485e-08
0
0
0
0
0
0
0
0
0
3.1973467e-08
3.324691e-09
1.2578583e-09
1.435322e-09
1.5243051e-09
1.5898555e-09
1.6456573e-09
1.6924496e-09
1.73489e-09
1.7773581e-09
1.8349402e-09
0
4.9811077e-09
3.0555722e-09
3.3848926e-09
3.6299075e-09
3.8387465e-09
4.0138921e-09
4.1727516e-09
4.3317179e-09
4.5472655e-09
0
0
6.6214202e-09
4.693356e-09
5.1626044e-09
5.5658648e-09
5.904593e-09
6.2118707e-09
6.5193597e-09
6.9362996e-09
0
0
0
8.0744559e-09
6.2139678e-09
6.8079835e-09
7.3099464e-09
7.765738e-09
8.2218837e-09
8.8404004e-09
0
0
0
0
9.6434035e-09
7.9122531e-09
8.6058831e-09
9.2385393e-09
9.8721225e-09
1.0731277e-08
0
0
0
0
0
1.1494835e-08
9.8815616e-09
1.0736849e-08
1.1596347e-08
1.2762268e-08
0
0
0
0
0
0
1.3597203e-08
1.2177174e-08
1.331455e-08
1.4860901e-08
0
0
0
0
0
0
0
1.6139298e-08
1.5089509e-08
1.713349e-08
0
0
0
0
0
0
0
0
1.9576531e-08
1.9805385e-08
0
0
0
0
0
0
0
0
0
2.6540975e-08
3.1486518e-09
9.7014569e-10
1.1052178e-09
1.1729344e-09
1.2228203e-09
1.2652873e-09
1.3008978e-09
1.3331964e-09
1.365516e-09
1.4093378e-09
0
4.4085685e-09
2.3341337e-09
2.5843171e-09
2.7706653e-09
2.9295261e-09
3.0627592e-09
3.1836035e-09
3.3045289e-09
3.4684958e-09
0
0
5.6548111e-09
3.5866595e-09
3.9498864e-09
4.2623628e-09
4.52488e-09
4.763026e-09
5.0013359e-09
5.3244726e-09
0
0
0
6.782806e-09
4.7779639e-09
5.2466872e-09
5.6430014e-09
6.0028863e-09
6.3630525e-09
6.8514251e-09
0
0
0
0
8.0263941e-09
6.1339592e-09
6.6897188e-09
7.1967334e-09
7.7045033e-09
8.3930529e-09
0
0
0
0
0
9.5160562e-09
7.726588e-09
8.4193004e-09
9.1154743e-09
1.005985e-08
0
0
0
0
0
0
1.122412e-08
9.5974322e-09
1.0524796e-08
1.1785657e-08
0
0
0
0
0
0
0
1.330119e-08
1.1981565e-08
1.365528e-08
0
0
0
0
0
0
0
0
1.612009e-08
1.5855396e-08
0
0
0
0
0
0
0
0
0
2.1860037e-08
3.0153743e-09
7.519366e-10
8.5492203e-10
9.0654214e-10
9.445692e-10
9.7694097e-10
1.0040862e-09
1.0287067e-09
1.0533432e-09
1.0867477e-09
0
3.9759982e-09
1.7900289e-09
1.9796291e-09
2.1208606e-09
2.2412703e-09
2.3422567e-09
2.433853e-09
2.5255107e-09
2.6497924e-09
0
0
4.919491e-09
2.7356543e-09
3.0101126e-09
3.246458e-09
3.4450624e-09
3.6252333e-09
3.8055283e-09
4.0499996e-09
0
0
0
5.7709107e-09
3.6380275e-09
3.9954573e-09
4.2979839e-09
4.5727444e-09
4.8477231e-09
5.2205846e-09
0
0
0
0
6.7209537e-09
4.6813919e-09
5.1118424e-09
5.5047945e-09
5.8983643e-09
6.432058e-09
0
0
0
0
0
7.8793073e-09
5.9296631e-09
6.4752001e-09
7.0236475e-09
7.7676489e-09
0
0
0
0
0
0
9.2310382e-09
7.4203003e-09
8.1611488e-09
9.1685394e-09
0
0
0
0
0
0
0
1.0898141e-08
9.3439118e-09
1.0695929e-08
0
0
0
0
0
0
0
0
1.3184627e-08
1.2497962e-08
0
0
0
0
0
0
0
0
0
1.7878071e-08
2.914169e-09
5.8711053e-10
6.6569974e-10
7.0509779e-10
7.3412114e-10
7.5882817e-10
7.7954611e-10
7.9833715e-10
8.1714041e-10
8.4263551e-10
0
3.6468839e-09
1.3761285e-09
1.5202391e-09
1.6275401e-09
1.7190151e-09
1.7957341e-09
1.8653194e-09
1.9349513e-09
2.0293675e-09
0
0
4.3643687e-09
2.0951292e-09
2.303046e-09
2.482033e-09
2.6324413e-09
2.7688909e-09
2.9054347e-09
3.0905813e-09
0
0
0
5.0091032e-09
2.7761442e-09
3.0453574e-09
3.2733029e-09
3.480351e-09
3.6875661e-09
3.9685427e-09
0
0
0
0
5.7235083e-09
3.5603101e-09
3.8846979e-09
4.1810293e-09
4.4778614e-09
4.8803781e-09
0
0
0
0
0
6.59618e-09
4.5041152e-09
4.9187045e-09
5.3357607e-09
5.9015559e-09
0
0
0
0
0
0
7.6259135e-09
5.647057e-09
6.2179558e-09
6.994516e-09
0
0
0
0
0
0
0
8.9166457e-09
7.1480218e-09
8.2068983e-09
0
0
0
0
0
0
0
0
1.0719566e-08
9.6553886e-09
0
0
0
0
0
0
0
0
0
1.449456e-08
2.8362883e-09
4.6210066e-10
5.2262752e-10
5.5295403e-10
5.7529467e-10
5.9431283e-10
6.102604e-10
6.2472473e-10
6.3919846e-10
6.5882316e-10
0
3.3996645e-09
1.0635899e-09
1.1725632e-09
1.253738e-09
1.3229417e-09
1.3809817e-09
1.4336248e-09
1.4863032e-09
1.5577314e-09
0
0
3.9410771e-09
1.606426e-09
1.7640182e-09
1.8996584e-09
2.0136297e-09
2.1170226e-09
2.2204869e-09
2.3607793e-09
0
0
0
4.4301597e-09
2.1238658e-09
2.3281991e-09
2.5011181e-09
2.6581738e-09
2.8153559e-09
3.0284894e-09
0
0
0
0
4.9727537e-09
2.7182013e-09
2.9632612e-09
3.1870831e-09
3.4112855e-09
3.7153143e-09
0
0
0
0
0
5.6312571e-09
3.4281792e-09
3.7396558e-09
4.0530508e-09
4.4782323e-09
0
0
0
0
0
0
6.4035176e-09
4.2846644e-09
4.7132843e-09
5.2965026e-09
0
0
0
0
0
0
0
7.372429e-09
5.4148003e-09
6.2150459e-09
0
0
0
0
0
0
0
0
8.7401136e-09
7.3313783e-09
0
0
0
0
0
0
0
0
0
1.1673356e-08
2.7756077e-09
3.6628005e-10
4.1342697e-10
4.3703798e-10
4.5443087e-10
4.6923709e-10
4.8165275e-10
4.9291366e-10
5.0418187e-10
5.1946025e-10
0
3.2137285e-09
8.2987965e-10
9.1287457e-10
9.7466961e-10
1.0273519e-09
1.0715359e-09
1.1116115e-09
1.1517139e-09
1.2060899e-09
0
0
3.6249323e-09
1.2398073e-09
1.3583656e-09
1.4604577e-09
1.5462498e-09
1.6240794e-09
1.7019626e-09
1.8075683e-09
0
0
0
3.9920372e-09
1.6279346e-09
1.7816669e-09
1.9118165e-09
2.0300271e-09
2.1483323e-09
2.30875e-09
0
0
0
0
4.4001972e-09
2.0762702e-09
2.2615541e-09
2.4307535e-09
2.6002316e-09
2.8300508e-09
0
0
0
0
0
4.8988289e-09
2.6146433e-09
2.8505599e-09
3.0878514e-09
3.4097743e-09
0
0
0
0
0
0
5.4841196e-09
3.2626435e-09
3.5860705e-09
4.0260974e-09
0
0
0
0
0
0
0
6.2141934e-09
4.1115117e-09
4.7118128e-09
0
0
0
0
0
0
0
0
7.2377521e-09
5.5442519e-09
0
0
0
0
0
0
0
0
0
9.4413064e-09
2.7273684e-09
2.9148639e-10
3.2863422e-10
3.4722615e-10
3.6092144e-10
3.7257995e-10
3.8235611e-10
3.9122301e-10
4.0009566e-10
4.1212593e-10
0
3.07193e-09
6.52712e-10
7.1657179e-10
7.6410265e-10
8.0462061e-10
8.3860215e-10
8.6942385e-10
9.0026619e-10
9.4208616e-10
0
0
3.3873104e-09
9.6560011e-10
1.0557039e-09
1.1332404e-09
1.198391e-09
1.2574949e-09
1.3166394e-09
1.3968363e-09
0
0
0
3.6659136e-09
1.2588731e-09
1.3745613e-09
1.4724885e-09
1.5614367e-09
1.6504566e-09
1.7711644e-09
0
0
0
0
3.9723815e-09
1.5942316e-09
1.732763e-09
1.8593196e-09
1.9860928e-09
2.1580026e-09
0
0
0
0
0
4.3444098e-09
1.9959394e-09
2.1724837e-09
2.3501077e-09
2.5910844e-09
0
0
0
0
0
0
4.7825286e-09
2.4824314e-09
2.7257879e-09
3.0568641e-09
0
0
0
0
0
0
0
5.33297e-09
3.1237775e-09
3.5770883e-09
0
0
0
0
0
0
0
0
6.1065252e-09
4.2047493e-09
0
0
0
0
0
0
0
0
0
7.7587841e-09
2.68839e-09
2.3202006e-10
2.6158114e-10
2.7636765e-10
2.8725942e-10
2.9653133e-10
3.0430623e-10
3.11358e-10
3.1841435e-10
3.2798191e-10
0
2.9621425e-09
5.1682185e-10
5.6653718e-10
6.0351928e-10
6.3504305e-10
6.6148122e-10
6.8546098e-10
7.0945677e-10
7.419933e-10
0
0
3.206859e-09
7.5800356e-10
8.2705581e-10
8.8646457e-10
9.3638029e-10
9.8166268e-10
1.0269762e-09
1.0884189e-09
0
0
0
3.4198459e-09
9.8136914e-10
1.0693433e-09
1.1437849e-09
1.2113942e-09
1.2790575e-09
1.3708062e-09
0
0
0
0
3.6524897e-09
1.2353148e-09
1.3399691e-09
1.4355299e-09
1.5312491e-09
1.6610483e-09
0
0
0
0
0
3.9331407e-09
1.5371499e-09
1.669366e-09
1.8023756e-09
1.9828281e-09
0
0
0
0
0
0
4.260417e-09
1.8991538e-09
2.080121e-09
2.3263692e-09
0
0
0
0
0
0
0
4.668769e-09
2.3747462e-09
2.7116655e-09
0
0
0
0
0
0
0
0
5.2442252e-09
3.1818986e-09
0
0
0
0
0
0
0
0
0
6.4854612e-09
2.6565221e-09
1.839379e-10
2.0760686e-10
2.1944067e-10
2.2815725e-10
2.3557746e-10
2.4179963e-10
2.4744309e-10
2.5309021e-10
2.6074704e-10
0
2.8754572e-09
4.1059358e-10
4.4975724e-10
4.788749e-10
5.0369293e-10
5.2450694e-10
5.4338549e-10
5.6227667e-10
5.8789171e-10
0
0
3.0676926e-09
5.989065e-10
6.5249472e-10
6.9857126e-10
7.3728043e-10
7.7239618e-10
8.0753605e-10
8.551838e-10
0
0
0
3.2326201e-09
7.7102504e-10
8.3854675e-10
8.9565831e-10
9.4752639e-10
9.9943571e-10
1.0698227e-09
0
0
0
0
3.410739e-09
9.6456397e-10
1.0441387e-09
1.1167942e-09
1.1895687e-09
1.2882536e-09
0
0
0
0
0
3.6235774e-09
1.1927966e-09
1.2927134e-09
1.3932125e-09
1.5295532e-09
0
0
0
0
0
0
3.8704847e-09
1.4653895e-09
1.6014603e-09
1.7865675e-09
0
0
0
0
0
0
0
4.1770673e-09
1.8211669e-09
2.0725327e-09
0
0
0
0
0
0
0
0
4.6048336e-09
2.418318e-09
0
0
0
0
0
0
0
0
0
5.5206643e-09
2.6303512e-09
1.4462205e-10
1.6359643e-10
1.7308038e-10
1.8006595e-10
1.8601259e-10
1.9099911e-10
1.9552185e-10
2.0004752e-10
2.0618381e-10
0
2.8057668e-09
3.2597253e-10
3.5711358e-10
3.8025506e-10
3.9997784e-10
4.165185e-10
4.3152108e-10
4.4653368e-10
4.6688965e-10
0
0
2.9583384e-09
4.7469015e-10
5.1676443e-10
5.5292158e-10
5.8329429e-10
6.1084716e-10
6.3841892e-10
6.7580472e-10
0
0
0
3.0875823e-09
6.0893826e-10
6.6141149e-10
7.0577584e-10
7.4606384e-10
7.8638352e-10
8.4105537e-10
0
0
0
0
3.2256762e-09
7.5835232e-10
8.1961427e-10
8.7552637e-10
9.3152636e-10
1.0074641e-09
0
0
0
0
0
3.3891373e-09
9.3288472e-10
1.009069e-09
1.0856764e-09
1.1896034e-09
0
0
0
0
0
0
3.5768827e-09
1.1392339e-09
1.242033e-09
1.381875e-09
0
0
0
0
0
0
0
3.8077867e-09
1.4063428e-09
1.5950094e-09
0
0
0
0
0
0
0
0
4.1281572e-09
1.8526861e-09
0
0
0
0
0
0
0
0
0
4.8086533e-09
2.6089263e-09
1.1234604e-10
1.2749338e-10
1.3506385e-10
1.4063996e-10
1.4538675e-10
1.4936715e-10
1.5297735e-10
1.5658989e-10
1.6148809e-10
0
2.7489804e-09
2.5747752e-10
2.8236436e-10
3.008513e-10
3.166062e-10
3.2981906e-10
3.4180327e-10
3.5379551e-10
3.700561e-10
0
0
2.8708327e-09
3.7588549e-10
4.0923278e-10
4.3787652e-10
4.6193532e-10
4.8376023e-10
5.0560009e-10
5.3521375e-10
0
0
0
2.9731381e-09
4.8175192e-10
5.229911e-10
5.5784109e-10
5.8948644e-10
6.2115645e-10
6.6409968e-10
0
0
0
0
3.0814574e-09
5.9847539e-10
6.4618791e-10
6.8971802e-10
7.3331434e-10
7.9243212e-10
0
0
0
0
0
3.2084652e-09
7.3349725e-10
7.9227895e-10
8.5137287e-10
9.3153837e-10
0
0
0
0
0
0
3.3529269e-09
8.9162948e-10
9.7024921e-10
1.0771773e-09
0
0
0
0
0
0
0
3.5290122e-09
1.0944707e-09
1.2374295e-09
0
0
0
0
0
0
0
0
3.7708019e-09
1.4294797e-09
0
0
0
0
0
0
0
0
0
4.2776238e-09
2.5915676e-09
8.5952611e-11
9.793189e-11
1.039198e-10
1.0833024e-10
1.1208474e-10
1.1523306e-10
1.1808856e-10
1.2094593e-10
1.2482021e-10
0
2.7024189e-09
2.0149325e-10
2.2137708e-10
2.3614444e-10
2.4872895e-10
2.5928289e-10
2.6885545e-10
2.7843441e-10
2.9142279e-10
0
0
2.7998408e-09
2.9608366e-10
3.2265088e-10
3.4546249e-10
3.646211e-10
3.8200065e-10
3.993921e-10
4.2297397e-10
0
0
0
2.8813084e-09
3.8018487e-10
4.128582e-10
4.4045853e-10
4.6551917e-10
4.9059917e-10
5.2460662e-10
0
0
0
0
2.9670205e-09
4.7225731e-10
5.0979412e-10
5.4402903e-10
5.7831414e-10
6.2480551e-10
0
0
0
0
0
3.0667577e-09
5.7789629e-10
6.2376842e-10
6.6987076e-10
7.3241015e-10
0
0
0
0
0
0
3.1792246e-09
7.0051151e-10
7.6132527e-10
8.4401954e-10
0
0
0
0
0
0
0
3.3150265e-09
8.5623272e-10
9.6574591e-10
0
0
0
0
0
0
0
0
3.4994869e-09
1.1104956e-09
0
0
0
0
0
0
0
0
0
3.8806899e-09
2.577731e-09
6.4607764e-11
7.3950711e-11
7.8622423e-11
8.2063446e-11
8.4992705e-11
8.7449021e-11
8.967689e-11
9.1906213e-11
9.4928938e-11
0
2.66431e-09
1.5564689e-10
1.7144294e-10
1.8317399e-10
1.9317083e-10
2.0155463e-10
2.0915883e-10
2.1676813e-10
2.270858e-10
0
0
2.7418509e-09
2.310473e-10
2.5221159e-10
2.7038016e-10
2.8563842e-10
2.9947973e-10
3.1333052e-10
3.3211144e-10
0
0
0
2.8067772e-09
2.980217e-10
3.239992e-10
3.4593711e-10
3.6585533e-10
3.8578885e-10
4.1281788e-10
0
0
0
0
2.8748955e-09
3.7106101e-10
4.007798e-10
4.2787686e-10
4.5501238e-10
4.9180865e-10
0
0
0
0
0
2.9537754e-09
4.5438631e-10
4.9049036e-10
5.267662e-10
5.759742e-10
0
0
0
0
0
0
3.0421381e-09
5.5040314e-10
5.9792004e-10
6.6252148e-10
0
0
0
0
0
0
0
3.147983e-09
6.7128235e-10
7.5611563e-10
0
0
0
0
0
0
0
0
3.2903329e-09
8.6646619e-10
0
0
0
0
0
0
0
0
0
3.5799835e-09
2.5669286e-09
4.7635882e-11
5.4796036e-11
5.8378207e-11
6.1016763e-11
6.3262905e-11
6.5146398e-11
6.685472e-11
6.856416e-11
7.0881984e-11
0
2.63341e-09
1.1832476e-10
1.3073903e-10
1.399599e-10
1.4781772e-10
1.5440765e-10
1.6038479e-10
1.6636594e-10
1.7447597e-10
0
0
2.6945294e-09
1.7797441e-10
1.9474274e-10
2.0913694e-10
2.2122517e-10
2.321908e-10
2.4316394e-10
2.5804295e-10
0
0
0
2.746033e-09
2.311519e-10
2.5176917e-10
2.691778e-10
2.8498321e-10
3.0080072e-10
3.2224862e-10
0
0
0
0
2.8001202e-09
2.8912579e-10
3.1268863e-10
3.3416872e-10
3.5567858e-10
3.8484629e-10
0
0
0
0
0
2.8626487e-09
3.5508994e-10
3.8362791e-10
4.1229593e-10
4.5118309e-10
0
0
0
0
0
0
2.9324298e-09
4.3074917e-10
4.6812597e-10
5.1893339e-10
0
0
0
0
0
0
0
3.0155458e-09
5.2537479e-10
5.9166019e-10
0
0
0
0
0
0
0
0
3.1264304e-09
6.7670977e-10
0
0
0
0
0
0
0
0
0
3.3488677e-09
2.5586919e-09
3.4424852e-11
3.9802783e-11
4.2495221e-11
4.4478476e-11
4.6166777e-11
4.7582496e-11
4.8866551e-11
5.0151447e-11
5.1893638e-11
0
2.6087445e-09
8.8328889e-11
9.793972e-11
1.0508055e-10
1.1116602e-10
1.1626958e-10
1.2089857e-10
1.2553068e-10
1.3181151e-10
0
0
2.6562386e-09
1.3493596e-10
1.4808345e-10
1.5937088e-10
1.6885017e-10
1.7744914e-10
1.8605401e-10
1.9772178e-10
0
0
0
2.6966982e-09
1.7681449e-10
1.9306362e-10
2.0678382e-10
2.1924037e-10
2.3170644e-10
2.4860993e-10
0
0
0
0
2.7393798e-09
2.2261382e-10
2.4122527e-10
2.5819014e-10
2.7517821e-10
2.9821427e-10
0
0
0
0
0
2.7888022e-09
2.7475588e-10
2.9729702e-10
3.1993803e-10
3.5064927e-10
0
0
0
0
0
0
2.8439196e-09
3.3446333e-10
3.6392579e-10
4.0397027e-10
0
0
0
0
0
0
0
2.9093871e-09
4.0885583e-10
4.608938e-10
0
0
0
0
0
0
0
0
2.996262e-09
5.2701336e-10
0
0
0
0
0
0
0
0
0
3.1685607e-09
2.5525668e-09
2.4385026e-11
2.8337742e-11
3.0318334e-11
3.1777298e-11
3.3019284e-11
3.4060749e-11
3.5005356e-11
3.5950584e-11
3.7232221e-11
0
2.5894535e-09
6.4656915e-11
7.1962021e-11
7.7392262e-11
8.2020215e-11
8.5901461e-11
8.9421806e-11
9.294452e-11
9.7721093e-11
0
0
2.6257076e-09
1.0048172e-10
1.1064036e-10
1.1936427e-10
1.2669103e-10
1.333374e-10
1.3998833e-10
1.4900667e-10
0
0
0
2.6570458e-09
1.3304368e-10
1.4570187e-10
1.563914e-10
1.6609655e-10
1.7580912e-10
1.8897899e-10
0
0
0
0
2.6903597e-09
1.6887836e-10
1.8345135e-10
1.967353e-10
2.1003738e-10
2.2807519e-10
0
0
0
0
0
2.7291147e-09
2.0982472e-10
2.275269e-10
2.4530668e-10
2.6942377e-10
0
0
0
0
0
0
2.7724379e-09
2.5677707e-10
2.7993448e-10
3.1140714e-10
0
0
0
0
0
0
0
2.8239073e-09
3.1523247e-10
3.5608653e-10
0
0
0
0
0
0
0
0
2.8920563e-09
4.0773873e-10
0
0
0
0
0
0
0
0
0
3.0262014e-09
2.5481245e-09
1.6945202e-11
1.9786812e-11
2.1212024e-11
2.2261926e-11
2.3155688e-11
2.3905152e-11
2.4584914e-11
2.5265125e-11
2.6187425e-11
0
2.5747174e-09
4.6383855e-11
5.1822888e-11
5.5868449e-11
5.9316574e-11
6.2208379e-11
6.483129e-11
6.7455968e-11
7.1014867e-11
0
0
2.6018328e-09
7.3392945e-11
8.1102753e-11
8.7726547e-11
9.3289945e-11
9.8336738e-11
1.03387e-10
1.1023492e-10
0
0
0
2.6256834e-09
9.829724e-11
1.0800658e-10
1.1620805e-10
1.236545e-10
1.3110666e-10
1.4121153e-10
0
0
0
0
2.6512999e-09
1.2595073e-10
1.3721464e-10
1.4748344e-10
1.5776638e-10
1.7171023e-10
0
0
0
0
0
2.6813183e-09
1.5775042e-10
1.7150971e-10
1.8532978e-10
2.040758e-10
0
0
0
0
0
0
2.7150478e-09
1.9436766e-10
2.1243129e-10
2.3698067e-10
0
0
0
0
0
0
0
2.7552424e-09
2.4005534e-10
2.7197694e-10
0
0
0
0
0
0
0
0
2.8085139e-09
3.1233873e-10
0
0
0
0
0
0
0
0
0
2.9130378e-09
2.5449783e-09
1.1568529e-11
1.3567782e-11
1.4571525e-11
1.5310985e-11
1.5940476e-11
1.6468335e-11
1.6947103e-11
1.7426187e-11
1.807578e-11
0
2.5637409e-09
3.2618605e-11
3.658054e-11
3.9529563e-11
4.2043331e-11
4.4151552e-11
4.6063742e-11
4.7977222e-11
5.0571785e-11
0
0
2.583582e-09
5.2552106e-11
5.8286258e-11
6.321545e-11
6.7355961e-11
7.1112031e-11
7.4870688e-11
7.9967256e-11
0
0
0
2.6013738e-09
7.1236786e-11
7.8548565e-11
8.4727164e-11
9.0337272e-11
9.5951715e-11
1.0356471e-10
0
0
0
0
2.6207198e-09
9.2214979e-11
1.0078002e-10
1.0859004e-10
1.1641105e-10
1.2701648e-10
0
0
0
0
0
2.6436056e-09
1.1654756e-10
1.2709223e-10
1.3768464e-10
1.5205268e-10
0
0
0
0
0
0
2.6695143e-09
1.4475317e-10
1.58679e-10
1.7760551e-10
0
0
0
0
0
0
0
2.7005626e-09
1.8011681e-10
2.0483234e-10
0
0
0
0
0
0
0
0
2.7418733e-09
2.3623467e-10
0
0
0
0
0
0
0
0
0
2.8230192e-09
2.5427516e-09
7.7251496e-12
9.103179e-12
9.7957363e-12
1.0305974e-11
1.0740333e-11
1.1104564e-11
1.1434922e-11
1.1765498e-11
1.221373e-11
0
2.5557188e-09
2.2456167e-11
2.5278816e-11
2.7381517e-11
2.917408e-11
3.0677467e-11
3.2041065e-11
3.3405585e-11
3.5255792e-11
0
0
2.5699152e-09
3.6843843e-11
4.101758e-11
4.4607806e-11
4.7623974e-11
5.0360128e-11
5.3098172e-11
5.6810838e-11
0
0
0
2.5829043e-09
5.0570202e-11
5.5965388e-11
6.0526636e-11
6.4668504e-11
6.8813598e-11
7.4434211e-11
0
0
0
0
2.597223e-09
6.6177165e-11
7.256835e-11
7.8397897e-11
8.4235877e-11
9.2152319e-11
0
0
0
0
0
2.6143509e-09
8.4469259e-11
9.2413535e-11
1.0039521e-10
1.112221e-10
0
0
0
0
0
0
2.633925e-09
1.0585764e-10
1.1643275e-10
1.3080646e-10
0
0
0
0
0
0
0
2.6575648e-09
1.3286669e-10
1.5175906e-10
0
0
0
0
0
0
0
0
2.6892235e-09
1.7598159e-10
0
0
0
0
0
0
0
0
0
2.7517307e-09
2.5412862e-09
5.1221289e-12
6.05535e-12
6.5248088e-12
6.8706992e-12
7.1651527e-12
7.4120666e-12
7.6360178e-12
7.8601171e-12
8.1639759e-12
0
2.5500888e-09
1.5231435e-11
1.7200259e-11
1.8668151e-11
1.9919692e-11
2.0969351e-11
2.1921411e-11
2.2874115e-11
2.4165926e-11
0
0
2.5600292e-09
2.5390518e-11
2.836303e-11
3.0921875e-11
3.3071893e-11
3.5022338e-11
3.6974132e-11
3.9620681e-11
0
0
0
2.5693061e-09
3.5257175e-11
3.9154183e-11
4.2450704e-11
4.5444392e-11
4.8440436e-11
5.2502979e-11
0
0
0
0
2.5796807e-09
4.6628161e-11
5.1301035e-11
5.5564866e-11
5.9835096e-11
6.5625652e-11
0
0
0
0
0
2.5922431e-09
6.0111928e-11
6.5983836e-11
7.1884818e-11
7.9889507e-11
0
0
0
0
0
0
2.6067563e-09
7.6040341e-11
8.3931217e-11
9.4657833e-11
0
0
0
0
0
0
0
2.624451e-09
9.6337316e-11
1.1055366e-10
0
0
0
0
0
0
0
0
2.6483545e-09
1.2901186e-10
0
0
0
0
0
0
0
0
0
2.6959627e-09
2.5403052e-09
3.3569591e-12
3.9791081e-12
4.2923505e-12
4.5231555e-12
4.7196384e-12
4.8843992e-12
5.0338375e-12
5.1833747e-12
5.386134e-12
0
2.5461858e-09
1.0173132e-11
1.1519646e-11
1.2524402e-11
1.3381179e-11
1.4099764e-11
1.4751534e-11
1.5403745e-11
1.6288107e-11
0
0
2.5530068e-09
1.7197934e-11
1.9270546e-11
2.1056131e-11
2.2556675e-11
2.3917956e-11
2.528018e-11
2.7127298e-11
0
0
0
2.5594917e-09
2.4138391e-11
2.6893548e-11
2.9225634e-11
3.1343697e-11
3.3463447e-11
3.6337766e-11
0
0
0
0
2.5668483e-09
3.2247391e-11
3.5592637e-11
3.8646385e-11
4.1704913e-11
4.5852385e-11
0
0
0
0
0
2.5758699e-09
4.1982624e-11
4.6235412e-11
5.0510532e-11
5.6309909e-11
0
0
0
0
0
0
2.586416e-09
5.3613783e-11
5.9389576e-11
6.7242295e-11
0
0
0
0
0
0
0
2.5994127e-09
6.8591099e-11
7.9100068e-11
0
0
0
0
0
0
0
0
2.6171536e-09
9.2955793e-11
0
0
0
0
0
0
0
0
0
2.6529049e-09
