# Fiducial parameters, omega_b = 0.022237, omega_cdm = 0.12, H0 = 67.36, ln10^{10}A_s = 3.044, n_s = 0.9649, tau_reio = 0.0544, M_tot = 0.01, sigma_NL = 7, beta_0^Euclid = 1, beta_1^Euclid = 1, z_reio = 1, Omega_Lambda = 1, YHe = 1, 100*theta_s = 1, A_s = 0, sigma8 = 0
31734.506 32025.364
30270.789 30533.9
28894.31 29132.428
27599.468 27815.085
26380.954 26576.319
25233.756 25410.896
24153.162 24313.901
23134.754 23280.73
22174.399 22307.083
21268.239 21388.95
20412.676 20522.599
19604.364 19704.558
18840.187 18931.605
18117.253 18200.745
17432.873 17509.202
16784.55 16854.4
16169.966 16233.951
15586.97 15645.639
15033.563 15087.411
14507.891 14557.359
14008.23 14053.717
13532.981 13574.843
13080.654 13119.214
12649.867 12685.413
12239.333 12272.127
11847.855 11878.131
11474.318 11502.288
30282.774 30569.537
28886.682 29145.873
27573.746 27808.111
26338.629 26550.653
25176.274 25368.199
24081.906 24255.755
23051.035 23208.627
22079.454 22222.423
21163.223 21293.036
20298.667 20416.64
19482.36 19589.672
18711.111 18808.819
17981.952 18071.003
17292.127 17373.367
16639.072 16713.26
16020.408 16088.225
15433.927 15495.981
14877.576 14934.413
14349.453 14401.56
13847.787 13895.604
13370.936 13414.857
12917.374 12957.752
12485.683 12522.835
12074.543 12108.754
11682.727 11714.255
11309.094 11338.17
10952.58 10979.413
28782.073 29062.099
27455.796 27708.639
26208.465 26436.844
25035.016 25241.393
23930.651 24117.249
22890.84 23059.661
21911.323 22064.169
20988.107 21126.596
20117.454 20243.039
19295.877 19409.86
18520.124 18623.672
17787.167 17881.323
17094.19 17179.89
16438.576 16516.656
15817.892 15889.101
15229.88 15294.887
14672.443 14731.847
14143.633 14197.971
13641.643 13691.395
13164.792 13210.389
12711.521 12753.348
12280.38 12318.783
11870.023 11905.313
11479.196 11511.651
11106.734 11136.606
10751.553 10779.066
10412.642 10438
27265.946 27536.791
26010.118 26254.366
24828.992 25049.321
23717.781 23916.613
22671.945 22851.469
21687.202 21849.388
20759.523 20906.144
19885.131 20017.779
19060.493 19180.595
18282.309 18391.145
17547.503 17646.219
16853.213 16942.833
16196.774 16278.214
15575.71 15649.79
14987.72 15055.171
14430.667 14492.144
13902.566 13958.656
13401.576 13452.8
12925.984 12972.811
12474.202 12517.05
12044.753 12083.997
11636.265 11672.24
11247.463 11280.47
10877.162 10907.47
10524.257 10552.108
10187.721 10213.334
9866.5994 9890.1681
25769.737 26029.332
24583.357 24817.111
23467.5 23678.034
22417.651 22607.335
21429.525 21600.501
20499.082 20653.277
19622.522 19761.67
18796.28 18921.937
18017.023 18130.584
17281.638 17384.351
16587.223 16680.205
15931.074 16015.325
15310.679 15387.089
14723.7 14793.067
14167.964 14231
13641.456 13698.795
13142.302 13194.511
12668.762 12716.348
12219.221 12262.635
11792.177 11831.824
11386.237 11422.478
11000.106 11033.262
10632.578 10662.939
10282.534 10310.358
9948.9314 9974.4504
9630.8007 9654.2216
9327.238 9348.7471
24327.976 24574.794
23208.451 23430.313
22155.432 22354.889
21164.661 21344.021
20232.102 20393.449
19353.947 19499.157
18526.613 18657.374
17746.742 17864.566
17011.193 17117.434
16317.03 16412.901
15661.518 15748.104
15042.11 15120.377
14456.435 14527.248
13902.292 13966.42
13377.631 13435.762
12880.551 12933.297
12409.286 12457.193
11962.195 12005.75
11537.754 11577.391
11134.548 11170.654
10751.262 10784.182
10386.674 10416.716
10039.648 10067.087
9709.127 9734.2087
9394.1276 9417.0716
9093.7347 9114.7374
8807.0958 8826.333
22972.41 23205.62
21915.689 22124.904
20921.703 21109.396
19986.439 20154.848
19106.092 19257.237
18277.07 18412.771
17495.996 17617.887
16759.705 16869.25
16065.233 16163.744
15409.814 15498.464
14790.869 14870.705
14205.997 14277.952
13652.961 13717.869
13129.685 13188.287
12634.237 12687.195
12164.824 12212.725
11719.779 11763.147
11297.554 11336.855
10896.713 10932.362
10515.921 10548.286
10153.936 10183.347
9809.605 9836.3539
9481.8566 9506.2043
9169.6933 9191.8721
8872.1872 8892.4042
8588.4744 8606.9144
8317.7503 8334.5784
21728.667 21948.228
20729.524 20926.07
19789.667 19965.588
18905.303 19062.762
18072.837 18213.788
17288.877 17415.079
16550.234 16663.265
15853.916 15955.193
15197.126 15287.915
14577.25 14658.683
13991.853 14064.939
13438.664 13504.305
12915.574 12974.57
12420.619 12473.683
11951.974 11999.742
11507.946 11550.981
11086.96 11125.763
10687.553 10722.571
10308.368 10339.995
9948.1418 9976.73
9605.7027 9631.5645
9279.9608 9303.3736
8969.9025 8991.1131
8674.5853 8693.8129
8393.132 8410.5716
8124.7258 8140.551
7868.6062 7882.9715
20613.83 20820.517
19666.265 19850.878
18774.903 18939.746
17936.146 18083.308
17146.588 17277.955
16403.014 16520.283
15702.401 15807.099
15041.915 15135.408
14418.903 14502.415
13830.89 13905.513
13275.567 13342.276
12750.784 12810.447
12254.542 12307.93
11784.978 11832.779
11340.366 11383.19
10919.098 10957.486
10519.683 10554.116
10140.734 10171.64
9780.965 9808.7211
9439.179 9464.121
9114.2647 9136.6903
8805.189 8825.362
8510.9911 8529.1456
8230.7774 8247.1208
7963.716 7978.4326
7709.0328 7722.2859
7466.0062 7477.9409
19633.273 19828.569
18731.048 18905.127
17882.324 18037.403
17083.676 17221.768
16331.859 16454.784
15623.811 15733.211
14956.657 15054.004
14327.696 14414.314
13734.407 13811.479
13174.433 13243.016
12645.578 12706.613
12145.794 12200.121
11673.179 11721.546
11225.963 11269.033
10802.5 10840.863
10401.264 10435.441
10020.832 10051.289
9659.888 9687.0347
9317.2057 9341.4064
8991.6469 9013.2241
8682.1539 8701.3931
8387.7436 8404.8974
8107.5014 8122.7935
7840.5768 7854.2052
7586.1781 7598.3181
7343.5682 7354.3748
7112.0604 7121.6711
18778.312 18964.146
17915.596 18080.961
17104.04 17251.066
16340.363 16470.988
15621.461 15737.441
14944.404 15047.324
14306.441 14397.727
13704.99 13785.925
13137.64 13209.37
12602.136 12665.689
12096.381 12152.67
11618.417 11668.259
11166.425 11210.547
10738.715 10777.761
10333.713 10368.257
9949.9597 9980.5098
9586.0978 9613.1047
9240.867 9264.73
8913.0968 8934.1692
8601.6991 8620.294
8305.6631 8322.0572
8024.0493 8038.4872
7755.9835 7768.6816
7500.6528 7511.8024
7257.3006 7267.0706
7025.2224 7033.7621
6803.7618 6811.2031
18024.797 18203.082
17196.871 17355.341
16418.059 16558.751
15685.204 15809.979
14995.32 15105.87
14345.593 14443.449
13733.379 13819.922
13156.199 13232.672
12611.736 12679.255
12097.828 12157.393
11612.46 11664.963
11153.756 11199.992
10719.968 10760.649
10309.475 10345.231
9920.7683 9952.1613
9552.4473 9579.9749
9203.21 9227.3144
8871.8479 8892.9206
8557.2382 8575.6258
8258.3374 8274.347
7974.176 7988.0789
7703.8529 7715.8891
7446.5299 7456.9113
7201.427 7210.341
6967.8187 6975.4308
6745.0293 6751.4853
6532.4292 6537.858
17332.88 17504.822
16536.849 16689.6
15788.071 15923.567
15083.501 15203.518
14420.26 14526.418
13795.633 13889.407
13207.075 13289.798
12652.199 12725.074
12128.774 12192.887
11634.72 11691.042
11168.098 11217.502
10727.103 10770.367
10310.057 10347.877
9915.3985 9948.3943
9541.6792 9570.4024
9187.5519 9212.4928
8851.7657 8873.3602
8533.1591 8551.7935
8230.6532 8246.67
7943.2453 7956.948
7670.0038 7681.6611
7410.0631 7419.9122
7162.6176 7170.8687
6926.9183 6933.7567
6702.2677 6707.8575
6488.0169 6492.5024
6283.5609 6287.0697
16650.077 16815.319
15885.435 16032.208
15166.231 15296.348
14489.525 14604.661
13852.539 13954.232
13252.658 13342.312
12687.429 12766.322
12154.554 12223.842
11651.888 11712.617
11177.428 11230.54
10729.311 10775.652
10305.801 10346.13
9905.2864 9940.2809
9526.2669 9556.5339
9167.3506 9193.4308
8827.244 8849.6191
8504.7458 8523.8446
8198.7409 8214.9443
7908.1934 7921.8394
7632.1409 7643.5293
7369.6889 7379.0857
7120.0068 7127.647
6882.3213 6888.4131
6655.9133 6660.6409
6440.1137 6443.6396
6234.2995 6236.7673
6037.8902 6039.4264
15918.323 16074.087
15187.201 15325.496
14499.587 14622.073
13852.65 13960.877
13243.722 13339.119
12670.293 12754.173
12130.006 12203.572
11620.661 11685.006
11140.199 11196.316
10686.704 10735.489
10258.39 10300.653
9853.5973 9890.0644
9470.7813 9502.1057
9108.5084 9135.2746
8765.4469 8788.1773
8440.36 8459.5211
8132.0993 8148.1071
7839.5987 7852.8233
7561.8685 7572.6387
7297.9886 7306.5968
7047.1046 7053.8101
6808.4226 6813.455
6581.204 6584.7667
6364.7617 6367.0348
6158.4566 6159.5992
5961.6935 5961.8459
5773.9178 5773.204
15085.637 15226.198
14392.52 14517.094
13740.717 13850.777
13127.528 13224.457
12550.407 12635.496
12006.965 12081.406
11494.96 11559.849
11012.296 11068.636
10557.017 10605.724
10127.303 10169.205
9721.4574 9757.306
9337.9038 9368.3756
8975.177 9000.8812
8631.9166 8653.4001
8306.8597 8324.6118
7998.8332 8013.2918
7706.7481 7718.3044
7429.5943 7438.5965
7166.4334 7173.1913
6916.3936 6921.1828
6678.6653 6681.7303
6452.4963 6454.0536
6237.187 6237.4283
6032.0865 6031.1816
5836.5892 5834.6879
5650.1316 5647.3659
5472.1883 5468.6746
14121.113 14238.033
13471.875 13574.949
12861.405 12951.875
12287.158 12366.203
11746.738 11815.465
11237.892 11297.335
10758.513 10809.626
10306.631 10350.293
9880.4093 9917.4229
9478.1366 9509.234
9098.2213 9124.0665
8739.1842 8760.3773
8399.6509 8416.7329
8078.3458 8091.803
7774.0848 7784.3527
7485.7685 7493.2371
7212.3765 7217.3941
6952.9623 6955.839
6706.6471 6707.6583
6472.6141 6472.0049
6250.1054 6248.0927
6038.4165 6035.192
5836.8924 5832.6255
5644.9237 5639.7639
5461.9436 5456.0225
5287.4244 5280.8575
5120.8746 5113.7631
13029.028 13112.483
12429.337 12501.817
11865.523 11927.999
11335.22 11388.626
10836.204 10881.425
10366.384 10404.254
9923.8075 9955.0996
9506.6469 9532.0777
9113.2005 9133.4273
8741.8836 8757.5068
8391.2229 8402.7876
8059.849 8067.8489
7746.4905 7751.3705
7449.9673 7452.127
7169.1844 7168.9814
6903.1255 6900.8791
6650.847 6646.8422
6411.4743 6405.9636
6184.1954 6177.4022
5968.2554 5960.3778
5762.9542 5754.1663
5567.6412 5558.096
5381.7111 5371.5428
5204.6013 5193.9274
5035.7882 5024.7112
4874.7847 4863.3934
4721.1368 4709.5082
11855.892 11897.02
11309.295 11342.96
10795.463 10822.332
10312.227 10332.956
9857.5492 9872.7703
9429.5187 9439.8306
9026.3466 9032.3109
8646.3627 8648.5011
8288.0108 8286.8036
7949.8424 7945.729
7630.5112 7623.8906
7328.7664 7319.9991
7043.4467 7032.8566
6773.4744 6761.3515
6517.8502 6504.4522
6275.6461 6261.2017
6046.0011 6030.7127
5828.1171 5812.1624
5621.2533 5604.7875
5424.7212 5407.8802
5237.882 5220.7835
5060.1425 5042.8879
4890.9508 4873.6273
4729.7937 4712.476
4576.194 4558.9453
4429.7076 4412.5809
4289.9206 4272.9601
10683.997 10677.631
10190.31 10180.36
9726.278 9713.0937
9289.9353 9273.8765
8879.4321 8860.8578
8493.0351 8472.2924
8129.1225 8106.5415
7786.1803 7762.0704
7462.7981 7437.4452
7157.6636 7131.3292
6869.5573 6842.4777
6597.3463 6569.7336
6339.9789 6312.0219
6096.4798 6068.3449
5865.9443 5837.7765
5647.5326 5619.458
5440.4655 5412.5931
5244.0211 5216.4431
5057.5294 5030.3232
4880.3674 4853.598
4711.9575 4685.6778
4551.7635 4526.0157
4399.2863 4374.1035
4254.0619 4229.4695
4115.659 4091.6749
3983.6761 3960.3122
3857.7394 3835.0018
9610.5355 9557.2511
9165.1801 9112.1575
8746.648 8693.9202
8353.1551 8300.7891
7983.0239 7931.1075
7634.6832 7583.3134
7306.6628 7255.94
6997.591 6947.6135
6706.1899 6657.0505
6431.2709 6383.0546
6171.73 6124.5116
5926.5415 5880.386
5694.7537 5649.7154
5475.4841 5431.6069
5267.9143 5225.2315
5071.2848 5029.8207
4884.8908 4844.6617
4708.0798 4669.0934
4540.2462 4502.5026
4380.8268 4344.3207
4229.2999 4194.0201
4085.1809 4051.1109
3948.0191 3915.1386
3817.3952 3785.6806
3692.9198 3662.3446
3574.2305 3544.7654
3460.9897 3432.6037
8717.2915 8623.7976
8312.016 8222.1762
7931.2374 7844.788
7573.3181 7490.0539
7236.7197 7156.479
6920.002 6842.6538
6621.8181 6547.2548
6340.9118 6269.0425
6076.1133 6006.8587
5826.3354 5759.6238
5590.5682 5526.3327
5367.8743 5306.0508
5157.384 5097.9097
4958.291 4901.1037
4769.8481 4714.885
4591.3621 4538.5599
4422.1896 4371.4853
4261.7353 4213.0646
4109.4471 4062.7447
3964.8112 3920.0124
3827.352 3784.3916
3696.6281 3655.4404
3572.2286 3532.7484
3453.7715 3415.9346
3340.9022 3304.6447
3233.2907 3198.5495
3130.6296 3097.3425
8041.8389 7919.2573
7666.7285 7550.4472
7314.4017 7203.8905
6983.3228 6878.1372
6672.051 6571.8144
6379.2388 6283.628
6103.6275 6012.3623
5844.0437 5756.8791
5599.3962 5516.115
5368.6712 5289.0785
5150.9281 5074.8467
4945.2941 4872.5611
4750.9598 4681.4246
4567.1758 4500.6971
4393.2477 4329.6919
4228.5315 4167.7721
4072.4298 4014.347
3924.3904 3868.8689
3783.9009 3730.8297
3650.4851 3599.7583
3523.7021 3475.2173
3403.1429 3356.801
3288.4269 3244.1326
3179.2003 3136.8622
3075.1347 3034.6644
2975.9249 2937.2368
2881.2863 2844.2982
7560.5762 7420.7824
7206.8101 7075.187
6874.6658 6750.4442
6562.6681 6445.1953
6269.4355 6158.1539
5993.6782 5888.1072
5734.1934 5633.9162
5489.8613 5394.5143
5259.6417 5168.9051
5042.5696 4956.1594
4837.7507 4755.4122
4644.3558 4565.8595
4461.6169 4386.754
4288.8234 4217.4023
4125.3174 4057.161
3970.4894 3905.4332
3823.7739 3761.6654
3684.6491 3625.3443
3552.6309 3495.994
3427.2693 3373.1728
3308.1483 3256.471
3194.8821 3145.5083
3087.1116 3039.9318
2984.5032 2939.4135
2886.7477 2843.6485
2793.5573 2752.3535
2704.6642 2665.2648
7189.2165 7039.8489
6851.7887 6711.994
6535.1395 6403.9214
6237.8293 6114.342
5958.5133 5842.0353
5695.9388 5585.851
5448.9398 5344.7085
5216.4326 5117.5959
4997.4125 4903.5679
4790.9487 4701.7432
4596.1796 4511.3011
4412.3078 4331.4787
4238.5953 4161.5673
4074.3603 4000.909
3918.972 3848.8934
3771.8466 3704.9543
3632.443 3568.5666
3500.2622 3439.2433
3374.8417 3316.5329
3255.7518 3200.0165
3142.5955 3089.3054
3035.0049 2984.0389
2932.6376 2883.882
2835.1759 2788.5236
2742.3251 2697.6745
2653.8114 2611.066
2569.3799 2528.4479
6808.5764 6648.483
6487.8667 6338.8545
6187.069 6047.9085
5904.7818 5774.4277
5639.699 5517.2594
5390.6065 5275.3171
5156.3765 5047.5805
4935.9629 4833.0937
4728.3973 4630.9642
4532.7841 4440.3594
4348.2956 4260.5046
4174.1666 4090.679
4009.6902 3930.2135
3854.2135 3778.4867
3707.1339 3634.9221
3567.8936 3498.9849
3435.9763 3370.1794
3310.9064 3248.0457
3192.2433 3132.1571
3079.5781 3022.1182
2972.5329 2917.5618
2870.7582 2818.1474
2773.9288 2723.5585
2681.7429 2633.5013
2593.9208 2547.7028
2510.2027 2465.9091
2430.3469 2387.884
6320.7004 6139.3619
6021.5332 5853.4439
5741.0927 5584.7777
5478.0431 5332.2392
5231.1415 5094.7641
4999.235 4871.349
4781.2542 4661.0518
4576.2084 4462.9898
4383.1819 4276.3387
4201.3292 4100.3299
4029.8696 3934.2478
3868.0823 3777.427
3715.302 3629.2495
3570.9153 3489.1414
3434.3561 3356.5706
3305.101 3231.0431
3182.6662 3112.1011
3066.6062 2999.32
2956.5086 2892.3059
2851.9908 2790.6934
2752.6999 2694.1437
2658.3092 2602.3421
2568.5152 2514.9965
2483.0362 2431.8356
2401.6115 2352.6074
2323.9988 2277.0772
2249.973 2205.027
5713.0308 5496.754
5440.8189 5240.7631
5185.7782 5000.2182
4946.672 4774.1129
4722.3514 4561.4944
4511.7515 4361.4642
4313.8852 4173.1788
4127.8392 3995.848
3952.7699 3828.7337
3787.8988 3671.1478
3632.5082 3522.4495
3485.9356 3382.0432
3347.5702 3249.3754
3216.849 3123.9325
3093.2532 3005.2379
2976.3033 2892.8494
2865.556 2786.3571
2760.6038 2685.3808
2661.0697 2589.5678
2566.604 2498.5911
2476.8842 2412.1473
2391.6124 2329.9546
2310.5113 2251.7515
2233.3243 2177.2951
2159.8135 2106.3596
2089.7584 2038.7352
2022.9539 1974.2265
5074.3466 4816.3072
4830.4875 4592.0055
4602.1314 4381.2379
4388.1539 4183.1223
4187.5111 3996.824
3999.2358 3821.5557
3822.4321 3656.5782
3656.2713 3501.1993
3499.9884 3354.7723
3352.8779 3216.694
3214.2897 3086.4032
3083.624 2963.3778
2960.3281 2847.1331
2843.8931 2737.2189
2733.85 2633.2175
2629.7657 2534.7417
2531.24 2441.4321
2437.9053 2352.9557
2349.4217 2269.0035
2265.4739 2189.2889
2185.7715 2113.546
2110.0463 2041.528
2038.0488 1973.0057
1969.548 1907.7663
1904.3303 1845.612
1842.1975 1786.3589
1782.9654 1729.8357
4532.1642 4238.311
4312.2986 4040.9273
4106.5355 3855.4535
3913.8432 3681.1135
3733.2647 3517.1724
3563.9142 3362.9378
3404.9716 3217.759
3255.6786 3081.0268
3115.3359 2952.1722
2983.2989 2830.6644
2858.9742 2716.0096
2741.8145 2607.7483
2631.316 2505.4539
2527.015 2408.7302
2428.4847 2317.2099
2335.3309 2230.552
2247.1897 2148.4403
2163.7271 2070.5818
2084.6346 1996.7046
2009.626 1926.5564
1938.4378 1859.9032
1870.8272 1796.528
1806.5681 1736.2289
1745.4512 1678.8188
1687.2834 1624.1235
1631.8853 1571.9812
1579.0907 1522.2413
4156.3549 3841.7106
3952.9977 3662.7972
3762.8208 3494.6791
3584.847 3336.6529
3418.1715 3188.0527
3261.9581 3048.2506
3115.4334 2916.6569
2977.8835 2792.7195
2848.6506 2675.9224
2727.1295 2565.7848
2612.7632 2461.8587
2505.0391 2363.728
2403.4855 2271.0058
2307.6688 2183.3331
2217.1904 2100.3768
2131.6825 2021.8279
2050.8056 1947.3998
1974.2489 1876.8269
1901.7251 1809.8628
1832.9681 1746.2787
1767.733 1685.8626
1705.7946 1628.4177
1646.9429 1573.7611
1590.984 1521.7232
1537.7388 1472.146
1487.0415 1424.8829
1438.738 1379.7975
3906.2568 3583.6818
3713.766 3416.7851
3533.897 3259.9587
3365.698 3112.5464
3208.2891 2973.9269
3060.8593 2843.5146
2922.6599 2720.7594
2793.001 2605.1462
2671.2481 2496.1939
2556.8183 2393.4536
2449.1763 2296.5078
2347.8299 2204.968
2252.3272 2118.4735
2162.253 2036.6894
2077.2265 1959.3048
1996.8965 1886.0316
1920.9392 1816.6026
1849.0587 1750.7697
1780.9817 1688.3032
1716.4552 1628.9897
1655.2468 1572.6315
1597.1428 1519.0449
1541.9442 1468.0593
1489.4674 1419.5165
1439.5428 1373.2692
1392.0137 1329.1805
1346.7346 1287.1233
3666.094 3336.0636
3484.0443 3180.6988
3314.0762 3034.7085
3155.2631 2897.4818
3006.7501 2768.4403
2867.7511 2647.039
2737.5415 2532.7657
2615.4548 2425.1409
2500.8793 2323.7167
2393.2539 2228.0754
2292.064 2137.8282
2196.8374 2052.6135
2107.1408 1972.0954
2022.5773 1895.9622
1942.7829 1823.9246
1867.4222 1755.7143
1796.1869 1691.0825
1728.7949 1629.7984
1664.9868 1571.6481
1604.5217 1516.433
1547.1795 1463.9689
1492.7573 1414.0849
1441.0667 1366.6222
1391.9339 1321.4335
1345.1986 1278.3817
1300.7127 1237.3394
1258.3386 1198.1881
3348.2011 2999.562
3180.1406 2859.8685
3023.3638 2728.6039
2876.9943 2605.219
2740.2249 2489.1937
2612.3142 2380.0378
2492.5795 2277.291
2380.3937 2180.5222
2275.1816 2089.3284
2176.4164 2003.3342
2083.6156 1922.19
1996.3367 1845.5707
1914.1743 1773.1743
1836.7571 1704.7205
1763.7451 1639.9492
1694.8257 1578.6192
1629.711 1520.5066
1568.1388 1465.4042
1509.8674 1413.1193
1454.673 1363.4736
1402.3511 1316.3015
1352.7136 1271.4492
1305.5857 1228.774
1260.8063 1188.1434
1218.2271 1149.4341
1177.711 1112.5317
1139.131 1077.3295
2993.5394 2619.0035
2841.1643 2497.0331
2699.1396 2382.4223
2566.6541 2274.6913
2442.961 2173.3863
2327.3749 2078.0792
2219.2654 1988.3681
2118.0533 1903.8764
2023.208 1824.2525
1934.2437 1749.1685
1850.7158 1678.3192
1772.217 1611.4207
1698.3741 1548.2093
1628.8461 1488.4404
1563.3205 1431.8867
1501.5103 1378.3376
1443.1515 1327.5979
1388.0036 1279.4864
1335.8456 1233.835
1286.4725 1190.4879
1239.6973 1149.3006
1195.3481 1110.1387
1153.2655 1072.8778
1113.3023 1037.402
1075.3234 1003.6039
1039.204 971.38328
1004.8285 940.64724
2703.6896 2309.7442
2564.1104 2202.1764
2434.1305 2101.0991
2312.9894 2006.0893
2199.9879 1916.7467
2094.4849 1832.6937
1995.8908 1753.5759
1903.6649 1679.0613
1817.3119 1608.8396
1736.3788 1542.6218
1660.4515 1480.1385
1589.1507 1421.1396
1522.1295 1365.3924
1459.0709 1312.6811
1399.685 1262.8054
1343.7055 1215.5796
1290.8875 1170.8314
1241.0086 1128.401
1193.8643 1088.1403
1149.265 1049.9117
1107.038 1013.5879
1067.0249 979.0504
1029.0784 946.18934
993.06309 914.90266
958.85455 885.09548
926.33798 856.67959
895.40719 829.57295
2507.4352 2106.1644
2376.486 2008.0776
2254.6581 1915.9092
2141.2191 1829.2736
2035.4964 1747.8056
1936.8742 1671.161
1844.787 1599.0166
1758.7167 1531.0696
1678.1894 1467.0373
1602.7723 1406.6558
1532.0702 1349.6798
1465.7215 1295.881
1403.396 1245.0474
1344.7921 1196.982
1289.6346 1151.5024
1237.6707 1108.439
1188.6683 1067.6349
1142.417 1028.9443
1098.7231 992.23211
1057.4077 957.37302
1018.3076 924.25075
981.27366 892.75737
946.16705 862.79267
912.86022 834.26358
881.23622 807.08359
851.18721 781.17227
822.61352 756.45479
2334.9272 1929.0269
2211.5852 1839.1896
2096.945 1754.773
1990.2983 1675.4238
1890.9956 1600.8076
1798.4432 1530.6091
1712.0967 1464.5324
1631.4576 1402.3001
1556.0708 1343.6531
1485.5211 1288.35
1419.4299 1236.1659
1357.4511 1186.8918
1299.269 1140.3335
1244.5958 1096.3107
1193.169 1054.656
1144.7477 1015.2145
1099.1112 977.84219
1056.0594 942.40563
1015.4085 908.7811
976.98867 876.85382
940.64545 846.51727
906.23753 817.67262
873.6337 790.22808
842.71338 764.09841
813.36623 739.20437
785.49054 715.47231
758.9924 692.83367
2128.8214 1711.5397
2014.6374 1631.8311
1908.6132 1556.932
1810.0775 1486.5289
1718.4156 1420.3253
1633.0659 1358.0414
1553.5139 1299.4144
1479.289 1244.1984
1409.9616 1192.1636
1345.1406 1143.0956
1284.4691 1096.795
1227.6217 1053.0763
1174.3013 1011.7672
1124.2376 972.70766
1077.1843 935.74937
1032.9156 900.75466
991.22433 867.59585
951.92341 836.15457
914.84106 806.32102
879.8184 777.99337
846.71125 751.0771
815.38786 725.48452
785.72591 701.13421
757.61309 677.95052
730.94676 655.86314
705.63239 634.80674
681.58278 614.72048
1929.7088 1500.4727
1824.4028 1430.5937
1726.7211 1364.9311
1636.0306 1303.2102
1551.7517 1245.1708
1473.3556 1190.5677
1400.3581 1139.1706
1332.3164 1090.7639
1268.827 1045.146
1209.5222 1002.1291
1154.0673 961.53827
1102.1569 923.21094
1053.5129 886.99605
1007.8819 852.75336
965.03365 820.35277
924.75694 789.67361
886.85829 760.60395
851.16303 733.04
817.51103 706.88553
785.75416 682.05124
755.75821 658.45428
727.40067 636.01779
700.56782 614.67035
675.15532 594.34567
651.06795 574.98211
628.2181 556.52238
606.525 538.91317
1781.4128 1347.9523
1682.7553 1285.1764
1591.3318 1226.1884
1506.5351 1170.7413
1427.8099 1118.6015
1354.6501 1069.5487
1286.5928 1023.376
1223.215 979.88972
1164.1313 938.90879
1108.9913 900.26447
1057.4761 863.79965
1009.2949 829.36823
964.18308 796.83451
921.90015 766.07253
882.22733 736.9654
844.96436 709.40472
809.92785 683.28993
776.95249 658.52782
745.88682 635.0319
716.5908 612.72197
688.93776 591.5236
662.81215 571.36773
638.10677 552.19022
614.72336 533.93151
592.57234 516.53622
571.57138 499.95289
551.64463 484.13362
1650.3047 1214.8651
1557.5712 1158.2873
1471.7217 1105.1232
1392.1723 1055.1506
1318.3897 1008.1587
1249.8885 963.94905
1186.2246 922.33514
1126.9928 883.14238
1071.8244 846.20762
1020.3843 811.37876
972.36768 778.51422
927.49708 747.48231
885.52005 718.16074
846.2074 690.43598
809.35087 664.20268
774.75994 639.36314
742.26027 615.82675
711.69492 593.50947
682.92021 572.33337
655.80337 552.22616
630.22441 533.12077
606.07407 514.95495
583.25096 497.67089
561.66224 481.21491
541.2234 465.53711
521.85681 450.5911
503.49102 436.33371
1511.2119 1070.985
1424.7866 1021.1078
1344.8584 974.24018
1270.871 930.18594
1202.3173 888.75944
1138.7354 849.78567
1079.7037 813.10022
1024.8374 778.54917
973.7867 745.98871
926.23366 715.28474
881.88964 686.31244
840.49185 658.95574
801.80143 633.10681
765.60167 608.66558
731.69582 585.53917
699.904 563.64145
670.06167 542.89254
642.02093 523.21836
615.64648 504.55021
590.81327 486.82436
567.40849 469.98168
545.32952 453.96729
524.4811 438.73024
504.77614 424.22319
486.13541 410.40216
468.48624 397.22625
451.76175 384.6574
1391.0106 948.74109
1310.0893 904.55699
1235.3258 863.03889
1166.1882 824.01307
1102.192 787.31506
1042.8965 752.78981
987.89933 720.2917
936.83381 689.68436
889.36657 660.8404
845.19503 633.64103
804.04457 607.97567
765.66534 583.74151
729.8304 560.84302
696.33403 539.19154
664.9896 518.70482
635.62657 499.30654
608.08902 480.92594
582.237 463.49741
557.94256 446.96007
535.08744 431.25747
513.56515 416.33724
493.27887 402.15076
474.13877 388.65289
456.06276 375.8017
438.97628 363.55822
422.81099 351.88623
407.50405 340.75201
1289.2765 848.08725
1213.0809 808.59073
1142.7503 771.47737
1077.7738 736.59188
1017.6864 703.78723
962.06543 672.92483
910.52541 643.87451
862.71505 616.51437
818.31532 590.73052
777.03683 566.41679
738.61711 543.47432
702.8175 521.8112
669.42139 501.34206
638.23256 481.98763
609.07314 463.67439
581.78067 446.33411
556.20672 429.90355
532.21822 414.32404
509.69357 399.54118
488.52044 385.50451
468.59777 372.16719
449.83379 359.48578
432.14336 347.41993
415.44876 335.93214
399.67946 324.9876
384.77085 314.55391
370.66361 304.60095
1189.5225 748.83758
1117.9887 713.96325
1052.0243 681.19318
991.14049 650.39026
934.89254 621.42466
882.87662 594.17402
834.72448 568.52339
790.10084 544.36514
748.70136 521.59871
710.25014 500.13036
674.4971 479.87279
641.21498 460.74486
610.19762 442.67117
581.25842 425.58175
554.2283 409.41166
528.95296 394.10068
505.29143 379.59295
483.11752 365.83667
462.31598 352.78381
442.78033 340.38982
424.41491 328.61334
407.13295 317.41601
390.85393 306.76219
375.5044 296.61879
361.01782 286.95507
347.33326 277.74241
334.39479 268.95422
1101.0374 662.65667
1033.7 631.79589
971.66259 602.7972
914.45647 575.53927
861.6556 549.90722
812.87345 525.79275
767.7577 503.09416
725.98778 481.71619
687.27281 461.56987
651.34929 442.57223
617.97851 424.64603
586.94365 407.71946
558.04811 391.72581
531.11408 376.60314
505.98056 362.29401
482.50065 348.74511
460.54022 335.90701
439.97934 323.7339
420.70853 312.18325
402.62665 301.21563
385.64297 290.79446
369.67521 280.88579
354.64707 271.45808
340.48901 262.48205
327.13804 253.93048
314.53657 245.77808
302.63178 238.00128
1021.9464 587.43554
958.42337 560.07791
899.9515 534.371
846.08102 510.20724
796.40334 487.48479
750.54805 466.10767
708.17773 445.98569
668.98548 427.03443
632.69299 409.17501
599.04828 392.33388
567.82321 376.44256
538.81064 361.4374
511.82285 347.25926
486.69018 333.85324
463.25907 321.16839
441.38948 309.15749
420.95361 297.77671
401.83728 286.98542
383.93632 276.74593
367.15453 267.0233
351.40567 257.78508
336.61161 249.00119
322.69993 240.64366
309.60462 232.68654
297.26599 225.1057
285.6295 217.87871
274.64514 210.9847
947.95323 517.79733
888.04245 493.68284
832.94292 471.02338
782.22347 449.72414
735.49265 429.69535
692.39584 410.8524
652.61017 393.11581
615.84209 376.41115
581.82556 360.66889
550.31981 345.82421
521.10696 331.81675
493.98927 318.59039
468.78764 306.09301
445.34025 294.27622
423.50075 283.09512
403.13571 272.50806
384.1234 262.47643
366.35518 252.9644
349.73197 243.93877
334.16228 235.36872
319.56418 227.22566
305.8635 219.48306
292.99148 212.11628
280.88552 205.10245
269.48903 198.42029
258.75037 192.05003
248.62218 185.97328
881.9536 457.66243
825.33468 436.3485
773.30439 416.32062
725.44903 397.49499
681.39329 379.79226
640.79738 363.13766
603.35205 347.46092
568.7763 332.69627
536.81556 318.78226
507.23956 305.66158
479.83999 293.28089
454.4279 281.59059
430.8322 270.54461
408.8984 260.10017
388.48685 250.2176
369.47024 240.86008
351.7325 231.99348
335.17011 223.58614
319.6887 215.60871
305.20114 208.03394
291.62947 200.83659
278.90318 193.99318
266.9569 187.48195
255.73113 181.28268
245.17216 175.37656
235.23098 169.74612
225.86271 164.37509
820.88305 403.13659
767.36138 384.362
718.21504 366.72023
673.04732 350.13749
631.49859 334.54386
593.24345 319.87348
557.98592 306.06447
525.45713 293.05888
495.41362 280.80258
467.63526 269.2451
441.923 258.33944
418.09635 248.04192
395.99194 238.31196
375.46232 229.11187
356.37427 220.40671
338.60638 212.16404
322.04796 204.3538
306.60039 196.94812
292.17381 189.92111
278.68524 183.24881
266.06049 176.90894
254.23254 170.88086
243.13921 165.14538
232.72396 159.68469
222.93581 154.48222
213.72823 149.52259
205.05865 144.79146
765.39387 355.23092
714.75031 338.68736
668.27991 323.14201
625.60233 308.52983
586.37301 294.78923
550.28039 281.86217
517.04117 269.69412
486.39813 258.23401
458.11844 247.43415
431.99167 237.25007
407.8276 227.64036
385.45382 218.56652
364.7143 209.99279
345.4683 201.88597
327.58868 194.21526
310.95964 186.95209
295.47558 180.06996
281.04254 173.54431
267.57489 167.35234
254.99356 161.47292
243.22795 155.88644
232.21427 150.57469
221.89338 145.52077
212.21151 140.70898
203.12021 136.12474
194.57528 131.75447
186.53633 127.58556
714.30804 312.46674
666.37079 297.91476
622.4129 284.24082
582.06996 271.38772
545.01206 259.30127
510.94106 247.93042
479.586 237.22721
450.70091 227.14672
424.06327 217.647
399.472 208.68892
376.74545 200.23607
355.71894 192.25457
336.24357 184.71298
318.18501 177.5821
301.42199 170.83482
285.84406 164.44602
271.35054 158.39239
257.85188 152.65232
245.26651 147.20577
233.51911 142.03414
222.54247 137.12018
212.2759 132.44788
202.66312 128.00237
193.65299 123.76985
185.19946 119.73747
177.26056 115.89332
169.79792 112.22628
667.45476 274.73187
622.06021 261.93725
580.45923 249.91464
542.30292 238.61373
507.27562 227.9869
475.09222 217.98925
445.4937 208.5786
418.24503 199.71548
393.13363 191.36298
369.96749 183.48672
348.57318 176.05467
328.79356 169.03706
310.4865 162.40622
293.5239 156.13649
277.79011 150.20405
263.17981 144.58679
249.59701 139.26422
236.95642 134.21735
225.18033 129.42855
214.19698 124.88147
203.9424 120.56094
194.35886 116.45289
185.39277 112.54424
176.99553 108.82285
169.12333 105.27745
161.73632 101.89753
154.79802 98.673335
624.21689 241.26444
581.22574 230.02845
541.84907 219.47041
505.75317 209.54617
472.63627 200.21388
442.22599 191.43412
414.27495 183.16987
388.55876 175.38644
364.87452 168.05143
343.03902 161.13464
322.88683 154.60796
304.26805 148.44522
287.0472 142.62214
271.10212 137.11618
256.32262 131.90642
242.60833 126.97344
229.86779 122.29927
218.01978 117.8672
206.9903 113.66176
196.71103 109.6686
187.1211 105.87439
178.16557 102.26677
169.79348 98.83427
161.95859 95.566218
154.61929 92.452708
147.73767 89.484525
141.27913 86.653099
584.28123 211.71989
543.567 201.85982
506.29424 192.5947
472.1441 183.88574
440.82844 175.69626
412.08729 167.99165
385.68464 160.73941
361.40648 153.90912
339.05935 147.47234
318.46861 141.40256
299.47658 135.67511
281.94044 130.26704
265.7311 125.15704
250.73222 120.32533
236.83886 115.75354
223.95542 111.42464
211.99483 107.32285
200.87978 103.43352
190.53987 99.743068
180.91007 96.238897
171.93247 92.909317
163.55484 89.743479
155.72872 86.731311
148.41013 83.863455
141.55954 81.131216
135.14095 78.526508
129.12147 76.04181
547.26265 185.6278
508.71366 176.98287
473.43848 168.85957
441.13283 161.2239
411.52194 154.04368
384.35803 147.28857
359.41622 140.93009
336.49264 134.94156
315.40304 129.29803
295.98115 123.97629
278.07686 118.95468
261.55423 114.2131
246.2904 109.73285
232.17465 105.49659
219.10716 101.48822
206.99697 97.692812
195.76124 94.096521
185.32646 90.686506
175.62568 87.450861
166.59706 84.378539
158.18554 81.459292
150.3415 78.683609
143.01887 76.042656
136.17586 73.528231
129.77492 71.13271
123.78187 68.849003
118.16547 66.670516
512.8517 162.61101
476.3679 155.03801
442.99504 147.92195
412.44321 141.23306
384.45076 134.94314
358.78186 129.02563
335.22254 123.45557
313.57887 118.20957
293.67564 113.26582
275.35472 108.60394
258.47341 104.20498
242.90249 100.05133
228.52516 96.126607
215.23619 92.415618
202.94072 88.904263
191.5523 85.579463
180.99221 82.429092
171.19061 79.4419
162.08389 76.607456
153.6133 73.916085
145.72655 71.358807
138.37651 68.927293
131.51942 66.613803
125.11561 64.411153
119.12943 62.312662
113.52843 60.312122
108.28298 58.403755
480.77702 142.33294
446.26824 135.70431
414.7119 129.47564
385.83226 123.62088
359.38056 118.11533
335.13272 112.93575
312.88548 108.06029
292.45467 103.46849
273.67389 99.141235
256.39303 95.060706
240.47662 91.210314
225.80198 87.574633
212.25824 84.139334
199.74555 80.891117
188.17384 77.817638
177.46109 74.907452
167.53255 72.149941
158.32197 69.53526
149.76898 67.05428
141.8178 64.698531
134.41884 62.460154
127.52737 60.331856
121.10188 58.306866
115.10472 56.378892
109.50208 54.54209
104.26318 52.791023
99.35993 51.120635
450.79726 124.48632
418.18169 118.68883
388.36414 113.24115
361.08279 108.12049
336.10161 103.30527
313.20804 98.775142
292.20935 94.510997
272.93093 90.494945
255.21505 86.710268
238.91942 83.141383
223.91565 79.773778
210.08747 76.593962
197.32982 73.589403
185.54805 70.748468
174.65682 68.060362
164.57837 65.515074
155.24187 63.103317
146.58451 60.816482
138.5491 58.646584
131.08275 56.586213
124.13846 54.628498
117.67386 52.767061
111.64958 50.995976
106.02995 49.309745
100.78293 47.703252
95.87935 46.171746
91.292598 44.710802
422.7013 108.79531
391.90403 103.72857
363.75419 98.967553
338.00371 94.492334
314.42905 90.284051
292.82901 86.324926
273.02117 82.598261
254.8403 79.088416
238.13717 75.780783
222.77716 72.661741
208.63882 69.71861
195.61214 66.939597
183.59772 64.313751
172.506 61.830905
162.25626 59.481624
152.77491 57.257159
143.9949 55.149395
135.85683 53.150807
128.30654 51.254415
121.29398 49.453746
114.77467 47.742794
108.7085 46.115983
103.05822 44.568137
97.790033 43.094448
92.87362 41.690448
88.28138 40.351981
83.988121 39.075184
396.3037 95.010565
367.25559 90.585802
340.70802 86.428022
316.42646 82.519828
294.19965 78.84475
273.83754 75.38726
255.16784 72.132776
238.03452 69.067641
222.29668 66.179097
207.82722 63.455248
194.51144 60.885022
182.2455 58.45812
170.93551 56.164978
160.4969 53.996717
150.85344 51.945098
141.93561 50.00248
133.68006 48.161777
126.03067 46.416417
118.93629 44.760305
112.3496 43.187787
106.22857 41.693618
100.53528 40.27293
95.234531 38.921201
90.294371 37.634234
85.686133 36.408125
81.383727 35.239247
77.363337 34.124224
371.44589 82.911527
344.08212 79.050232
319.07566 75.421921
296.20527 72.011413
275.2718 68.804334
256.09609 65.787135
238.51582 62.947091
222.38397 60.272283
207.56777 57.751578
193.94747 55.374596
181.41503 53.131672
169.87256 51.013822
159.23161 49.012699
149.41247 47.120553
140.34326 45.330196
131.95846 43.634959
124.19832 42.028659
117.00993 40.50556
110.34503 39.060344
104.15898 37.688077
98.412117 36.384182
93.068686 35.14441
88.09544 33.964816
83.462228 32.841736
79.141988 31.771766
75.11009 30.751737
71.344049 29.778706
347.9907 72.301916
322.24991 68.934724
298.72684 65.770703
277.21334 62.796614
257.5221 59.999923
239.48468 57.368815
222.94847 54.892191
207.77527 52.559659
193.84028 50.361512
181.03094 48.288695
169.24566 46.332783
158.39243 44.48594
148.38804 42.740886
139.15755 41.090865
130.63334 39.529608
122.75376 38.051299
115.46258 36.650546
108.70999 35.322347
102.45058 34.062065
96.642291 32.865398
91.247779 31.728353
86.233362 30.647226
81.567714 29.618577
77.222421 28.63921
73.171976 27.706156
69.393167 26.816653
65.864795 25.968134
325.81905 63.006745
301.64271 60.072441
279.54818 57.315188
259.34016 54.72345
240.84292 52.286303
223.89852 49.993451
208.36384 47.835224
194.10929 45.802564
181.01786 43.887011
168.98397 42.080677
157.91236 40.376218
147.7167 38.766806
138.31895 37.246097
129.64877 35.808204
121.6427 34.447663
114.24286 33.159406
107.39643 31.938734
101.05665 30.78129
95.18084 29.68303
89.729481 28.640207
84.667467 27.649341
79.963137 26.707205
75.587026 25.810799
71.512404 24.95734
67.715274 24.14424
64.173795 23.369092
60.868017 22.629659
304.83089 54.870003
282.16226 52.314637
261.44333 49.913459
242.49135 47.65642
225.14193 45.534008
209.24735 43.537257
194.67378 41.657745
181.3 39.887584
169.01657 38.219408
157.72474 36.646345
147.33538 35.162002
137.76772 33.76043
128.94871 32.436107
120.81249 31.183905
113.29967 29.999065
106.356 28.877174
99.932007 27.814141
93.98386 26.80617
88.471558 25.849741
83.358031 24.941589
78.610353 24.078684
74.19882 23.258216
70.095773 22.477573
66.276114 21.73433
62.717312 21.026234
59.398852 20.35119
56.301993 19.707248
284.94131 47.752978
263.72481 45.529062
244.3298 43.439333
226.58579 41.475048
210.33947 39.627928
195.45306 37.89017
181.80174 36.254444
169.27247 34.713885
157.76315 33.262083
147.18166 31.893058
137.44482 30.601244
128.47726 29.381467
120.21075 28.228918
112.58383 27.139134
105.54098 26.107977
99.031544 25.131603
93.009249 24.206453
87.433124 23.329223
82.265757 22.49685
77.472455 21.706491
73.022401 20.955511
68.887791 20.241463
65.042715 19.562075
61.463655 18.915236
58.129497 18.298986
55.021012 17.711499
52.120624 17.151081
266.07628 41.532713
246.25723 39.598482
228.13549 37.78096
211.55253 36.072541
196.3658 34.466026
182.4472 32.954627
169.68066 31.531969
157.96104 30.192083
147.19338 28.929391
137.29195 27.738694
128.17938 26.615151
119.78547 25.554261
112.04672 24.551842
104.90585 23.604013
98.311169 22.707173
92.215433 21.857982
86.575496 21.053341
81.35315 20.290378
76.513486 19.566429
72.024111 18.879022
67.85625 18.225864
63.983935 17.604828
60.382948 17.013936
57.031301 16.451354
53.90925 15.915375
50.998806 15.404415
48.283524 14.916996
248.17189 36.100342
229.69623 34.419104
212.79789 32.839309
197.32996 31.354347
183.16031 29.95796
170.17022 28.644248
158.25209 27.40767
147.30844 26.243038
137.25117 25.145503
128.00078 24.110546
119.48544 23.13396
111.64001 22.211831
104.40551 21.340526
97.728722 20.516671
91.561619 19.737135
85.86028 18.999016
80.58457 18.29962
75.698945 17.636451
71.170915 17.007192
66.970307 16.409696
63.070321 15.84197
59.446759 15.302163
56.077038 14.788559
52.940648 14.299561
50.019166 13.833687
47.295803 13.389559
44.755203 12.965893
231.1764 31.359599
213.99024 29.899143
198.26572 28.526809
183.86718 27.236854
170.67261 26.023843
158.57234 24.882649
147.46693 23.808461
137.26629 22.796769
127.88896 21.843364
119.2614 20.944319
111.31715 20.09598
103.9959 19.294946
97.243045 18.538062
91.009292 17.822397
85.250123 17.145231
79.924817 16.504042
74.996138 15.896492
70.431109 15.320411
66.199568 14.773787
62.273484 14.254755
58.627956 13.761584
55.240492 13.292665
52.090085 12.846508
49.157648 12.421726
46.426033 12.017031
43.879607 11.631226
41.504063 11.263197
215.04594 27.225438
199.09531 25.957516
184.49512 24.766098
171.12058 23.646199
158.85942 22.5931
147.61067 21.602351
137.28279 20.669773
127.79275 19.791454
119.06549 18.963737
111.03319 18.183214
103.63456 17.446712
96.813921 16.751279
90.52086 16.094176
84.709844 15.472857
79.339732 14.884963
74.372872 14.328302
69.774811 13.800846
65.515038 13.30071
61.565624 12.826149
57.900597 12.375541
54.496877 11.947384
51.333616 11.540284
48.391318 11.152944
45.652267 10.784161
43.100541 10.432818
40.721614 10.097874
38.502193 9.778362
199.74142 23.622807
184.97236 22.522664
171.44715 21.488901
159.05143 20.517194
147.68231 19.603447
137.24719 18.7438
127.66208 17.934627
118.85076 17.172532
110.74426 16.454344
103.28027 15.777105
96.402398 15.138061
90.059449 14.534652
84.204995 13.9645
78.797104 13.425398
73.797868 12.915297
69.172568 12.432298
64.889418 11.974638
60.920261 11.540683
57.239313 11.128918
53.822567 10.737937
50.648696 10.366437
47.698418 10.013206
44.953694 9.6771215
42.398117 9.3571384
40.016941 9.0522868
37.796707 8.7616646
35.725088 8.4844325
185.22846 20.485532
171.58701 19.531496
159.08752 18.635024
147.62568 17.792367
137.10753 16.999972
127.44851 16.254492
118.57184 15.552783
110.40779 14.8919
102.89325 14.269092
95.971109 13.681795
89.589716 13.12762
83.702098 12.604349
78.265652 12.109917
73.241873 11.642412
68.595935 11.200056
64.295921 10.781202
60.312585 10.384323
56.62002 10.008
53.194483 9.6509204
50.013852 9.3118649
47.058467 8.9897024
44.310547 8.6833833
41.753442 8.3919329
39.372001 8.1144457
37.1526 7.8500806
35.082802 7.5980551
33.151207 7.3576414
171.47901 17.755298
158.911 16.928413
147.38797 16.15142
136.81512 15.421068
127.10704 14.734281
118.18681 14.088156
109.98452 13.479968
102.43661 12.907165
95.485534 12.367363
89.079174 11.858338
83.170341 11.378022
77.716097 10.92449
72.677473 10.495955
68.019221 10.090757
63.709447 9.7073564
59.718893 9.3443259
56.020732 9.0003408
52.591195 8.6741731
49.408484 8.3646838
46.452267 8.0708163
43.704473 7.7915904
41.148752 7.5260964
38.769776 7.2734893
36.55359 7.0329846
34.487644 6.8038531
32.560473 6.5854165
30.761564 6.3770443
158.46796 15.38081
146.91917 14.664507
136.32336 13.991425
126.59476 13.358746
117.65604 12.763806
109.43753 12.20409
101.8758 11.677238
94.913209 11.181038
88.497437 10.713426
82.581104 10.272475
77.121261 9.8563938
72.078795 9.4635145
67.418175 9.0922889
63.107244 8.7412797
59.116883 8.4091531
55.420356 8.0946721
51.993129 7.7966896
48.813459 7.5141417
45.861392 7.2460416
43.118294 6.9914743
40.567602 6.7495904
38.194324 6.519602
35.984389 6.3007771
33.924979 6.0924361
32.004564 5.8939472
30.212603 5.7047231
28.539426 5.5242173
146.17157 13.317001
135.58787 12.696812
125.87024 12.114045
116.94141 11.56626
108.73165 11.051149
101.1781 10.566537
94.223506 10.110378
87.815741 9.6807585
81.907474 9.2758909
76.455788 8.8941076
71.421741 8.5338563
66.76983 8.1936939
62.467776 7.8722796
58.48634 7.5683691
54.799023 7.2808075
51.381473 7.0085239
48.211322 6.7505249
45.268741 6.5058895
42.535516 6.2737634
39.994622 6.0533541
37.630922 5.8439264
35.430706 5.644798
33.381094 5.4553352
31.470346 5.2749495
29.687898 5.1030941
28.024085 4.9392602
26.470037 4.7829748
134.56771 11.524317
124.89521 10.987615
116.00704 10.483298
107.83383 10.009254
100.31299 9.5634857
93.388049 9.1441097
87.007528 8.7493573
81.12451 8.3775719
75.696346 8.0272061
70.684317 7.6968171
66.053255 7.3850615
61.771059 7.0906905
57.808508 6.8125439
54.139111 6.5495447
50.738837 6.3006936
47.585576 6.0650638
44.658999 5.8417957
41.94108 5.6300922
39.415246 5.429214
37.065986 5.2384754
34.879506 5.0572401
32.843307 4.8849176
30.945631 4.7209596
29.175757 4.5648568
27.52403 4.4161359
25.981618 4.2743567
24.540406 4.1391099
123.6375 9.968067
114.82233 9.5038424
106.71505 9.0676283
99.253584 8.6575996
92.381951 8.2720281
86.04962 7.909285
80.2105 7.5678402
74.822532 7.246261
69.847446 6.9432088
65.250456 6.6574357
60.999929 6.3877799
57.06695 6.1331609
53.425172 5.8925754
50.050677 5.6650918
46.921751 5.4498457
44.018389 5.2460355
41.322176 5.0529177
38.816779 4.8698027
36.487163 4.6960512
34.319239 4.5310701
32.300478 4.3743089
30.419517 4.2252569
28.665653 4.0834399
27.029124 3.9484173
25.501133 3.8197797
24.073628 3.6971465
22.739206 3.5801635
113.36226 8.6178565
105.35087 8.2165129
97.97627 7.8393856
91.183091 7.4848969
84.921407 7.1515526
79.146162 6.8379444
73.816236 6.5427496
68.894079 6.2647295
64.345487 6.0027269
60.139337 5.7556629
56.247289 5.5225329
52.643406 5.3024031
49.304021 5.0944058
46.207627 4.8977357
43.334672 4.7116455
40.667122 4.5354421
38.188353 4.3684828
35.883614 4.2101714
33.739312 4.0599552
31.742692 3.9173214
29.882403 3.7817941
28.148149 3.6529318
26.530218 3.5303244
25.019743 3.4135911
23.608735 3.3023779
22.289872 3.1963558
21.056422 3.0952185
103.72259 7.4470732
96.462061 7.1002544
89.772613 6.7743621
83.604922 6.4680327
77.914571 6.1799752
72.6615 5.9089725
67.809152 5.6538816
63.324122 5.4136321
59.175962 5.1872241
55.336938 4.9737251
51.781768 4.7722672
48.487283 4.5820432
45.432309 4.4023035
42.597582 4.2323522
39.965568 4.0715434
37.52007 3.9192782
35.246134 3.7750013
33.130485 3.6381974
31.160874 3.5083889
29.32579 3.3851327
27.614985 3.2680175
26.019157 3.1566619
24.529518 3.0507114
23.138041 2.9498369
21.837488 2.8537327
20.621223 2.7621143
19.48314 2.6747171
94.69917 6.4324337
88.137488 6.132868
82.086472 5.8513775
76.502234 5.5867846
71.345321 5.337974
66.580199 5.1038947
62.174455 4.8835592
58.098475 4.676043
54.325253 4.4804823
50.830174 4.2960719
47.590776 4.122062
44.586448 3.9577555
41.798328 3.8025048
39.20923 3.6557088
36.803495 3.5168097
34.56663 3.3852902
32.485234 3.2606706
30.547405 3.1425058
28.742143 3.0303833
27.059094 2.9239204
25.489036 2.8227618
24.023592 2.726578
22.654835 2.6350629
21.375518 2.5479323
20.179105 2.4649219
19.059599 2.3857862
18.011475 2.3102966
86.274614 5.553576
80.360516 5.2949398
74.9019 5.0519093
69.859726 4.8234675
65.198979 4.6086518
60.888185 4.4065546
56.898664 4.2163234
53.204231 4.03716
49.781006 3.8683187
46.607218 3.7091042
43.662984 3.5588691
40.93004 3.4170117
38.391648 3.2829728
36.032544 3.1562334
33.838793 3.036312
31.797481 2.9227619
29.896646 2.815169
28.125654 2.713149
26.474664 2.6163457
24.934396 2.5244287
23.496578 2.4370913
22.153691 2.354049
20.898607 2.2750376
19.724804 2.1998115
18.626396 2.1281428
17.597981 2.0598193
16.634575 1.9946438
78.430187 4.7927193
73.113553 4.5695172
68.202307 4.3597827
63.661707 4.1626382
59.460683 3.977253
55.571366 3.8028438
51.968413 3.6386749
48.628707 3.4840575
45.531179 3.338348
42.656626 3.2009464
39.987506 3.071294
37.507687 2.9488716
35.202377 2.8331964
33.058065 2.7238207
31.062404 2.620329
29.203932 2.5223356
27.472011 2.4294832
25.85718 2.3414403
24.350666 2.2578994
22.944182 2.1785753
21.630334 2.1032034
20.402397 2.0315381
19.253983 1.9633515
18.17924 1.8984317
17.172886 1.8365818
16.230065 1.7776188
15.346299 1.7213725
71.1453 4.1343508
66.377579 3.9418097
61.970037 3.7608862
57.891726 3.5908233
54.115054 3.4309042
50.615339 3.2804534
47.370182 3.1388362
44.359191 3.0054584
41.563803 2.8797648
38.967112 2.7612379
36.553677 2.6493958
34.309298 2.5437903
32.220942 2.4440053
30.276697 2.3496544
28.465667 2.2603792
26.777716 2.1758471
25.203424 2.0957497
23.734405 2.0198011
22.362872 1.9477361
21.08145 1.8793086
19.883557 1.8142905
18.763198 1.7524698
17.714666 1.6936498
16.73273 1.6376479
15.812664 1.5842943
14.950118 1.533431
14.141078 1.4849112
64.398588 3.5649455
60.133114 3.3989224
56.187218 3.2429167
52.533301 3.0962759
49.146825 2.9583818
46.005902 2.8286519
43.090723 2.7065391
40.383293 2.5915309
37.867264 2.4831486
35.527766 2.3809459
33.351236 2.2845073
31.325201 2.1934464
29.438213 2.1074044
27.679805 2.026048
26.040397 1.9490683
24.511062 1.8761784
23.083491 1.8071125
21.750281 1.7416239
20.504547 1.6794841
19.339753 1.6204809
18.250061 1.5644174
17.230147 1.511111
16.274932 1.4603921
15.379754 1.4121031
14.540398 1.3660976
13.752982 1.3222394
13.013917 1.280402
58.169175 3.0727202
54.36136 2.9296205
50.836788 2.7951552
47.57082 2.6687617
44.541607 2.5499073
41.729717 2.4380898
39.11761 2.3328376
36.689396 2.233709
34.430672 2.1402915
32.328365 2.0522004
30.370571 1.9690774
28.546353 1.8905897
26.845674 1.8164279
25.259364 1.7463047
23.779022 1.6799539
22.396814 1.6171282
21.105438 1.5575985
19.898384 1.5011522
18.769589 1.4475923
17.71328 1.3967359
16.7243 1.3484133
15.79794 1.3024671
14.929695 1.2587511
14.115425 1.2171296
13.351385 1.1774762
12.63412 1.1396737
11.960432 1.103613
52.43459 2.6474146
49.042164 2.5241219
45.900555 2.4082685
42.987755 2.2993697
40.284294 2.1969663
37.772897 2.1006259
35.43802 2.0099421
33.265612 1.9245343
31.242975 1.8440471
29.358612 1.768149
27.602071 1.6965314
25.963767 1.6289075
24.434914 1.5650106
23.007487 1.5045935
21.67414 1.4474265
20.428015 1.3932968
19.262714 1.3420068
18.172533 1.2933735
17.152151 1.247227
16.196491 1.2034097
15.301014 1.1617757
14.461568 1.122189
13.674176 1.084524
12.935174 1.0486634
12.241244 1.0144986
11.589325 0.9819285
10.976576 0.95085903
47.170799 2.2801008
44.153991 2.1739144
41.35914 2.0741351
38.766585 1.9803454
36.358965 1.89215
34.120914 1.8091763
32.038635 1.7310744
30.099691 1.6575166
28.292871 1.5881965
26.608047 1.5228289
25.036036 1.4611479
23.568431 1.4029064
22.197542 1.3478749
20.916352 1.2958404
19.718442 1.246605
18.597825 1.1999855
17.548906 1.1558117
16.566704 1.113926
15.646565 1.074182
14.784038 1.0364442
13.975145 1.0005867
13.21624 0.96649247
12.503824 0.9340532
11.834667 0.90316808
11.205843 0.87374347
10.614646 0.84569229
10.058565 0.81893353
42.352966 1.9630133
39.674659 1.8715941
37.192673 1.7856909
34.889448 1.7049443
32.749503 1.6290141
30.75916 1.5575795
28.906162 1.490339
27.179485 1.4270107
25.569212 1.3673308
24.066406 1.3110538
22.662985 1.2579506
21.351566 1.2078086
20.125409 1.1604303
18.978376 1.115632
17.904865 1.0732437
16.89965 1.0331074
15.957849 0.99507682
15.075123 0.95901605
14.247412 0.92479921
13.47083 0.8923095
12.741899 0.86143854
12.057434 0.83208575
11.414364 0.80415773
10.809856 0.77756773
10.241337 0.75223512
9.7064255 0.72808494
9.2029078 0.70504745
37.956067 1.6894012
35.58192 1.6107244
33.381344 1.5367948
31.338662 1.4673031
29.44007 1.4019564
27.673391 1.3404786
26.027728 1.2826104
24.493299 1.2281091
23.061319 1.1767477
21.723892 1.1283147
20.47389 1.0826133
19.30482 1.0394604
18.210767 0.99868581
17.186358 0.96013174
16.2267 0.92365168
15.327232 0.88910978
14.483701 0.85638001
13.69233 0.82534554
12.949586 0.79589798
12.252082 0.76793682
11.596791 0.74136878
10.980934 0.7161073
10.401831 0.69207199
9.8570024 0.6691882
9.3441954 0.64738655
8.8613217 0.62660252
8.4064369 0.60677608
33.95454 1.4534023
31.852953 1.3857162
29.904763 1.3221142
28.09598 1.2623301
26.4143 1.206112
24.848881 1.1532223
23.390036 1.1034381
22.029077 1.0565503
20.758218 1.0123638
19.570472 0.97069664
18.459546 0.93137947
17.419718 0.89425475
16.445792 0.85917616
15.533057 0.82600788
14.677232 0.79462388
13.874337 0.76490729
13.120664 0.73674968
12.412927 0.71005055
11.748053 0.68471664
11.123099 0.66066149
10.53543 0.63780485
9.9826339 0.61607224
9.4623743 0.59539453
8.9724897 0.57570747
8.5110148 0.55695137
8.076125 0.53907074
7.6661187 0.52201394
30.32259 1.2499293
28.464619 1.1917193
26.742168 1.1370215
25.142756 1.0856071
23.655424 1.0372594
22.27052 0.99177424
20.979433 0.9489597
19.77445 0.90863612
18.648667 0.87063568
17.595898 0.83480189
16.61058 0.80098906
15.687666 0.76906174
14.822581 0.7388941
14.011187 0.71036932
13.249733 0.68337903
12.534739 0.6578227
11.862967 0.63360711
11.231557 0.6106458
10.637837 0.5888586
10.079246 0.56817112
9.5534994 0.54851436
9.0585025 0.52982428
8.5922257 0.51204139
8.1527899 0.49511048
7.7384859 0.4789802
7.3477251 0.46360281
6.9790241 0.44893392
27.034565 1.0745706
25.393839 1.0245272
23.872797 0.9775033
22.460315 0.93330215
21.146633 0.89173749
19.923165 0.8526337
18.78226 0.81582586
17.717074 0.78115952
16.721486 0.74849039
15.790016 0.71768393
14.917746 0.6886149
14.100218 0.66116685
13.333398 0.63523159
12.613643 0.61070872
11.937659 0.58750504
11.302396 0.56553416
10.705021 0.5447159
10.14304 0.52497596
9.614127 0.5062454
9.1160535 0.48846028
8.6468367 0.47156127
8.2046608 0.45549331
7.7877655 0.44020528
7.3945205 0.42564969
7.0234437 0.41178241
6.6731565 0.3985624
6.34237 0.38595147
24.065267 0.92350209
22.617881 0.8804941
21.276167 0.84008112
20.030209 0.80209406
18.871321 0.76637282
17.791871 0.73276649
16.785062 0.70113333
15.844823 0.67134059
14.96573 0.64326429
14.142929 0.61678879
13.372068 0.59180646
12.649209 0.56821722
11.970788 0.54592809
11.333596 0.52485279
10.734734 0.50491122
10.171523 0.48602913
9.6414792 0.46813762
9.1424231 0.45117283
8.6723261 0.43507551
8.2292477 0.41979072
7.8114655 0.40526747
7.4174057 0.39145843
7.045542 0.37831968
6.6944621 0.36581039
6.3628832 0.35389264
6.0496117 0.34253116
5.7535307 0.33169315
21.390147 0.79341021
20.114513 0.75646074
18.932153 0.72174072
17.834238 0.68910488
16.813038 0.65841568
15.861771 0.62954345
14.974403 0.60236644
14.14555 0.57677059
13.370404 0.55264937
12.64467 0.52990345
11.964496 0.50844036
11.3264 0.48817411
10.727235 0.46902483
10.164168 0.45091838
9.6346462 0.43378596
9.1363118 0.41756376
8.666985 0.40219261
8.224756 0.38761763
7.8078521 0.37378792
7.4145805 0.36065627
7.0434429 0.34817889
6.6930731 0.33631511
6.3621476 0.32502718
6.0494429 0.31428006
5.7538493 0.30404114
5.4743348 0.29428013
5.2099338 0.28496885
18.985511 0.68142527
17.862185 0.64969106
16.821176 0.61987163
15.85462 0.59184219
14.955644 0.56548463
14.118221 0.54068759
13.336996 0.51734648
12.607196 0.49536337
11.924562 0.47464674
11.285291 0.4551113
10.685977 0.43667762
10.123541 0.41927185
9.5952038 0.4028254
9.0984661 0.38727458
8.6310759 0.37256031
8.1909574 0.35862779
7.7761941 0.34542619
7.3851095 0.33290839
7.0161511 0.32103067
6.6678383 0.30975248
6.3388649 0.2990362
6.0280422 0.28884693
5.7342204 0.27915223
5.4563382 0.26992199
5.1934352 0.26112824
4.9446193 0.25274494
4.7090562 0.24474788
16.828635 0.58506268
15.84017 0.55781618
14.924337 0.53221367
14.074138 0.50814803
13.283461 0.48551783
12.546952 0.46422746
11.859861 0.44418714
11.217956 0.42531277
10.617465 0.40752578
10.055023 0.39075294
9.527619 0.37492606
9.0325325 0.35998172
8.56731 0.34586103
8.1297458 0.33250932
7.7178541 0.31987586
7.3298063 0.3079136
6.9639153 0.2965789
6.6187072 0.28583129
6.2928192 0.27563324
5.9849535 0.26594994
5.6939677 0.2567491
5.4188245 0.24800073
5.1585226 0.23967699
4.9121394 0.23175204
4.6788425 0.22420184
4.4578598 0.21700405
4.2484704 0.21013788
14.897897 0.50217237
14.028684 0.47878616
13.223546 0.45681101
12.476261 0.43615499
11.781393 0.41673103
11.134189 0.39845708
10.530434 0.38125606
9.9663774 0.3650558
9.4386804 0.34978887
8.9443664 0.33539239
8.4807735 0.32180785
8.0454993 0.30898081
7.6363784 0.29686073
7.2514649 0.28540068
6.889008 0.27455711
6.5473961 0.26428965
6.2251435 0.25456083
5.9209527 0.24533593
5.6336256 0.23658272
5.3620224 0.22827134
5.1051415 0.22037406
4.8620758 0.21286514
4.6319507 0.20572069
4.4139625 0.19891853
4.207388 0.19243803
4.0115579 0.18626
3.8258488 0.18036662
13.17291 0.43089552
12.409016 0.41082874
11.701644 0.39197274
11.045255 0.37424862
10.435024 0.35758169
9.8667275 0.34190154
9.3366292 0.32714202
8.8414053 0.31324121
8.3781005 0.30014125
7.9440822 0.28778819
7.5369982 0.27613182
7.1547275 0.26512544
6.7953592 0.25472567
6.4571772 0.24489224
6.138638 0.23558779
5.8383214 0.22677767
5.5549186 0.21842974
5.2872871 0.2105142
5.0343725 0.20300341
4.7951728 0.19587173
4.5688084 0.18909537
4.354484 0.18265225
4.1514343 0.17652187
3.9589574 0.17068519
3.7764235 0.16512451
3.6032509 0.15982338
3.4388992 0.15476648
11.634569 0.36962589
10.963587 0.3524125
10.342453 0.33623772
9.7662465 0.32103387
9.2306794 0.30673687
8.7320053 0.29328634
8.26691 0.28062554
7.8324496 0.26870134
7.4260084 0.25746411
7.0452587 0.24686758
6.6881219 0.23686867
6.3527255 0.22742732
6.0373838 0.21850632
5.7405836 0.21007113
5.4609643 0.20208971
5.1972748 0.19453233
4.9483627 0.18737142
4.7132219 0.18058141
4.4909244 0.1741386
4.280589 0.16802098
4.0814427 0.16220817
3.8927873 0.15668121
3.7139518 0.15142252
3.5443219 0.14641576
3.3833472 0.14164577
3.2305209 0.13709841
3.085373 0.13276057
0.00033538285 1522.1417
0.00034576662 1562.5561
0.00035643162 1598.2797
0.00036736956 1629.774
0.00037857248 1657.4519
0.00039003282 1681.6826
0.00040174334 1702.7976
0.00041369718 1721.0942
0.00042588784 1736.8398
0.00043830911 1750.2748
0.00045095515 1761.6162
0.0004638204 1771.0594
0.00047689959 1778.7809
0.00049018775 1784.9402
0.00050368014 1789.6817
0.00051737231 1793.136
0.00053126 1795.4216
0.00054533919 1796.646
0.00055960608 1796.9065
0.00057405703 1796.292
0.0005886886 1794.8829
0.00060349752 1792.7526
0.00061848069 1789.968
0.00063363514 1786.5898
0.00064895804 1782.6735
0.00066444671 1778.27
0.00068009857 1773.4253
5.0612173 9.8759591e+09 1.3228757
5.035801 1.1300884e+10 1.3601471
4.9995793 1.2591811e+10 1.396424
4.9553153 1.3743134e+10 1.4317821
4.905214 1.4756402e+10 1.4662878
4.8510156 1.5637682e+10 1.5
4.7940815 1.6395676e+10 1.532971
4.735468 1.7040412e+10 1.5652476
4.6759889 1.7582367e+10 1.5968719
4.6162661 1.8031904e+10 1.6278821
4.556771 1.8398923e+10 1.6583124
4.4978566 1.8692667e+10 1.6881943
4.4397842 1.8921628e+10 1.7175564
7
