# Fiducial parameters, omega_b = 0.022237, omega_cdm = 0.12, 100*theta_s = 1.0418, ln10^{10}A_s = 3.044, n_s = 0.9649, tau_reio = 0.0544, M_tot_IH = 0.3, sigma_NL = 7, beta_0^Euclid = 1, beta_1^Euclid = 1, z_reio = 1, Omega_Lambda = 1, YHe = 1, H0 = 0, A_s = 0, sigma8 = 0
1.465971e-08
1.6142053e-08
1.7379028e-08
1.7993274e-08
1.8445739e-08
1.8831071e-08
1.9154364e-08
1.9447779e-08
1.9741642e-08
2.0140733e-08
0
2.5829283e-08
2.5913294e-08
2.7246425e-08
2.8231016e-08
2.9069768e-08
2.977351e-08
3.0412227e-08
3.1051933e-08
3.1920741e-08
0
0
3.1947483e-08
3.1261356e-08
3.2644636e-08
3.3825829e-08
3.4817289e-08
3.5717174e-08
3.6618464e-08
3.784256e-08
0
0
0
3.600579e-08
3.5143668e-08
3.6584345e-08
3.7795729e-08
3.8895496e-08
3.9997008e-08
4.1493051e-08
0
0
0
0
3.9622093e-08
3.8771259e-08
4.0197846e-08
4.1494617e-08
4.2793669e-08
4.4558034e-08
0
0
0
0
0
4.3244098e-08
4.2358452e-08
4.3867095e-08
4.5379815e-08
4.743457e-08
0
0
0
0
0
0
4.6771202e-08
4.5959125e-08
4.7696262e-08
5.0057251e-08
0
0
0
0
0
0
0
5.0451996e-08
4.9897661e-08
5.2601908e-08
0
0
0
0
0
0
0
0
5.4708945e-08
5.5300479e-08
0
0
0
0
0
0
0
0
0
6.1684878e-08
1.3735648e-08
1.5256805e-08
1.6527865e-08
1.7159271e-08
1.7624382e-08
1.8020485e-08
1.8352817e-08
1.8654437e-08
1.8956518e-08
1.9366775e-08
0
2.5230021e-08
2.5486585e-08
2.6910547e-08
2.7962483e-08
2.8858631e-08
2.9610534e-08
3.0292964e-08
3.0976454e-08
3.1904733e-08
0
0
3.1802509e-08
3.1275297e-08
3.2778821e-08
3.4062968e-08
3.5140884e-08
3.6119245e-08
3.7099139e-08
3.8429998e-08
0
0
0
3.6228311e-08
3.552864e-08
3.7109965e-08
3.843983e-08
3.964719e-08
4.0856472e-08
4.2498894e-08
0
0
0
0
4.0208944e-08
3.9536358e-08
4.1114432e-08
4.2549062e-08
4.3986241e-08
4.593822e-08
0
0
0
0
0
4.4226043e-08
4.3527806e-08
4.5208132e-08
4.6893131e-08
4.9181921e-08
0
0
0
0
0
0
4.8163965e-08
4.7559399e-08
4.9505905e-08
5.2151577e-08
0
0
0
0
0
0
0
5.2298049e-08
5.1994987e-08
5.5042338e-08
0
0
0
0
0
0
0
0
5.7107476e-08
5.8116514e-08
0
0
0
0
0
0
0
0
0
6.5046572e-08
1.263425e-08
1.4093373e-08
1.5369074e-08
1.6003071e-08
1.6470098e-08
1.6867834e-08
1.7201537e-08
1.7504403e-08
1.7807733e-08
1.821969e-08
0
2.4192038e-08
2.4573357e-08
2.6064713e-08
2.7166761e-08
2.8105633e-08
2.8893387e-08
2.9608357e-08
3.0324441e-08
3.1296995e-08
0
0
3.1118932e-08
3.0725908e-08
3.2331716e-08
3.3703571e-08
3.485516e-08
3.5900398e-08
3.6947275e-08
3.8369116e-08
0
0
0
3.5863251e-08
3.530892e-08
3.7016544e-08
3.8452902e-08
3.9756983e-08
4.1063146e-08
4.2837158e-08
0
0
0
0
4.0175401e-08
3.9668344e-08
4.1387448e-08
4.2950493e-08
4.4516347e-08
4.6643101e-08
0
0
0
0
0
4.4564265e-08
4.4045173e-08
4.588988e-08
4.7739889e-08
5.0252846e-08
0
0
0
0
0
0
4.8899035e-08
4.8497414e-08
5.0648921e-08
5.3573392e-08
0
0
0
0
0
0
0
5.3480526e-08
5.3428127e-08
5.6818023e-08
0
0
0
0
0
0
0
0
5.8846123e-08
6.0279766e-08
0
0
0
0
0
0
0
0
0
6.7777202e-08
1.1590228e-08
1.288981e-08
1.4138875e-08
1.4759969e-08
1.5217501e-08
1.5607151e-08
1.5934071e-08
1.6230781e-08
1.6527948e-08
1.6931536e-08
0
2.2932652e-08
2.3377431e-08
2.4905817e-08
2.6035628e-08
2.6998191e-08
2.7805827e-08
2.8538846e-08
2.9273009e-08
3.027012e-08
0
0
3.0079835e-08
2.9785219e-08
3.1467109e-08
3.2904393e-08
3.4110969e-08
3.5206121e-08
3.6302996e-08
3.7792749e-08
0
0
0
3.5068989e-08
3.4632571e-08
3.6443307e-08
3.7966745e-08
3.9349931e-08
4.0735332e-08
4.2616972e-08
0
0
0
0
3.9657475e-08
3.9292818e-08
4.1133728e-08
4.2807779e-08
4.4484874e-08
4.676273e-08
0
0
0
0
0
4.4372492e-08
4.4014226e-08
4.6006864e-08
4.8005445e-08
5.0720251e-08
0
0
0
0
0
0
4.9068866e-08
4.8855381e-08
5.1197252e-08
5.4380685e-08
0
0
0
0
0
0
0
5.4070353e-08
5.4256669e-08
5.7973142e-08
0
0
0
0
0
0
0
0
5.9972029e-08
6.182046e-08
0
0
0
0
0
0
0
0
0
6.9888069e-08
1.0354099e-08
1.1381904e-08
1.2567486e-08
1.3157405e-08
1.3591982e-08
1.3962085e-08
1.4272605e-08
1.4554431e-08
1.4836693e-08
1.522004e-08
0
2.1149599e-08
2.1578235e-08
2.3103872e-08
2.4232138e-08
2.5193434e-08
2.6000013e-08
2.6732073e-08
2.7465279e-08
2.8461095e-08
0
0
2.8337405e-08
2.8090788e-08
2.9811628e-08
3.1282733e-08
3.2517777e-08
3.3638778e-08
3.4761545e-08
3.6286472e-08
0
0
0
3.3465042e-08
3.3105426e-08
3.498434e-08
3.6565574e-08
3.800129e-08
3.9439313e-08
4.1392433e-08
0
0
0
0
3.8244942e-08
3.7985648e-08
3.9917407e-08
4.1674395e-08
4.3434624e-08
4.5825406e-08
0
0
0
0
0
4.3210619e-08
4.2981287e-08
4.5093046e-08
4.7211377e-08
5.0088889e-08
0
0
0
0
0
0
4.8204501e-08
4.8150359e-08
5.0653915e-08
5.4057397e-08
0
0
0
0
0
0
0
5.3568995e-08
5.3966362e-08
5.7972064e-08
0
0
0
0
0
0
0
0
5.995341e-08
6.2182883e-08
0
0
0
0
0
0
0
0
0
7.0795806e-08
9.1202129e-09
9.7902751e-09
1.0880243e-08
1.1423022e-08
1.1822884e-08
1.2163423e-08
1.2449139e-08
1.2708455e-08
1.2968172e-08
1.3320902e-08
0
1.9076524e-08
1.9403152e-08
2.0882688e-08
2.1977436e-08
2.2910233e-08
2.3692906e-08
2.4403271e-08
2.511475e-08
2.6081061e-08
0
0
2.6102935e-08
2.584436e-08
2.7559768e-08
2.9026875e-08
3.0258658e-08
3.1376707e-08
3.2496521e-08
3.4017442e-08
0
0
0
3.123948e-08
3.0904905e-08
3.2807862e-08
3.4409859e-08
3.5864496e-08
3.732148e-08
3.9300358e-08
0
0
0
0
3.6101568e-08
3.5898619e-08
3.7880122e-08
3.968275e-08
4.148876e-08
4.3941734e-08
0
0
0
0
0
4.1215746e-08
4.1070874e-08
4.3261453e-08
4.5459188e-08
4.8444611e-08
0
0
0
0
0
0
4.6415569e-08
4.6478263e-08
4.9101035e-08
5.266691e-08
0
0
0
0
0
0
0
5.2056419e-08
5.2621012e-08
5.6856595e-08
0
0
0
0
0
0
0
0
5.8835285e-08
6.1386292e-08
0
0
0
0
0
0
0
0
0
7.0488131e-08
8.0162148e-09
8.282584e-09
9.254329e-09
9.7386823e-09
1.0095515e-08
1.039941e-08
1.0654382e-08
1.0885794e-08
1.1117565e-08
1.1432342e-08
0
1.6922761e-08
1.7064409e-08
1.8455333e-08
1.9485169e-08
2.0362724e-08
2.1099052e-08
2.1767355e-08
2.2436707e-08
2.3345807e-08
0
0
2.3582113e-08
2.3246359e-08
2.4907775e-08
2.6329462e-08
2.752322e-08
2.8606767e-08
2.9692026e-08
3.1166021e-08
0
0
0
2.8582877e-08
2.8213532e-08
3.008935e-08
3.1669132e-08
3.3103678e-08
3.4540547e-08
3.6492112e-08
0
0
0
0
3.3398267e-08
3.3192259e-08
3.5173543e-08
3.697645e-08
3.8782808e-08
4.1236265e-08
0
0
0
0
0
3.8534675e-08
3.8417889e-08
4.0636085e-08
4.2861936e-08
4.5885613e-08
0
0
0
0
0
0
4.382213e-08
4.3945388e-08
4.6631031e-08
5.0282778e-08
0
0
0
0
0
0
0
4.9622216e-08
5.0293202e-08
5.4676119e-08
0
0
0
0
0
0
0
0
5.6669674e-08
5.9454375e-08
0
0
0
0
0
0
0
0
0
6.8952248e-08
7.0029431e-09
6.8450445e-09
7.6840543e-09
8.1026719e-09
8.4110893e-09
8.6737519e-09
8.8941295e-09
9.0941446e-09
9.2944701e-09
9.566541e-09
0
1.4718798e-08
1.4601168e-08
1.5864617e-08
1.6800778e-08
1.7598585e-08
1.8268006e-08
1.8875584e-08
1.9484118e-08
2.0310617e-08
0
0
2.0815917e-08
2.0336326e-08
2.1893757e-08
2.3227318e-08
2.4347206e-08
2.5363714e-08
2.6381832e-08
2.7764639e-08
0
0
0
2.5528921e-08
2.5059666e-08
2.6852376e-08
2.8362897e-08
2.9734643e-08
3.110862e-08
3.2974772e-08
0
0
0
0
3.0154277e-08
2.9877359e-08
3.1801181e-08
3.3552365e-08
3.5306979e-08
3.7690168e-08
0
0
0
0
0
3.5165966e-08
3.501009e-08
3.7194749e-08
3.9387439e-08
4.2366137e-08
0
0
0
0
0
0
4.0397639e-08
4.0511786e-08
4.3190402e-08
4.6833071e-08
0
0
0
0
0
0
0
4.6209413e-08
4.6908493e-08
5.133234e-08
0
0
0
0
0
0
0
0
5.3360146e-08
5.6260231e-08
0
0
0
0
0
0
0
0
0
6.6020012e-08
6.1258088e-09
5.5658234e-09
6.2718797e-09
6.6245067e-09
6.8843173e-09
7.1055848e-09
7.2912315e-09
7.4597249e-09
7.6284802e-09
7.8576746e-09
0
1.2637166e-08
1.2212142e-08
1.3321651e-08
1.4144451e-08
1.4845727e-08
1.5434158e-08
1.596823e-08
1.6503142e-08
1.7229652e-08
0
0
1.8028451e-08
1.734867e-08
1.8759293e-08
1.9968058e-08
2.0983284e-08
2.1904803e-08
2.2827783e-08
2.4081378e-08
0
0
0
2.2319269e-08
2.1689134e-08
2.3346011e-08
2.4742885e-08
2.601153e-08
2.728225e-08
2.9008161e-08
0
0
0
0
2.6616272e-08
2.6200486e-08
2.8009263e-08
2.9656366e-08
3.1306784e-08
3.3548463e-08
0
0
0
0
0
3.1352368e-08
3.1086328e-08
3.3172563e-08
3.5267036e-08
3.8112385e-08
0
0
0
0
0
0
3.6373335e-08
3.6401213e-08
3.8995236e-08
4.2523424e-08
0
0
0
0
0
0
0
4.2030212e-08
4.2666943e-08
4.7008627e-08
0
0
0
0
0
0
0
0
4.9089275e-08
5.1961825e-08
0
0
0
0
0
0
0
0
0
6.1811422e-08
5.3942367e-09
4.4756984e-09
5.0586843e-09
5.3500718e-09
5.5647714e-09
5.7476206e-09
5.901034e-09
6.0402725e-09
6.1797275e-09
6.3691282e-09
0
1.0780633e-08
1.003218e-08
1.0976928e-08
1.1678156e-08
1.2275888e-08
1.2777444e-08
1.3232666e-08
1.3688605e-08
1.4307856e-08
0
0
1.5394699e-08
1.4476838e-08
1.5711051e-08
1.6769533e-08
1.7658676e-08
1.8465762e-08
1.9274129e-08
2.0372059e-08
0
0
0
1.916559e-08
1.8325911e-08
1.9804386e-08
2.105168e-08
2.2184588e-08
2.3319358e-08
2.4860623e-08
0
0
0
0
2.3018716e-08
2.2404124e-08
2.4046715e-08
2.5543171e-08
2.7042737e-08
2.907953e-08
0
0
0
0
0
2.7341593e-08
2.6897886e-08
2.8823816e-08
3.0757977e-08
3.3385625e-08
0
0
0
0
0
0
3.200079e-08
3.1864797e-08
3.4295991e-08
3.7603341e-08
0
0
0
0
0
0
0
3.7331316e-08
3.7810082e-08
4.1939224e-08
0
0
0
0
0
0
0
0
4.4087767e-08
4.6773999e-08
0
0
0
0
0
0
0
0
0
5.6510216e-08
4.7851628e-09
3.5588222e-09
4.0345601e-09
4.2724483e-09
4.4477344e-09
4.5970174e-09
4.7222683e-09
4.8359466e-09
4.9498017e-09
5.1044343e-09
0
9.1852346e-09
8.1307907e-09
8.9169443e-09
9.500894e-09
9.9987121e-09
1.0416436e-08
1.0795571e-08
1.1175304e-08
1.1691053e-08
0
0
1.3035793e-08
1.1868061e-08
1.2915303e-08
1.3814178e-08
1.4569372e-08
1.5254881e-08
1.594148e-08
1.6874024e-08
0
0
0
1.6245302e-08
1.5168985e-08
1.6444608e-08
1.7521528e-08
1.849979e-08
1.9479672e-08
2.0810566e-08
0
0
0
0
1.9583194e-08
1.872833e-08
2.0168822e-08
2.1481829e-08
2.2797661e-08
2.4584908e-08
0
0
0
0
0
2.3391578e-08
2.2716888e-08
2.4433251e-08
2.6157591e-08
2.8500276e-08
0
0
0
0
0
0
2.7564513e-08
2.7197513e-08
2.9397865e-08
3.239185e-08
0
0
0
0
0
0
0
3.2415243e-08
3.2647111e-08
3.64421e-08
0
0
0
0
0
0
0
0
3.8666602e-08
4.1008706e-08
0
0
0
0
0
0
0
0
0
5.0414138e-08
4.2733162e-09
2.7791999e-09
3.1622337e-09
3.3538181e-09
3.4949885e-09
3.6152169e-09
3.7160906e-09
3.8076441e-09
3.8993402e-09
4.0238776e-09
0
7.8206002e-09
6.4975923e-09
7.1425166e-09
7.62178e-09
8.0303862e-09
8.3732552e-09
8.684451e-09
8.9961371e-09
9.4194668e-09
0
0
1.0985199e-08
9.5811553e-09
1.0449765e-08
1.1195808e-08
1.1822687e-08
1.2391731e-08
1.296168e-08
1.373579e-08
0
0
0
1.3651429e-08
1.2336933e-08
1.3406961e-08
1.4310895e-08
1.5132105e-08
1.5954682e-08
1.7071923e-08
0
0
0
0
1.6458687e-08
1.5347703e-08
1.6571512e-08
1.7687585e-08
1.8806145e-08
2.0325454e-08
0
0
0
0
0
1.9705376e-08
1.8769723e-08
2.0248236e-08
2.173421e-08
2.3753133e-08
0
0
0
0
0
0
2.3315211e-08
2.2671475e-08
2.4594169e-08
2.7211e-08
0
0
0
0
0
0
0
2.7575014e-08
2.7491127e-08
3.0857284e-08
0
0
0
0
0
0
0
0
3.315639e-08
3.5018759e-08
0
0
0
0
0
0
0
0
0
4.3886481e-08
3.8775645e-09
2.1549989e-09
2.4583178e-09
2.6101072e-09
2.7219561e-09
2.8172128e-09
2.897135e-09
2.9696727e-09
3.0423236e-09
3.1409947e-09
0
6.6935126e-09
5.1431434e-09
5.6679028e-09
6.0579323e-09
6.3904729e-09
6.6695157e-09
6.9227816e-09
7.1764468e-09
7.5209732e-09
0
0
9.2760786e-09
7.6668634e-09
8.3789646e-09
8.9907885e-09
9.5049319e-09
9.9716458e-09
1.0439103e-08
1.1074007e-08
0
0
0
1.1463826e-08
9.9330641e-09
1.0815062e-08
1.1560473e-08
1.2237722e-08
1.2916103e-08
1.3837497e-08
0
0
0
0
1.3780491e-08
1.242549e-08
1.3441576e-08
1.4368595e-08
1.5297744e-08
1.6559785e-08
0
0
0
0
0
1.6481117e-08
1.5283897e-08
1.6522885e-08
1.7768576e-08
1.9461102e-08
0
0
0
0
0
0
1.9514547e-08
1.8579092e-08
2.0207963e-08
2.2425442e-08
0
0
0
0
0
0
0
2.313706e-08
2.2702076e-08
2.5589985e-08
0
0
0
0
0
0
0
0
2.7952391e-08
2.9246025e-08
0
0
0
0
0
0
0
0
0
3.741251e-08
3.5642358e-09
1.6495075e-09
1.883717e-09
2.0010471e-09
2.0875068e-09
2.1611409e-09
2.2229211e-09
2.2789933e-09
2.3351529e-09
2.4114264e-09
0
5.745419e-09
3.9956609e-09
4.415965e-09
4.728436e-09
4.9948571e-09
5.2184182e-09
5.4213278e-09
5.6245575e-09
5.9005831e-09
0
0
7.8251878e-09
6.0421139e-09
6.6212044e-09
7.1187975e-09
7.5369607e-09
7.9165504e-09
8.2967447e-09
8.8131291e-09
0
0
0
9.608149e-09
7.8928565e-09
8.6135589e-09
9.2227476e-09
9.7762509e-09
1.0330683e-08
1.1083726e-08
0
0
0
0
1.1503147e-08
9.9345246e-09
1.07677e-08
1.1528005e-08
1.2290088e-08
1.3325212e-08
0
0
0
0
0
1.3719524e-08
1.2284795e-08
1.3305214e-08
1.43314e-08
1.5725724e-08
0
0
0
0
0
0
1.6220997e-08
1.500946e-08
1.6359101e-08
1.8196806e-08
0
0
0
0
0
0
0
1.9228783e-08
1.8445859e-08
2.0858337e-08
0
0
0
0
0
0
0
0
2.3266622e-08
2.3964637e-08
0
0
0
0
0
0
0
0
0
3.1338939e-08
3.3260044e-09
1.2607087e-09
1.4385118e-09
1.5276737e-09
1.5933801e-09
1.6493396e-09
1.6962907e-09
1.7389037e-09
1.7815831e-09
1.8395485e-09
0
4.9843562e-09
3.0561748e-09
3.3835769e-09
3.6271802e-09
3.8348998e-09
4.0092043e-09
4.1674073e-09
4.3258601e-09
4.54107e-09
0
0
6.6125286e-09
4.6766641e-09
5.1395809e-09
5.5374745e-09
5.8718673e-09
6.1754153e-09
6.479447e-09
6.8923869e-09
0
0
0
8.0437223e-09
6.1708713e-09
6.7539261e-09
7.2468121e-09
7.6946503e-09
8.1432411e-09
8.7525286e-09
0
0
0
0
9.5811695e-09
7.8320307e-09
8.5102363e-09
9.12916e-09
9.7495394e-09
1.0592191e-08
0
0
0
0
0
1.138838e-08
9.7514204e-09
1.0585041e-08
1.1423441e-08
1.2562626e-08
0
0
0
0
0
0
1.3433961e-08
1.1982246e-08
1.3088015e-08
1.4593803e-08
0
0
0
0
0
0
0
1.5900563e-08
1.4805005e-08
1.6788884e-08
0
0
0
0
0
0
0
0
1.9226859e-08
1.9365028e-08
0
0
0
0
0
0
0
0
0
2.594591e-08
3.1468678e-09
9.6846197e-10
1.1033962e-09
1.1710573e-09
1.2209211e-09
1.2633881e-09
1.2990187e-09
1.3313573e-09
1.3637462e-09
1.4077354e-09
0
4.4046643e-09
2.3275744e-09
2.5761118e-09
2.7612475e-09
2.919137e-09
3.0516294e-09
3.1718829e-09
3.2923262e-09
3.4559118e-09
0
0
5.6413103e-09
3.5676453e-09
3.9262875e-09
4.2348497e-09
4.4942073e-09
4.7296442e-09
4.9654565e-09
5.28574e-09
0
0
0
6.7537041e-09
4.7395522e-09
5.19987e-09
5.5891925e-09
5.9429524e-09
6.2973082e-09
6.7786037e-09
0
0
0
0
7.9729247e-09
6.0659223e-09
6.6090592e-09
7.1048057e-09
7.6017276e-09
8.2766902e-09
0
0
0
0
0
9.4259513e-09
7.6162464e-09
8.2903521e-09
8.9683586e-09
9.889613e-09
0
0
0
0
0
0
1.1084763e-08
9.4301147e-09
1.0329495e-08
1.1554261e-08
0
0
0
0
0
0
0
1.3094633e-08
1.1733886e-08
1.3353343e-08
0
0
0
0
0
0
0
0
1.5813447e-08
1.5466422e-08
0
0
0
0
0
0
0
0
0
2.1330304e-08
3.0116624e-09
7.4742734e-10
8.5004301e-10
9.0148501e-10
9.3939521e-10
9.7168187e-10
9.9877095e-10
1.0233571e-09
1.0479816e-09
1.0814255e-09
0
3.9681458e-09
1.7790992e-09
1.9669284e-09
2.1068693e-09
2.2262276e-09
2.3263882e-09
2.4172966e-09
2.5083485e-09
2.6320147e-09
0
0
4.9016267e-09
2.7130809e-09
2.9837721e-09
3.2169076e-09
3.4129115e-09
3.5908418e-09
3.7690559e-09
4.0111088e-09
0
0
0
5.7405871e-09
3.6007757e-09
3.9519329e-09
4.2492264e-09
4.5194022e-09
4.7900361e-09
5.1576186e-09
0
0
0
0
6.6727592e-09
4.62243e-09
5.0434461e-09
5.4279549e-09
5.8134036e-09
6.3369557e-09
0
0
0
0
0
7.8037539e-09
5.8385393e-09
6.3696371e-09
6.9039642e-09
7.630008e-09
0
0
0
0
0
0
9.1169131e-09
7.2836457e-09
8.0018214e-09
8.97992e-09
0
0
0
0
0
0
0
1.0728932e-08
9.1402348e-09
1.0446589e-08
0
0
0
0
0
0
0
0
1.2930295e-08
1.2172437e-08
0
0
0
0
0
0
0
0
0
1.7428408e-08
2.9092416e-09
5.8054308e-10
6.5854837e-10
6.9766142e-10
7.2648562e-10
7.5103404e-10
7.7163059e-10
7.9032411e-10
8.0904673e-10
8.3447489e-10
0
3.6361724e-09
1.3626419e-09
1.505104e-09
1.6111944e-09
1.7016752e-09
1.7776028e-09
1.8465167e-09
1.9155394e-09
2.0092856e-09
0
0
4.3446467e-09
2.0709962e-09
2.27544e-09
2.4514835e-09
2.5994953e-09
2.7338606e-09
2.8684403e-09
3.0512282e-09
0
0
0
4.9778438e-09
2.7388267e-09
3.0026782e-09
3.2261633e-09
3.429288e-09
3.6327599e-09
3.909121e-09
0
0
0
0
5.6771925e-09
3.5054564e-09
3.8224248e-09
4.1121114e-09
4.4025393e-09
4.797028e-09
0
0
0
0
0
6.5287582e-09
4.4249706e-09
4.8286578e-09
5.2350381e-09
5.7872585e-09
0
0
0
0
0
0
7.5296522e-09
5.5338447e-09
6.0875875e-09
6.8419773e-09
0
0
0
0
0
0
0
8.7786255e-09
6.9833439e-09
8.0067513e-09
0
0
0
0
0
0
0
0
1.0514626e-08
9.393106e-09
0
0
0
0
0
0
0
0
0
1.4128209e-08
2.8307868e-09
4.5436651e-10
5.1411754e-10
5.4406374e-10
5.6613262e-10
5.8492781e-10
6.0069728e-10
6.1500972e-10
6.2934443e-10
6.4881311e-10
0
3.3867534e-09
1.0478742e-09
1.1552957e-09
1.235326e-09
1.3035816e-09
1.3608585e-09
1.4128444e-09
1.4649124e-09
1.5356308e-09
0
0
3.9200834e-09
1.5818617e-09
1.7365815e-09
1.8697699e-09
1.9817385e-09
2.0833826e-09
2.185189e-09
2.3234637e-09
0
0
0
4.3998109e-09
2.0884058e-09
2.2881821e-09
2.4573071e-09
2.6110157e-09
2.7649868e-09
2.9741146e-09
0
0
0
0
4.9295457e-09
2.667661e-09
2.9064038e-09
3.1245725e-09
3.3433043e-09
3.6404091e-09
0
0
0
0
0
5.57007e-09
3.3573038e-09
3.6598494e-09
3.9644924e-09
4.3784825e-09
0
0
0
0
0
0
6.3189843e-09
4.1868379e-09
4.6020401e-09
5.1678804e-09
0
0
0
0
0
0
0
7.2557162e-09
5.2778386e-09
6.0510863e-09
0
0
0
0
0
0
0
0
8.5728236e-09
7.1204577e-09
0
0
0
0
0
0
0
0
0
1.138101e-08
2.7699489e-09
3.5796562e-10
4.0420276e-10
4.2736539e-10
4.4443451e-10
4.5897159e-10
4.7116843e-10
4.8223833e-10
4.9332544e-10
5.0838338e-10
0
3.1995308e-09
8.127374e-10
8.9412855e-10
9.5474632e-10
1.0064469e-09
1.049832e-09
1.0892093e-09
1.1286488e-09
1.1822151e-09
0
0
3.6025704e-09
1.2141696e-09
1.3301832e-09
1.4301078e-09
1.5141209e-09
1.5903874e-09
1.6667757e-09
1.7705271e-09
0
0
0
3.9615488e-09
1.5933471e-09
1.7434216e-09
1.870511e-09
1.9860146e-09
2.1017149e-09
2.2588622e-09
0
0
0
0
4.3596244e-09
2.0299413e-09
2.2102059e-09
2.3748989e-09
2.5400077e-09
2.7642751e-09
0
0
0
0
0
4.8440435e-09
2.5520089e-09
2.7806634e-09
3.0108287e-09
3.3236005e-09
0
0
0
0
0
0
5.4102492e-09
3.1778512e-09
3.4902864e-09
3.9160341e-09
0
0
0
0
0
0
0
6.1139763e-09
3.9949784e-09
4.573566e-09
0
0
0
0
0
0
0
0
7.0974185e-09
5.3700297e-09
0
0
0
0
0
0
0
0
0
9.2054012e-09
2.7220692e-09
2.8337934e-10
3.1955575e-10
3.3766791e-10
3.5101494e-10
3.6238204e-10
3.7191921e-10
3.8057518e-10
3.8924461e-10
4.0101897e-10
0
3.057578e-09
6.3537583e-10
6.9764183e-10
7.4399895e-10
7.835331e-10
8.1670818e-10
8.468187e-10
8.7697667e-10
9.1793697e-10
0
0
3.3649961e-09
9.4023322e-10
1.0279623e-09
1.1034772e-09
1.1669631e-09
1.2245955e-09
1.2823197e-09
1.3607215e-09
0
0
0
3.6361005e-09
1.225346e-09
1.3377706e-09
1.4329771e-09
1.5195098e-09
1.6061905e-09
1.7239225e-09
0
0
0
0
3.9336455e-09
1.5506717e-09
1.6850528e-09
1.8078805e-09
1.9310258e-09
2.0982945e-09
0
0
0
0
0
4.2941443e-09
1.9395558e-09
2.1104277e-09
2.2824701e-09
2.5162593e-09
0
0
0
0
0
0
4.7175999e-09
2.4091029e-09
2.6439487e-09
2.9639432e-09
0
0
0
0
0
0
0
5.247684e-09
3.0256712e-09
3.4618635e-09
0
0
0
0
0
0
0
0
5.9894369e-09
4.0606429e-09
0
0
0
0
0
0
0
0
0
7.5662204e-09
2.6837225e-09
2.2456962e-10
2.5315248e-10
2.6745494e-10
2.7799423e-10
2.8697008e-10
2.9450097e-10
3.0133602e-10
3.0818169e-10
3.1747912e-10
0
2.9483851e-09
5.0008327e-10
5.4821723e-10
5.8403493e-10
6.1457951e-10
6.4021087e-10
6.6347451e-10
6.867748e-10
7.1842102e-10
0
0
3.1852672e-09
7.3352099e-10
8.0035441e-10
8.5787386e-10
9.0622787e-10
9.5012292e-10
9.9408793e-10
1.0538016e-09
0
0
0
3.3913184e-09
9.4953882e-10
1.0346106e-09
1.1066247e-09
1.1720716e-09
1.2376299e-09
1.3266728e-09
0
0
0
0
3.6161421e-09
1.1947689e-09
1.2958056e-09
1.3881139e-09
1.4806573e-09
1.6063593e-09
0
0
0
0
0
3.8868125e-09
1.4855844e-09
1.612982e-09
1.7412489e-09
1.9155554e-09
0
0
0
0
0
0
4.2017318e-09
1.8336275e-09
2.0077071e-09
2.2449582e-09
0
0
0
0
0
0
0
4.5938988e-09
2.2899722e-09
2.613642e-09
0
0
0
0
0
0
0
0
5.1451372e-09
3.0622368e-09
0
0
0
0
0
0
0
0
0
6.328349e-09
2.652657e-09
1.7747939e-10
2.0021663e-10
2.1158867e-10
2.1996835e-10
2.2710495e-10
2.3309267e-10
2.3852714e-10
2.4397006e-10
2.5136235e-10
0
2.8629336e-09
3.9518004e-10
4.3281733e-10
4.608102e-10
4.8468001e-10
5.0471006e-10
5.2288979e-10
5.4109816e-10
5.6582857e-10
0
0
3.0476292e-09
5.761161e-10
6.2761704e-10
6.7191493e-10
7.0915018e-10
7.4295155e-10
7.7680677e-10
8.2278924e-10
0
0
0
3.2060741e-09
7.4143654e-10
8.0629778e-10
8.6118565e-10
9.1106709e-10
9.6103331e-10
1.0288986e-09
0
0
0
0
3.3770746e-09
9.2717472e-10
1.0035626e-09
1.0733492e-09
1.143312e-09
1.2383422e-09
0
0
0
0
0
3.581223e-09
1.1460013e-09
1.2418284e-09
1.3382902e-09
1.4693704e-09
0
0
0
0
0
0
3.8177804e-09
1.4069874e-09
1.5373076e-09
1.7148745e-09
0
0
0
0
0
0
0
4.11094e-09
1.7468715e-09
1.987322e-09
0
0
0
0
0
0
0
0
4.5189898e-09
2.3161453e-09
0
0
0
0
0
0
0
0
0
5.3901798e-09
2.6273384e-09
1.3932445e-10
1.5745582e-10
1.6652133e-10
1.7320126e-10
1.7889026e-10
1.8366342e-10
1.8799555e-10
1.9233442e-10
1.9822726e-10
0
2.7949038e-09
3.1240151e-10
3.4211264e-10
3.6419949e-10
3.8303175e-10
3.9883447e-10
4.1317738e-10
4.2754287e-10
4.4705394e-10
0
0
2.9404032e-09
4.5421021e-10
4.9434159e-10
5.2884282e-10
5.5784055e-10
5.841638e-10
6.1052895e-10
6.4633833e-10
0
0
0
3.0636271e-09
5.821921e-10
6.3223245e-10
6.7456129e-10
7.1302621e-10
7.5155618e-10
8.0388844e-10
0
0
0
0
3.1952481e-09
7.2458269e-10
7.8298777e-10
8.3632424e-10
8.8979227e-10
9.6241755e-10
0
0
0
0
0
3.3509774e-09
8.9081381e-10
9.634043e-10
1.0364596e-09
1.1357324e-09
0
0
0
0
0
0
3.5296948e-09
1.0871659e-09
1.1850578e-09
1.3184402e-09
0
0
0
0
0
0
0
3.7492855e-09
1.3411077e-09
1.5207563e-09
0
0
0
0
0
0
0
0
4.0536333e-09
1.764984e-09
0
0
0
0
0
0
0
0
0
4.6985115e-09
2.606722e-09
1.0823755e-10
1.2265988e-10
1.2986992e-10
1.3518259e-10
1.3970714e-10
1.4350331e-10
1.4694874e-10
1.5039952e-10
1.5508621e-10
0
2.7399997e-09
2.4605149e-10
2.6964413e-10
2.8717571e-10
3.02123e-10
3.1466563e-10
3.2604961e-10
3.3745151e-10
3.5293747e-10
0
0
2.8554238e-09
3.5815367e-10
3.897286e-10
4.1686085e-10
4.3966273e-10
4.6036135e-10
4.8109291e-10
5.0925068e-10
0
0
0
2.9522371e-09
4.5831476e-10
4.9734525e-10
5.3034577e-10
5.6033164e-10
5.9036803e-10
6.311641e-10
0
0
0
0
3.0546941e-09
5.6870522e-10
6.1385078e-10
6.5506473e-10
6.9637843e-10
7.5249438e-10
0
0
0
0
0
3.1747835e-09
6.9635326e-10
7.5195947e-10
8.0790933e-10
8.8393584e-10
0
0
0
0
0
0
3.3113223e-09
8.4579504e-10
9.2016038e-10
1.0214664e-09
0
0
0
0
0
0
0
3.4776871e-09
1.0374113e-09
1.1726794e-09
0
0
0
0
0
0
0
0
3.7059706e-09
1.3537128e-09
0
0
0
0
0
0
0
0
0
4.1840187e-09
2.5900625e-09
8.2949204e-11
9.4336766e-11
1.0003e-10
1.04225e-10
1.0779769e-10
1.1079524e-10
1.1351583e-10
1.1624066e-10
1.1994139e-10
0
2.6953537e-09
1.923075e-10
2.1106393e-10
2.2499827e-10
2.3687805e-10
2.4684661e-10
2.5589429e-10
2.6495623e-10
2.7726408e-10
0
0
2.7871393e-09
2.8132094e-10
3.0631406e-10
3.277823e-10
3.4582261e-10
3.6219872e-10
3.7860088e-10
4.0087844e-10
0
0
0
2.863719e-09
3.6033373e-10
3.9103732e-10
4.1698705e-10
4.4056466e-10
4.6418184e-10
4.9625921e-10
0
0
0
0
2.9442028e-09
4.4676265e-10
4.820155e-10
5.1418775e-10
5.4643614e-10
5.9023862e-10
0
0
0
0
0
3.0377949e-09
5.4587365e-10
5.8894055e-10
6.3226132e-10
6.911252e-10
0
0
0
0
0
0
3.1432892e-09
6.6087711e-10
7.1797107e-10
7.9573444e-10
0
0
0
0
0
0
0
3.2706406e-09
8.0690761e-10
9.0979128e-10
0
0
0
0
0
0
0
0
3.4435882e-09
1.0453936e-09
0
0
0
0
0
0
0
0
0
3.801007e-09
2.5767809e-09
6.2548068e-11
7.1433969e-11
7.5877619e-11
7.9151894e-11
8.1940446e-11
8.4280091e-11
8.6403567e-11
8.8530352e-11
9.141886e-11
0
2.6590349e-09
1.4861151e-10
1.6346563e-10
1.7449994e-10
1.8390707e-10
1.9180075e-10
1.9896524e-10
2.0614102e-10
2.1588711e-10
0
0
2.7318271e-09
2.1925451e-10
2.3906504e-10
2.5607734e-10
2.7037236e-10
2.8334859e-10
2.9634546e-10
3.1399794e-10
0
0
0
2.7925342e-09
2.8181328e-10
3.060776e-10
3.2657883e-10
3.4520498e-10
3.6386229e-10
3.8920306e-10
0
0
0
0
2.8560963e-09
3.4992308e-10
3.7764593e-10
4.0293897e-10
4.2829069e-10
4.6272542e-10
0
0
0
0
0
2.9296035e-09
4.2754031e-10
4.6119252e-10
4.9503435e-10
5.4101706e-10
0
0
0
0
0
0
3.0118796e-09
5.1692403e-10
5.6120219e-10
6.2149952e-10
0
0
0
0
0
0
0
3.1103902e-09
6.2942583e-10
7.0852884e-10
0
0
0
0
0
0
0
0
3.2428625e-09
8.111571e-10
0
0
0
0
0
0
0
0
0
3.5125576e-09
2.5663824e-09
4.6319749e-11
5.3146946e-11
5.6562567e-11
5.9079385e-11
6.1222846e-11
6.302125e-11
6.4653495e-11
6.6288285e-11
6.8508592e-11
0
2.6296847e-09
1.1320592e-10
1.24868e-10
1.3353179e-10
1.4091798e-10
1.4711585e-10
1.5274118e-10
1.5837539e-10
1.6602773e-10
0
0
2.6869743e-09
1.6895743e-10
1.8460337e-10
1.9803804e-10
2.0932653e-10
2.1957355e-10
2.2983688e-10
2.4377664e-10
0
0
0
2.7349626e-09
2.1842613e-10
2.3759818e-10
2.5379392e-10
2.6850783e-10
2.832463e-10
3.0326443e-10
0
0
0
0
2.7851926e-09
2.7220629e-10
2.940675e-10
3.1400849e-10
3.3399501e-10
3.6114225e-10
0
0
0
0
0
2.8431304e-09
3.3327919e-10
3.5971414e-10
3.8629249e-10
4.2240508e-10
0
0
0
0
0
0
2.9076864e-09
4.0323869e-10
4.3783163e-10
4.8493225e-10
0
0
0
0
0
0
0
2.984503e-09
4.9067522e-10
5.5203983e-10
0
0
0
0
0
0
0
0
3.0869386e-09
6.3053754e-10
0
0
0
0
0
0
0
0
0
3.2925386e-09
2.5584142e-09
3.364893e-11
3.8798946e-11
4.1377031e-11
4.3276752e-11
4.4894663e-11
4.6252121e-11
4.7484162e-11
4.8718125e-11
5.0394049e-11
0
2.6062662e-09
8.4802022e-11
9.3840674e-11
1.0055711e-10
1.0628324e-10
1.1108814e-10
1.1544919e-10
1.1981711e-10
1.2574961e-10
0
0
2.6508142e-09
1.283527e-10
1.4060656e-10
1.5112919e-10
1.5997085e-10
1.6799677e-10
1.7603548e-10
1.8695374e-10
0
0
0
2.6884581e-09
1.672292e-10
1.8230112e-10
1.9503256e-10
2.0659895e-10
2.1818463e-10
2.3392056e-10
0
0
0
0
2.7279827e-09
2.0957124e-10
2.2677483e-10
2.4246548e-10
2.5819161e-10
2.7955202e-10
0
0
0
0
0
2.7735928e-09
2.5763043e-10
2.7841223e-10
2.9930377e-10
3.2768907e-10
0
0
0
0
0
0
2.8243277e-09
3.1254159e-10
3.3965841e-10
3.7657514e-10
0
0
0
0
0
0
0
2.8844804e-09
3.8085827e-10
4.2873211e-10
0
0
0
0
0
0
0
0
2.9642119e-09
4.8931613e-10
0
0
0
0
0
0
0
0
0
3.1223439e-09
2.5524503e-09
2.3969678e-11
2.7776348e-11
2.9683388e-11
3.1088679e-11
3.2285508e-11
3.3289671e-11
3.4201059e-11
3.5113871e-11
3.6353622e-11
0
2.5879073e-09
6.2363341e-11
6.925509e-11
7.437818e-11
7.8746101e-11
8.2411319e-11
8.5737963e-11
8.9069858e-11
9.3595232e-11
0
0
2.6220068e-09
9.5902804e-11
1.0538045e-10
1.1352081e-10
1.2036097e-10
1.2657008e-10
1.3278907e-10
1.4123579e-10
0
0
0
2.6511846e-09
1.2613166e-10
1.3786735e-10
1.4778139e-10
1.5678824e-10
1.6581011e-10
1.7806384e-10
0
0
0
0
2.6820099e-09
1.5921575e-10
1.7266306e-10
1.8492753e-10
1.9721964e-10
2.139157e-10
0
0
0
0
0
2.7177015e-09
1.9685772e-10
2.1313122e-10
2.294895e-10
2.5171524e-10
0
0
0
0
0
0
2.7574515e-09
2.3987877e-10
2.6110935e-10
2.900102e-10
0
0
0
0
0
0
0
2.8045416e-09
2.9330831e-10
3.3071158e-10
0
0
0
0
0
0
0
0
2.8667608e-09
3.7774181e-10
0
0
0
0
0
0
0
0
0
2.9891103e-09
2.5480937e-09
1.674946e-11
1.9503766e-11
2.0884802e-11
2.1902524e-11
2.2769279e-11
2.3496504e-11
2.415654e-11
2.4817609e-11
2.5715452e-11
0
2.5738172e-09
4.4980401e-11
5.0136496e-11
5.3971359e-11
5.7241159e-11
5.9984941e-11
6.2475268e-11
6.4969528e-11
6.8357233e-11
0
0
2.5994385e-09
7.0364393e-11
7.757884e-11
8.3777523e-11
8.8986442e-11
9.3714827e-11
9.8450746e-11
1.0488314e-10
0
0
0
2.6217059e-09
9.3533011e-11
1.02549e-10
1.1016701e-10
1.170881e-10
1.2402075e-10
1.3343686e-10
0
0
0
0
2.6454391e-09
1.1908164e-10
1.2947858e-10
1.3896173e-10
1.4846629e-10
1.6137613e-10
0
0
0
0
0
2.6730839e-09
1.4829793e-10
1.6093526e-10
1.7363845e-10
1.9089805e-10
0
0
0
0
0
0
2.7039924e-09
1.8178953e-10
1.9831654e-10
2.2081371e-10
0
0
0
0
0
0
0
2.7406786e-09
2.2342747e-10
2.5256206e-10
0
0
0
0
0
0
0
0
2.789142e-09
2.891333e-10
0
0
0
0
0
0
0
0
0
2.8840064e-09
2.5449861e-09
1.1493389e-11
1.3444103e-11
1.4423144e-11
1.514466e-11
1.5759149e-11
1.6274718e-11
1.6742654e-11
1.7211322e-11
1.7847854e-11
0
2.5632549e-09
3.1812643e-11
3.5591281e-11
3.8403453e-11
4.0801459e-11
4.2813712e-11
4.4640087e-11
4.6469349e-11
4.8953856e-11
0
0
2.5821148e-09
5.0649049e-11
5.603989e-11
6.067394e-11
6.4568392e-11
6.8103602e-11
7.1644448e-11
7.6453684e-11
0
0
0
2.5988007e-09
6.8100517e-11
7.4913549e-11
8.067199e-11
8.5903856e-11
9.1144481e-11
9.8262441e-11
0
0
0
0
2.6167818e-09
8.7533348e-11
9.5456833e-11
1.0268511e-10
1.0992987e-10
1.1977027e-10
0
0
0
0
0
2.6378988e-09
1.0992045e-10
1.1961544e-10
1.2936168e-10
1.4260381e-10
0
0
0
0
0
0
2.6616577e-09
1.3572323e-10
1.4846319e-10
1.658055e-10
0
0
0
0
0
0
0
2.6899825e-09
1.6791966e-10
1.9044936e-10
0
0
0
0
0
0
0
0
2.7275e-09
2.1881277e-10
0
0
0
0
0
0
0
0
0
2.8009029e-09
2.542771e-09
7.7074389e-12
9.0604381e-12
9.7401692e-12
1.0241131e-11
1.0667783e-11
1.1025754e-11
1.1350652e-11
1.167606e-11
1.2118019e-11
0
2.5554764e-09
2.2021636e-11
2.4731784e-11
2.6750241e-11
2.8471602e-11
2.9916076e-11
3.122712e-11
3.2540238e-11
3.4323719e-11
0
0
2.5690624e-09
3.5706108e-11
3.9653259e-11
4.3048292e-11
4.5901792e-11
4.8492099e-11
5.108654e-11
5.4610356e-11
0
0
0
2.5813157e-09
4.8596564e-11
5.3648805e-11
5.7920788e-11
6.1802358e-11
6.5690448e-11
7.0971365e-11
0
0
0
0
2.5946883e-09
6.3116745e-11
6.9052516e-11
7.4468831e-11
7.9897677e-11
8.7271586e-11
0
0
0
0
0
2.6105511e-09
8.0000391e-11
8.7325351e-11
9.4690082e-11
1.046966e-10
0
0
0
0
0
0
2.6285469e-09
9.9606865e-11
1.0929838e-10
1.2249171e-10
0
0
0
0
0
0
0
2.6501431e-09
1.2421819e-10
1.4145026e-10
0
0
0
0
0
0
0
0
2.6788987e-09
1.6329986e-10
0
0
0
0
0
0
0
0
0
2.7353522e-09
2.5413061e-09
5.1281375e-12
6.0494512e-12
6.5127562e-12
6.8542307e-12
7.145054e-12
7.3890614e-12
7.6105254e-12
7.8323365e-12
8.1335945e-12
0
2.5499795e-09
1.5012517e-11
1.6915673e-11
1.8334234e-11
1.9544137e-11
2.0559436e-11
2.148095e-11
2.2403923e-11
2.3657508e-11
0
0
2.5595586e-09
2.4742474e-11
2.7572342e-11
3.000803e-11
3.2055479e-11
3.3914105e-11
3.57757e-11
3.8304154e-11
0
0
0
2.5683688e-09
3.4068256e-11
3.7739784e-11
4.0845858e-11
4.3668286e-11
4.6495476e-11
5.0335451e-11
0
0
0
0
2.5781161e-09
4.470746e-11
4.9070371e-11
5.305276e-11
5.7044546e-11
6.2466538e-11
0
0
0
0
0
2.5898105e-09
5.7211974e-11
6.2649877e-11
6.811842e-11
7.5548713e-11
0
0
0
0
0
0
2.603209e-09
7.186747e-11
7.9123603e-11
8.9002564e-11
0
0
0
0
0
0
0
2.619424e-09
9.0410539e-11
1.0340769e-10
0
0
0
0
0
0
0
0
2.6411765e-09
1.200661e-10
0
0
0
0
0
0
0
0
0
2.6841801e-09
2.5403212e-09
3.3692407e-12
3.9862039e-12
4.2967368e-12
4.5256245e-12
4.7205617e-12
4.8841186e-12
5.0325649e-12
5.1812439e-12
5.383176e-12
0
2.5461422e-09
1.0069684e-11
1.1379467e-11
1.2356543e-11
1.3190004e-11
1.3889418e-11
1.4524228e-11
1.5160042e-11
1.6023609e-11
0
0
2.5527583e-09
1.6843568e-11
1.8830134e-11
2.0541255e-11
2.1979844e-11
2.3285781e-11
2.4593806e-11
2.6370392e-11
0
0
0
2.5589596e-09
2.3448829e-11
2.6061876e-11
2.8273764e-11
3.0283844e-11
3.2297332e-11
3.5032116e-11
0
0
0
0
2.5659177e-09
3.1085359e-11
3.4228108e-11
3.7097871e-11
3.9974567e-11
4.3881963e-11
0
0
0
0
0
2.5743677e-09
4.0166532e-11
4.4126853e-11
4.8110523e-11
5.3523406e-11
0
0
0
0
0
0
2.5841563e-09
5.0922122e-11
5.6258509e-11
6.3524808e-11
0
0
0
0
0
0
0
2.5961199e-09
6.4660932e-11
7.4305209e-11
0
0
0
0
0
0
0
0
2.6123195e-09
8.6837428e-11
0
0
0
0
0
0
0
0
0
2.6446696e-09
