# Fiducial parameters, omega_b = 0.022237, omega_cdm = 0.12, 100*theta_s = 1.0418, ln10^{10}A_s = 3.044, n_s = 0.9649, tau_reio = 0.0544, M_tot_IH = 0.11, sigma_NL = 7, beta_0^Euclid = 1, beta_1^Euclid = 1, z_reio = 1, Omega_Lambda = 1, YHe = 1, H0 = 0, A_s = 0, sigma8 = 0
30892.947 31167.583
29465.43 29713.662
28123.542 28348.025
26861.711 27064.84
25674.665 25858.598
24557.439 24724.117
23505.372 23656.538
22514.1 22651.316
21579.547 21704.216
20697.913 20811.29
19865.662 19968.87
19079.502 19173.547
18336.377 18422.16
17633.45 17711.775
16968.085 17039.675
16337.838 16403.338
15740.441 15800.43
15173.791 15228.786
14635.935 14686.4
14125.061 14171.414
13639.488 13682.101
13177.652 13216.863
12738.105 12774.214
12319.496 12352.777
11920.573 11951.269
11540.168 11568.5
11177.197 11203.364
29473.301 29743.896
28112.105 28356.471
26832.503 27053.287
25629.189 25828.78
24497.142 24677.694
23431.636 23595.083
22428.231 22576.312
21482.772 21617.046
20591.377 20713.24
19750.426 19861.13
18956.551 19057.214
18206.617 18298.242
17497.713 17581.195
16827.135 16903.274
16192.372 16261.887
15591.097 15654.627
15021.147 15079.267
14480.519 14533.741
13967.351 14016.136
13479.917 13524.677
13016.613 13057.718
12575.951 12613.732
12156.548 12191.303
11757.118 11789.115
11376.467 11405.946
11013.481 11040.66
10667.126 10692.2
28006.981 28271.024
26714.18 26952.373
25498.818 25713.785
24355.863 24549.97
23280.554 23455.934
22268.406 22426.976
21315.21 21458.691
20417.023 20546.959
19570.164 19687.937
18771.199 18878.047
18016.933 18113.962
17304.392 17392.591
16630.814 16711.066
15993.632 16066.729
15390.465 15457.112
14819.104 14879.932
14277.496 14333.071
13763.74 13814.565
13276.069 13322.595
12812.843 12855.475
12372.542 12411.641
11953.751 11989.642
11555.158 11588.132
11175.541 11205.859
10813.766 10841.663
10468.777 10494.464
10139.591 10163.257
26526.866 26782.04
25303.012 25532.906
24152.413 24359.61
23070.313 23257.142
22052.212 22220.771
21093.869 21246.046
20191.306 20328.793
19340.795 19465.11
18538.856 18651.357
17782.243 17884.145
17067.933 17160.321
16393.115 16476.96
15755.177 15831.344
15151.691 15220.954
14580.406 14643.455
14039.231 14096.682
13526.225 13578.629
13039.588 13087.437
12577.65 12621.382
12138.859 12178.867
11721.776 11758.411
11325.063 11358.639
10947.477 10978.275
10587.862 10616.135
10245.145 10271.119
9918.3265 9942.2044
9606.4749 9628.4392
25066.866 25311.208
23910.938 24130.733
22824.15 23021.923
21802.015 21980.046
20840.288 21000.631
19934.971 20079.471
19082.311 19212.622
18278.792 18396.398
17521.132 17627.358
16806.268 16902.3
16131.349 16218.245
15493.723 15572.427
14890.925 14962.28
14320.665 14385.422
13780.818 13839.647
13269.41 13322.909
12784.611 12833.312
12324.721 12369.1
11888.164 11928.643
11473.475 11510.433
11079.294 11113.069
10704.359 10735.253
10347.496 10375.778
10007.615 10033.526
9683.7001 9707.4571
9374.8082 9396.6042
9080.0601 9100.0685
23660.658 23892.726
22570.085 22778.458
21544.695 21731.834
20580.262 20748.385
19672.786 19823.893
18818.501 18954.387
18013.871 18136.145
17255.583 17365.686
16540.545 16639.765
15865.871 15955.357
15228.874 15309.652
14627.054 14700.04
14058.089 14124.097
13519.821 13579.576
13010.246 13064.395
12527.503 12576.622
12069.867 12114.467
11635.736 11676.274
11223.622 11260.504
10832.145 10865.733
10460.023 10490.639
10106.064 10133.997
9769.1629 9794.6676
9448.2894 9471.5954
9142.4867 9163.7986
8850.8643 8870.3649
8572.593 8590.4458
22338.937 22557.952
21309.734 21505.979
20342.004 20517.864
19431.764 19589.391
18575.244 18716.577
17768.895 17895.673
17009.384 17123.165
16293.589 16395.769
15618.594 15710.419
14981.68 15064.261
14380.315 14454.642
13812.141 13879.097
13274.969 13335.339
12766.764 12821.246
12285.637 12334.851
11829.834 11874.333
11397.727 11438.002
10987.806 11024.291
10598.666 10631.751
10229.007 10259.036
9877.6193 9904.8975
9543.3783 9568.1792
9225.2405 9247.8067
8922.2348 8942.7825
8633.4582 8652.1799
8358.0703 8375.1376
8095.2885 8110.8546
21126.657 21332.6
20153.7 20337.812
19238.822 19403.409
18378.259 18525.403
17568.454 17700.028
16806.054 16923.74
16087.912 16193.217
15411.079 15505.35
14772.804 14857.244
14170.517 14246.198
13601.828 13669.705
13064.511 13125.433
12556.497 12611.22
12075.865 12125.059
11620.83 11665.092
11189.736 11229.593
10781.045 10816.967
10393.33 10425.732
10025.264 10054.516
9675.6182 9702.0481
9343.2491 9367.1476
9027.095 9048.7202
8726.1691 8745.7501
8439.5538 8457.2941
8166.3957 8182.4761
7905.9002 7920.4815
7657.3275 7670.5529
20040.113 20233.741
19117.535 19290.229
18250.002 18403.988
17433.948 17571.235
16666 16788.399
15942.984 16052.119
15261.916 15359.243
14620.004 14706.825
14014.641 14092.117
13443.394 13512.559
12903.996 12965.771
12394.34 12449.544
11912.466 11961.825
11456.552 11500.713
11024.909 11064.444
10615.967 10651.382
10228.268 10260.014
9860.4603 9888.9342
9511.2873 9536.8422
9179.5829 9202.5312
8864.2642 8884.8824
8564.3245 8582.8577
8278.8287 8295.4938
8006.9068 8021.896
7747.7498 7761.2333
7500.6043 7512.7333
7264.7691 7275.6774
19084.638 19267.392
18206.344 18368.975
17380.436 17525.088
16603.519 16732.132
15872.384 15986.705
15184.007 15285.607
14535.552 14625.839
13924.361 14004.594
13347.953 13419.255
12804.013 12867.387
12290.387 12346.722
11805.068 11855.157
11346.193 11390.737
10912.028 10951.653
10500.967 10536.224
10111.515 10142.893
9742.2859 9770.2185
9391.9931 9416.8634
9059.4416 9081.5886
8743.5217 8763.245
8443.2027 8460.7674
8157.527 8173.1673
7885.6045 7899.5274
7626.6074 7638.9959
7379.7655 7390.7815
7144.3622 7154.1485
6919.7297 6928.413
18251.654 18425.406
17411.949 17566.276
16622.324 16759.29
15879.531 16001.007
15180.499 15288.174
14522.338 14617.73
13902.333 13986.808
13317.946 13392.723
12766.804 12832.975
12246.695 12305.233
11755.559 11807.329
11291.48 11337.252
10852.676 10893.133
10437.493 10473.241
10044.393 10075.97
9671.9493 9699.8313
9318.838 9343.4452
8983.8289 9005.5337
8665.7805 8684.9117
8363.6324 8380.4807
8076.3999 8091.2219
7803.1678 7816.1901
7543.0855 7554.5081
7295.362 7305.3614
7059.2614 7067.9933
6834.0985 6841.7003
6619.2354 6625.8284
17517.602 17684.216
16711.883 16859.671
15954.227 16085.17
15241.511 15357.409
14570.784 14673.267
13939.268 14029.808
13344.359 13424.277
12783.618 12854.102
12254.769 12316.88
11755.688 11810.374
11284.399 11332.507
10839.064 10881.345
10417.974 10455.097
10019.542 10052.099
9642.2929 9670.8123
9284.8593 9309.8067
8945.9707 8967.7588
8624.448 8643.4417
8319.1961 8335.7183
8029.1985 8043.5341
7753.5108 7765.9115
7491.2553 7501.9433
7241.6164 7250.7876
7003.8356 7011.6627
6777.2071 6783.8424
6561.0738 6566.6515
6354.8239 6359.4623
16843.619 17004.291
16069.062 16211.469
15340.734 15466.764
14655.621 14767.001
14010.882 14109.178
13403.84 13490.471
12831.986 12908.233
12292.975 12359.989
11784.614 11843.43
11304.864 11356.406
10851.822 10896.917
10423.722 10463.107
10018.92 10053.251
9635.8916 9665.7519
9273.2195 9299.1275
8929.5891 8952.0043
8603.7797 8623.1094
8294.6585 8311.2632
8001.1735 8015.3723
7722.3481 7734.4228
7457.2748 7467.4746
7205.1108 7213.6556
6965.0723 6972.1562
6736.4308 6742.2249
6518.5083 6523.1633
6310.6735 6314.3224
6112.3386 6115.0984
16178.906 16333.35
15435.004 15571.83
14735.54 14856.526
14077.608 14184.389
13458.467 13552.534
12875.54 12958.251
12326.411 12398.997
11808.823 11872.393
11320.669 11376.224
10859.985 10908.423
10424.946 10467.069
10013.851 10050.38
9625.1244 9656.7002
9257.2994 9284.4939
8909.0159 8932.3379
8579.0116 8598.9132
8266.1145 8282.9971
7969.2372 7983.4565
7687.37 7699.2413
7419.5754 7429.3776
7164.9828 7172.9626
6922.783 6929.1585
6692.2241 6697.1878
6472.6067 6476.3284
6263.2804 6265.9098
6063.6393 6065.3083
5873.1194 5873.9443
15466.796 15612.41
14755.616 14884.52
14086.969 14200.804
13458.063 13558.346
12866.266 12954.392
12309.105 12386.35
11784.263 11851.789
11289.578 11348.437
10823.029 10874.174
10382.738 10427.027
9966.9561 10005.159
9574.0582 9606.866
9202.5348 9230.5658
8850.9843 8874.791
8518.1062 8538.1811
8202.6936 8219.4752
7903.6266 7917.5047
7619.8657 7631.1866
7350.4463 7359.5171
7094.4726 7101.5655
6851.1128 6856.4687
6619.594 6623.4259
6399.1977 6401.6939
6189.2562 6190.5828
5989.1478 5989.4514
5798.2942 5797.7037
5616.1564 5614.7856
14656.776 14788.133
13982.666 14098.687
13348.932 13451.081
12752.91 12842.554
12192.093 12270.497
11664.127 11732.453
11166.809 11226.122
10698.08 10749.352
10256.024 10300.134
9838.8552 9876.5984
9444.9137 9477.0076
9072.6571 9099.7464
8720.6533 8743.3162
8387.5732 8406.3272
8072.1832 8087.4909
7773.3394 7785.613
7489.9803 7499.5866
7221.1207 7228.3859
6965.8464 6971.0602
6723.309 6726.7278
6492.7202 6494.5714
6273.3479 6273.8324
6064.5115 6063.807
5865.5787 5863.8414
5675.9607 5673.3286
5495.1097 5491.704
5322.5152 5318.4427
13718.737 13827.8
13087.398 13183.138
12493.935 12577.599
11935.838 12008.599
11410.746 11473.699
10916.447 10970.603
10450.867 10497.159
10012.075 10051.355
9598.2687 9631.3134
9207.773 9235.2862
8839.0306 8861.6479
8490.5943 8508.8886
8161.1214 8175.6072
7849.366 7860.5041
7554.172 7562.3744
7274.4675 7280.1016
7009.258 7012.6506
6757.6207 6759.0622
6518.6997 6518.4476
6291.7001 6289.9824
6075.8842 6072.9022
5870.5664 5866.4978
5675.1097 5670.1112
5488.922 5483.131
5311.4524 5304.9896
5142.188 5135.1591
4980.6513 4973.1488
12656.845 12734.23
12073.771 12140.562
11525.737 11582.922
11010.413 11058.929
10525.609 10566.338
10069.272 10103.036
9639.4804 9667.0398
9234.444 9256.4967
8852.4944 8869.678
8492.0806 8504.9739
8151.7614 8160.8876
7830.1977 7836.0287
7526.1476 7529.1067
7238.4589 7238.925
6966.0627 6964.3741
6707.9683 6704.4258
6463.2566 6458.1268
6231.0749 6224.594
6010.6323 6003.0087
5801.1947 5792.6118
5602.0805 5592.6994
5412.6565 5402.6185
5232.3345 5221.7629
5060.5676 5049.5697
4896.8474 4885.5162
4740.7001 4729.1164
4591.6848 4579.9181
11516.196 11553.424
10984.82 11014.814
10485.437 10508.889
10015.911 10033.491
9574.2386 9586.5827
9158.541 9166.2456
8767.0618 8770.6822
8398.163 8398.2111
8050.3201 8047.2641
7722.1159 7716.3806
7412.2339 7404.2025
7119.4512 7109.4687
6842.6338 6831.0083
6580.7298 6567.7356
6332.7635 6318.6441
6097.831 6082.8008
5875.0936 5859.3411
5663.7734 5647.4636
5463.149 5446.4256
5272.5508 5255.5383
5091.3573 5074.1633
4918.991 4901.708
4754.9157 4737.6224
4598.6329 4581.3961
4449.6788 4432.5545
4307.6219 4290.6568
4172.0601 4155.2928
10376.711 10368.831
9896.845 9885.4529
9445.9293 9431.4072
9022.028 9004.7582
8623.3233 8603.6766
8248.1121 8226.4416
7894.8023 7871.4394
7561.9093 7537.1615
7248.0519 7222.2003
6951.9466 6925.2451
6672.4011 6645.0771
6408.308 6380.5644
6158.6409 6130.6563
5922.4477 5894.3785
5698.8453 5670.8277
5487.016 5459.1665
5286.2009 5258.6191
5095.6966 5068.4661
4914.8504 4888.0411
4743.0571 4716.7261
4579.7545 4553.9478
4424.4206 4399.1746
4276.5705 4251.9129
4135.754 4111.7045
4001.5518 3978.1237
3873.5738 3850.7748
3751.4569 3729.2896
9332.8617 9280.4267
8900.0508 8847.7938
8493.4192 8441.4138
8111.211 8059.554
7751.7785 7700.5773
7413.578 7362.9435
7095.1666 7045.2083
6795.1995 6746.0217
6512.4257 6464.1236
6245.6832 6198.3413
5993.8929 5947.5837
5756.0525 5710.8379
5531.2333 5487.1634
5318.5739 5275.6883
5117.2758 5075.6041
4926.5995 4886.1613
4745.859 4706.6655
4574.4186 4536.473
4411.6884 4374.9872
4257.1214 4221.655
4110.2098 4075.9634
3970.4822 3937.4366
3837.5006 3805.6327
3710.8583 3680.1417
3590.177 3560.5825
3475.1044 3446.601
3365.3126 3337.8678
8464.0918 8373.5321
8070.3198 7983.1812
7700.4485 7616.5173
7352.8675 7271.9768
7026.0662 6948.0829
6718.6303 6643.4457
6429.2384 6356.7624
6156.6596 6086.8146
5899.749 5832.4657
5657.4443 5592.6573
5428.759 5366.4054
5212.777 5152.7956
5008.6502 4950.9798
4815.5919 4760.171
4632.8732 4579.6398
4459.8192 4408.71
4295.8042 4246.7551
4140.2483 4093.1943
3992.6137 3947.4893
3852.4017 3809.141
3719.1497 3677.6866
3592.4278 3552.6967
3471.8373 3433.7728
3357.0078 3320.5448
3247.5946 3212.669
3143.2772 3109.8257
3043.757 3011.7178
7807.0123 7689.0009
7442.6494 7330.5649
7100.5049 6993.8788
6779.0699 6677.5073
6476.9309 6380.0941
6192.7657 6100.3631
5925.34 5837.1178
5673.5049 5589.2397
5436.1931 5355.6851
5212.415 5135.4822
5001.2519 4927.7272
4801.8516 4731.5808
4613.4252 4546.2639
4435.2418 4371.0542
4266.6241 4205.2818
4106.9458 4048.3258
3955.6261 3899.6109
3812.127 3758.6038
3675.9501 3624.8102
3546.633 3497.7718
3423.747 3377.0638
3306.8941 3262.2917
3195.7049 3153.0897
3089.8364 3049.118
2988.97 2950.0608
2892.8087 2855.6247
2801.0765 2765.5369
7338.7373 7204.6886
6995.219 6868.8329
6672.7722 6553.3568
6369.9492 6256.9153
6085.3965 5978.2376
5817.8499 5716.1281
5566.1311 5469.4657
5329.1445 5237.2022
5105.874 5018.3599
4895.3782 4812.028
4696.7845 4617.3598
4509.2839 4433.5689
4332.1284 4259.9254
4164.6253 4095.7522
4006.1335 3940.4218
3856.0603 3793.3524
3713.8568 3654.0049
3579.0145 3521.8797
3451.0626 3396.5136
3329.5648 3277.4771
3214.1165 3164.3722
3104.3424 3056.8293
2999.8942 2954.5057
2900.4488 2857.0828
2805.706 2764.2648
2715.386 2675.7769
2629.229 2591.3634
6977.4014 6834.6824
6649.8664 6516.0779
6342.5651 6216.806
6054.0868 5935.5907
5783.1163 5671.2267
5528.4271 5422.5798
5288.8783 5188.5864
5063.4112 4968.2524
4851.045 4760.65
4650.873 4564.9154
4462.0555 4380.2454
4283.8149 4205.8939
4115.4334 4041.1686
3956.2467 3885.4271
3805.6407 3738.0742
3663.048 3598.5581
3527.9438 3466.3671
3399.8422 3341.0275
3278.2936 3222.0998
3162.8816 3109.1767
3053.2204 3001.8804
2948.9522 2899.8605
2849.745 2802.7918
2755.2913 2710.3721
2665.305 2622.3208
2579.5203 2538.3772
2497.6896 2458.2987
6607.1819 6454.7138
6295.9906 6153.8242
6004.1736 5871.1921
5730.3595 5605.6127
5473.2727 5355.9473
5231.7263 5121.1251
5004.618 4900.1416
4790.9269 4692.0578
4589.7089 4495.9978
4400.0926 4311.1456
4221.2721 4136.7428
4052.5021 3972.0848
3893.0953 3816.5177
3742.4165 3669.4349
3599.8792 3530.2742
3464.942 3398.5146
3337.1044 3273.6728
3215.9034 3155.3015
3100.9113 3042.9855
2991.7318 2936.3403
2887.9982 2835.0091
2789.3704 2738.661
2695.5333 2646.9886
2606.1951 2559.7068
2521.0843 2476.5506
2439.9487 2397.2737
2362.5539 2321.647
6132.8595 5960.5188
5842.6737 5682.6683
5570.6967 5421.6772
5315.6228 5176.4328
5076.2397 4945.8841
4851.4212 4729.0417
4640.1231 4524.9784
4441.3795 4332.8271
4254.2986 4151.7788
4078.0583 3981.0802
3911.8993 3820.0308
3755.12 3667.98
3607.0742 3524.324
3467.1654 3388.5026
3334.843 3259.9968
3209.5996 3138.3253
3090.9662 3023.0421
2978.5096 2913.7337
2871.8295 2810.0171
2770.5556 2711.5371
2674.3453 2617.9642
2582.881 2528.9927
2495.8687 2444.3391
2413.0363 2363.7398
2334.1306 2286.9503
2258.9168 2213.743
2187.1764 2143.9064
5542.1317 5336.694
5278.1791 5087.9247
5030.915 4854.2501
4799.1316 4634.6742
4581.7086 4428.2556
4377.6066 4234.1087
4185.8621 4051.4034
4005.5851 3879.3632
3835.9544 3717.2639
3676.2139 3564.431
3525.6658 3420.2374
3383.6655 3284.1005
3249.6202 3155.4797
3122.9827 3033.8736
3003.2485 2918.8174
2889.9529 2809.8801
2782.6668 2706.6624
2680.994 2608.7943
2584.5686 2515.9327
2493.0524 2427.7595
2406.1325 2343.9799
2323.5192 2264.3202
2244.9443 2188.5263
2170.1598 2116.3625
2098.9352 2047.6097
2031.0564 1982.0642
1966.3245 1919.5365
4921.1619 4676.0019
4684.7847 4458.032
4463.4693 4253.2879
4256.1178 4060.8968
4061.7129 3880.034
3879.3108 3709.9236
3708.0372 3549.8381
3547.0846 3399.0974
3395.7087 3257.0667
3253.2247 3123.1551
3119.0007 2996.8133
2992.4533 2877.5306
2873.0465 2764.8335
2760.2856 2658.2827
2653.7149 2557.4707
2552.9148 2462.0202
2457.4982 2371.5811
2367.1078 2285.8293
2281.4137 2204.4642
2200.1114 2127.207
2122.9191 2053.7995
2049.576 1984.0017
1979.8411 1917.5912
1913.4912 1854.3614
1850.3194 1794.1203
1790.1332 1736.6893
1732.7543 1681.9027
4393.8564 4114.6586
4180.8265 3922.8566
3981.4916 3742.6924
3794.8447 3573.3982
3619.9539 3414.2482
3455.9549 3264.5597
3302.0477 3123.6926
3157.4937 2991.0483
3021.6127 2866.0684
2893.7797 2748.233
2773.418 2637.0584
2659.9956 2532.0956
2553.0242 2432.9277
2452.0532 2339.1681
2356.6679 2250.4586
2266.487 2166.4667
2181.1585 2086.8847
2100.3581 2011.4273
2023.7864 1939.8299
1951.1671 1871.8473
1882.2449 1807.2521
1816.7835 1745.8334
1754.5646 1687.3954
1695.3864 1631.7561
1639.0617 1578.7467
1585.4166 1528.2102
1534.2899 1480.0005
4028.2291 3729.436
3831.293 3555.5916
3647.1472 3392.2955
3474.8391 3238.8515
3313.4884 3094.602
3162.2798 2958.9281
3020.4595 2831.2497
2887.3326 2711.0242
2762.26 2597.7455
2644.6552 2490.9422
2533.9776 2390.1762
2429.7292 2295.0404
2331.4531 2205.157
2238.7285 2120.1755
2151.1682 2039.7712
2068.4166 1963.6429
1990.146 1891.5116
1916.0544 1823.1186
1845.8633 1758.2244
1779.3162 1696.6065
1716.1757 1638.0588
1656.2228 1582.3903
1599.2551 1529.4233
1545.0855 1478.993
1493.5408 1430.9465
1444.46 1385.1413
1397.694 1341.445
3784.8433 3478.8342
3598.5327 3316.6721
3424.4594 3164.3493
3261.6966 3021.2166
3109.3895 2886.6605
2966.7482 2760.1037
2833.0439 2641.005
2707.6058 2528.8584
2589.8182 2423.1918
2479.117 2323.5655
2374.9831 2229.5707
2276.9389 2140.8277
2184.547 2056.9842
2097.4051 1977.7132
2015.1434 1902.7117
1937.4228 1831.699
1863.9312 1764.4146
1794.3811 1700.6174
1728.5079 1640.0838
1666.0679 1582.6063
1606.8361 1527.9929
1550.6046 1476.065
1497.1819 1426.6571
1446.391 1379.6155
1398.068 1334.7975
1352.0608 1292.0701
1308.2285 1251.3101
3551.324 3238.5558
3375.2115 3087.5945
3210.8026 2945.793
3057.1959 2812.5467
2913.5623 2687.2845
2779.1366 2569.4692
2653.2143 2458.5967
2535.1482 2354.1962
2424.3451 2255.828
2320.2627 2163.0829
2222.4027 2075.5804
2130.3072 1992.9669
2043.5574 1914.9144
1961.7688 1841.1186
1884.5884 1771.2975
1811.6928 1705.1895
1742.7848 1642.5525
1677.5909 1583.1617
1615.8598 1526.809
1557.3601 1473.3015
1501.8784 1422.4601
1449.2178 1374.1188
1399.1969 1328.1234
1351.6485 1284.331
1306.4175 1242.6084
1263.3605 1202.8322
1222.3443 1164.8873
3242.3186 2911.9826
3079.82 2776.2448
2928.2455 2648.743
2786.7431 2528.9335
2654.5303 2416.3029
2530.8863 2310.3682
2415.1473 2210.6763
2306.7048 2116.8036
2205.0016 2028.3549
2109.5288 1944.9623
2019.8194 1866.2835
1935.4446 1792.0008
1856.0129 1721.8191
1781.1648 1655.4649
1710.571 1592.6845
1643.93 1533.2429
1580.9648 1476.9221
1521.421 1423.5202
1465.065 1372.8501
1411.6817 1324.7382
1361.0731 1279.0236
1313.0566 1235.557
1267.4641 1194.1998
1224.1408 1154.8233
1182.9433 1117.308
1143.7389 1081.5427
1106.4047 1047.4242
2897.5252 2542.5257
2750.2689 2424.0098
2613.0289 2312.6849
2485.0167 2208.0765
2365.5089 2109.7361
2253.8391 2017.242
2149.3943 1930.1987
2051.6127 1848.2362
1959.9804 1771.0095
1874.0285 1698.1974
1793.3269 1629.5011
1717.481 1564.6431
1646.1308 1503.3657
1578.9459 1445.4303
1515.6238 1390.6152
1455.8882 1338.7152
1399.485 1289.5401
1346.1812 1242.9136
1295.763 1198.6723
1248.0338 1156.6646
1202.8125 1116.75
1159.9325 1078.7982
1119.2403 1042.6882
1080.5948 1008.3076
1043.8655 975.552
1008.9314 944.32443
975.68085 914.53464
2615.6483 2242.1996
2480.8364 2137.6832
2355.309 2039.5083
2238.3273 1947.2566
2129.2142 1860.5325
2027.3466 1778.9641
1932.1515 1702.2025
1843.1045 1629.9216
1759.726 1561.8172
1681.5794 1497.6058
1608.2641 1437.0241
1539.413 1379.8272
1474.6915 1325.788
1413.7927 1274.696
1356.4361 1226.3558
1302.3654 1180.5863
1251.3455 1137.2199
1203.1606 1096.101
1157.6132 1057.0855
1114.5215 1020.0398
1073.7186 984.84002
1035.0507 951.37112
998.37636 919.52644
963.56582 889.20689
930.49896 860.32042
899.06465 832.78148
869.16022 806.51048
2424.7694 2044.5041
2298.3695 1949.2032
2180.7855 1859.6847
2071.3064 1775.5669
1969.2814 1696.4895
1874.1123 1622.1131
1785.25 1552.1197
1702.1923 1486.212
1624.481 1424.1124
1551.699 1365.5627
1483.4644 1310.3225
1419.4274 1258.1687
1359.2699 1208.8943
1302.7002 1162.3071
1249.452 1118.229
1199.2825 1076.4951
1151.9689 1036.9523
1107.3072 999.4589
1065.1105 963.88343
1025.2075 930.10408
987.44068 898.00785
951.66505 867.48991
917.74757 838.45298
885.56613 810.80671
855.00791 784.46716
825.96856 759.35633
798.35177 735.40164
2257.0919 1872.591
2138.1039 1785.3037
2027.5206 1703.3126
1924.6549 1626.268
1828.8788 1553.84
1739.6161 1485.7177
1656.3382 1421.6098
1578.5626 1361.244
1505.8493 1304.3662
1437.7987 1250.7397
1374.0451 1200.1444
1314.254 1152.3761
1258.1215 1107.2449
1205.3695 1064.5751
1155.7442 1024.2034
1109.0142 985.97869
1064.9681 949.76088
1023.412 915.42012
984.16862 882.83603
947.07551 851.89703
911.98356 822.49962
878.75568 794.5478
847.26615 767.95245
817.39969 742.63082
789.04988 718.50604
762.1184 695.50665
736.51454 673.5662
2056.8081 1661.5117
1946.7178 1584.0636
1844.5048 1511.3146
1749.5183 1442.9548
1661.1642 1378.6909
1578.8975 1318.2475
1502.2188 1261.366
1430.6726 1207.8047
1363.844 1157.3382
1301.3564 1109.7566
1242.8658 1064.8645
1188.0574 1022.4806
1136.6456 982.43671
1088.3693 944.57663
1042.9904 908.75566
1000.2921 874.83969
960.07638 842.70438
922.16186 812.23453
886.3829 783.32334
852.58778 755.87179
820.63736 729.78808
790.40386 704.98699
761.77018 681.38947
734.62909 658.92211
708.88166 637.51668
684.43653 617.10979
661.20951 597.64246
1863.2709 1456.5781
1761.8025 1388.6827
1667.6912 1324.9068
1580.3232 1264.9786
1499.1387 1208.6412
1423.6245 1155.6531
1353.3109 1105.7875
1287.7693 1058.8326
1226.6099 1014.5908
1169.4792 972.87792
1116.0545 933.52293
1066.0408 896.3668
1019.1704 861.26198
975.19895 828.07164
933.90377 796.66891
895.08248 766.9362
858.55001 738.76452
824.13727 712.05288
791.68987 686.70765
761.06651 662.64203
732.13774 639.77552
704.78475 618.03344
678.89879 597.34648
654.38036 577.65027
631.13776 558.88502
609.08633 540.99515
588.14813 523.92895
1719.1424 1308.4819
1624.1379 1247.4898
1536.1102 1190.1983
1454.4708 1136.3633
1378.6837 1085.7541
1308.258 1038.1535
1242.7444 993.35797
1181.7339 951.17722
1124.8545 911.43367
1071.7694 873.96198
1022.1713 838.60839
975.77928 805.23009
932.3392 773.69454
891.61895 743.87881
853.40717 715.66893
817.51208 688.95927
783.75846 663.65193
751.98632 639.65617
722.04972 616.8879
693.81526 595.26913
667.16079 574.72755
641.9743 555.19607
618.15337 536.61244
595.60442 518.91882
574.24124 502.06151
553.9843 485.99056
534.76046 470.65955
1591.7979 1179.3131
1502.5492 1124.342
1419.9365 1072.7062
1343.3942 1024.1857
1272.4076 978.57248
1206.5058 935.67089
1145.2584 895.29747
1088.2735 857.28068
1035.1953 821.4605
985.70197 787.6879
939.49995 755.82431
896.32129 725.74101
855.92368 697.31856
818.08606 670.44614
782.60729 645.02105
749.30508 620.94808
718.01298 598.13898
688.57918 576.512
660.86534 555.99136
634.74508 536.50676
610.10274 517.99298
586.83244 500.38958
564.83743 483.64045
544.02939 467.69348
524.32702 452.50026
505.65539 438.01578
487.94562 424.19818
1456.704 1039.6527
1373.5753 991.19163
1296.707 945.67089
1225.5606 902.89646
1159.6465 862.68503
1098.5173 824.86409
1041.7639 789.27194
989.01428 755.75732
939.93104 724.17918
894.20911 694.40612
851.57045 666.316
811.76142 639.79534
774.55285 614.73883
739.73577 591.04879
707.12025 568.63468
676.53427 547.41256
647.82089 527.30465
620.83706 508.23885
595.45255 490.14835
571.54847 472.97118
549.01617 456.6499
527.75616 441.13118
507.67767 426.36558
488.69793 412.30713
470.74076 398.91317
453.73605 386.14401
437.61936 373.96277
1339.9635 920.95923
1262.1746 878.03082
1190.3168 837.70706
1123.8753 799.81608
1062.3825 764.19548
1005.4115 730.69245
952.57204 699.16374
903.50967 669.47539
857.90293 641.50243
815.46159 615.12848
775.92125 590.24532
739.04082 566.75243
704.60268 544.55655
672.40854 523.57112
642.27827 503.71594
614.0489 484.91668
587.57185 467.10443
562.71178 450.21531
539.34559 434.19013
517.36097 418.97402
496.65539 404.51608
477.13502 390.76909
458.71431 377.68922
441.31536 365.23577
424.86653 353.37095
409.30189 342.0596
394.56092 331.26904
1241.2276 823.26044
1168.0213 784.88604
1100.462 748.84
1038.0551 714.96862
980.35233 683.12687
926.9441 653.17811
877.45648 624.99407
831.55013 598.45517
788.91749 573.44968
749.28109 549.87358
712.38831 527.63011
678.00894 506.62944
645.93537 486.78817
615.9785 468.02895
587.96673 450.28009
561.74498 433.47517
537.17182 417.55254
514.11858 402.45507
492.46839 388.12993
472.11466 374.52804
452.96007 361.60385
434.91576 349.31518
417.90073 337.62291
401.84126 326.49058
386.66961 315.88441
372.32351 305.77301
358.74586 296.12715
1144.4301 726.92098
1075.7401 693.03729
1012.4107 661.20948
953.96882 631.30186
899.98573 603.18627
850.07007 576.74209
803.86492 551.85625
761.04629 528.42302
721.32091 506.34381
684.42415 485.52652
650.11546 465.88581
618.17591 447.34266
588.40786 429.82329
560.63151 413.25933
534.68376 397.58749
510.41735 382.74909
487.69814 368.68973
466.40415 355.35901
446.42457 342.71021
427.65849 330.70001
410.01389 319.28824
393.40667 308.43763
377.76031 298.11358
363.00526 288.28397
349.07762 278.91896
335.91867 269.99082
323.47462 261.47375
1058.5954 643.25289
993.96907 613.26922
934.44231 585.10477
879.56172 558.63956
828.91653 533.75992
782.13224 510.35926
738.86765 488.3378
698.8128 467.60173
661.68745 448.06377
627.23915 429.64266
595.23828 412.26281
565.47574 395.854
537.76331 380.35108
511.92969 365.69363
487.81963 351.82561
465.29299 338.6951
444.22224 326.25396
424.49147 314.4576
405.99545 303.26467
388.63843 292.63684
372.33312 282.53855
356.99983 272.93684
342.56609 263.80107
328.9661 255.10285
316.13944 246.81575
304.03061 238.91523
292.58882 231.37846
981.92375 570.23732
920.98818 543.65709
864.91137 518.6896
813.25821 495.22842
765.63507 473.17299
721.68302 452.42872
681.07505 432.90689
643.51468 414.52456
608.73379 397.20436
576.49106 380.87423
546.56708 365.46715
518.76213 350.92091
492.89655 337.17772
468.80692 324.18403
446.34519 311.89017
425.37785 300.25009
405.78345 289.22115
387.45165 278.76379
370.28237 268.84136
354.18458 259.41989
339.07538 250.46786
324.87909 241.95602
311.52696 233.85726
298.95661 226.14636
287.1108 218.79993
275.937 211.79619
265.38711 205.11491
910.21812 502.63546
852.77509 479.20634
799.95886 457.19877
751.35236 436.51893
706.57855 417.0782
665.29381 398.79319
627.18523 381.58569
591.96928 365.3826
559.38969 350.11572
529.21595 335.72153
501.23856 322.14098
475.26689 309.31919
451.12955 297.20527
428.67076 285.75199
407.7494 274.91557
388.23833 264.65543
370.02194 254.93397
352.99525 245.71634
337.0631 236.97022
322.13899 228.66566
308.14416 220.7749
295.00679 213.27215
282.66166 206.13349
271.04964 199.33672
260.11652 192.86121
249.81253 186.68777
240.09219 180.79856
846.30512 444.26148
792.04226 423.55333
742.19108 404.10164
696.35147 385.82348
654.16198 368.64051
615.29338 352.47904
579.44602 337.26995
546.34846 322.94863
515.75553 309.45478
487.44682 296.73228
461.22208 284.72892
436.89917 273.3962
414.31442 262.68915
393.31911 252.566
373.7786 242.98808
355.57165 233.91951
338.58806 225.32706
322.72782 217.17993
307.90032 209.44955
294.02322 202.10945
281.02163 195.13508
268.82725 188.50367
257.37811 182.19407
246.61807 176.18665
236.4957 170.46318
226.96379 165.00669
217.97922 159.80143
787.1979 391.33207
735.92473 373.0911
688.85729 355.95689
645.61194 339.8564
605.8424 324.72063
569.23341 310.48464
535.49814 297.08757
504.37692 284.4725
475.63528 272.58632
449.06258 261.37958
424.4675 250.8063
401.67606 240.82377
380.53203 231.39235
360.89346 222.47528
342.63195 214.03848
325.63189 206.05034
309.78826 198.4816
295.00579 191.30512
281.19821 184.49574
268.28715 178.03014
256.20137 171.8867
244.87592 166.04536
234.25193 160.48748
224.27609 155.19579
214.89957 150.15421
206.07757 145.34781
197.76922 140.76271
733.53183 344.82726
685.03439 328.75401
640.5476 313.65598
599.70371 299.46884
562.17099 286.13176
527.6476 273.58754
495.85902 261.78254
466.55681 250.66661
439.51679 240.19295
414.53762 230.318
391.4365 221.00122
370.04722 212.20499
350.22064 203.89438
331.82127 196.03699
314.72656 188.60279
298.82629 181.56394
284.02032 174.89465
270.21786 168.571
257.33673 162.57083
245.30232 156.87358
234.04682 151.46021
223.50843 146.31304
213.63116 141.41565
204.36437 136.7528
195.66166 132.31035
187.48051 128.07513
179.78211 124.03491
684.16233 303.31633
638.27251 289.17802
596.2065 275.89754
557.61197 263.41828
522.17136 251.68676
489.59583 240.65265
459.62278 230.26877
432.0147 220.491
406.55729 211.27819
383.05818 202.59191
361.34281 194.3966
341.2526 186.65928
322.6451 179.34913
305.39103 172.43763
289.3735 165.89838
274.48741 159.70688
260.63732 153.84046
247.73671 148.27806
235.7073 143.0002
224.47806 137.98881
213.98442 133.22711
204.16761 128.69957
194.97438 124.39173
186.35658 120.29021
178.27014 116.38255
170.67467 112.65718
163.53331 109.10333
638.92076 266.6864
595.47863 254.2555
555.68131 242.57884
519.1915 231.60664
485.70538 221.29187
454.94675 211.59029
426.66458 202.46042
400.6319 193.86346
376.64405 185.76325
354.51731 178.12599
334.08504 170.92039
315.19589 164.11747
297.71396 157.69012
281.51593 151.61329
266.49034 145.86375
252.537 140.41997
239.56496 135.262
227.49177 130.37134
216.2429 125.73087
205.7507 121.32467
195.95373 117.13802
186.79605 113.15724
178.22702 109.36964
170.20087 105.76344
162.67571 102.32769
155.61316 99.052206
148.97824 95.927533
597.20594 234.19866
556.07524 223.28209
518.41693 213.02788
483.90841 203.39231
452.25929 194.33408
423.20566 185.81435
396.50778 177.79667
371.94895 170.24699
349.33382 163.13353
328.48718 156.42669
309.25004 150.09896
291.47795 144.12476
275.04141 138.48039
259.82287 133.14384
245.7161 128.0947
232.62564 123.31409
220.46484 118.78446
209.15522 114.48958
198.62578 110.4144
188.81215 106.54497
179.65587 102.86833
171.10371 99.372492
163.10751 96.046297
155.62378 92.879401
148.61271 89.86219
142.03783 86.985727
135.86591 84.2417
558.71336 205.51953
519.77036 195.93977
484.13331 186.94126
451.49395 178.48559
421.57503 170.53657
394.12474 163.06014
368.9143 156.02428
345.73702 149.39912
324.40663 143.15675
304.75614 137.27121
286.63402 131.71835
269.90261 126.47573
254.43855 121.52255
240.12987 116.8395
226.87538 112.40866
214.58421 108.21346
203.17387 104.23852
192.56965 100.46958
182.704 96.893434
173.51568 93.497838
164.94908 90.271432
156.95358 87.203679
149.4834 84.284799
142.49721 81.505711
135.95717 78.857978
129.82865 76.333757
124.08009 73.925755
523.06664 180.19144
486.2021 171.79228
452.48229 163.90274
421.6131 156.48918
393.33016 149.51982
367.39337 142.96477
343.58479 136.79601
321.70751 130.98733
301.58412 125.51426
283.05563 120.35405
265.97779 115.48552
250.21955 110.889
235.66352 106.54625
222.20313 102.44032
209.74211 98.555543
198.19401 94.877355
187.48038 91.392279
177.53016 88.08782
168.27911 84.952396
159.66901 81.97527
151.64699 79.146483
144.16496 76.456797
137.17939 73.897637
130.65104 71.461041
124.54397 69.139612
118.8253 66.926473
113.46506 64.815231
489.96416 157.84905
455.08023 150.49133
423.18452 143.58003
393.99683 137.08569
367.26541 130.98049
342.76177 125.23822
320.27847 119.83433
299.62823 114.74588
280.6423 109.95143
263.16951 105.43105
247.0727 101.16618
232.22728 97.139597
218.52166 93.335311
205.85455 89.738494
194.13445 86.335397
183.27919 83.113278
173.21424 80.060325
163.87207 77.165595
155.19167 74.41894
147.11771 71.810956
139.59999 69.332918
132.59282 66.976733
126.05489 64.73489
119.94892 62.600414
114.24081 60.566824
108.89936 58.628099
103.89612 56.778634
459.14101 138.16595
426.14941 131.72553
395.99391 125.67602
368.40794 119.99151
343.15213 114.6476
320.00937 109.62138
298.78259 104.89135
279.29387 100.43741
261.38299 96.240824
244.90641 92.284119
229.7339 88.551067
215.7472 85.026587
202.84036 81.696685
190.91723 78.548381
179.89095 75.56964
169.68355 72.749309
160.22427 70.077051
151.44902 67.543285
143.29991 65.13913
135.72444 62.856353
128.67496 60.687319
122.10812 58.624943
115.98472 56.662652
110.26941 54.794338
104.92985 53.014331
99.936427 51.317359
95.262177 49.698517
430.36049 120.84263
399.18137 115.20961
370.69016 109.91858
344.63375 104.94681
320.78499 100.27293
298.9379 95.876903
278.9056 91.73993
260.5194 87.844435
243.62738 84.174018
228.0935 80.713411
213.79431 77.448415
200.61771 74.36584
188.46329 71.453446
177.2399 68.69988
166.86521 66.094619
157.26533 63.627905
148.37318 61.290698
140.12803 59.074619
132.47498 56.971901
125.36428 54.975342
118.75076 53.078265
112.59335 51.274473
106.85488 49.558216
101.50186 47.924154
96.503639 46.367327
91.832158 44.883123
87.461866 43.467254
403.41421 105.60907
373.97473 100.68636
347.07857 96.062344
322.48598 91.717306
299.98188 87.632613
279.37125 83.790747
260.47719 80.175277
243.14006 76.770845
227.21608 73.563119
212.57656 70.538753
199.10468 67.685339
186.69436 64.991351
175.2506 62.446091
164.68714 60.039638
154.92608 57.762794
145.89747 55.607032
137.53785 53.564452
129.78971 51.62773
122.60112 49.790078
115.92497 48.045204
109.71851 46.38727
103.94285 44.810863
98.562808 43.310955
93.54669 41.882882
88.865476 40.522307
84.492605 39.225201
80.403891 37.987815
378.12284 92.227115
350.35555 87.928273
324.99067 83.890194
301.80154 80.095715
280.58493 76.5286
261.15659 73.17354
243.34943 70.016191
227.01264 67.043138
212.01047 64.241866
198.22137 61.600721
185.53505 59.108867
173.8513 56.756237
163.08039 54.533489
153.14086 52.43196
143.95911 50.443617
135.46906 48.561014
127.61074 46.777251
120.32982 45.085934
113.57722 43.481133
107.30842 41.957353
101.483 40.509498
96.064203 39.132839
91.018776 37.822986
86.31675 36.575865
81.930692 35.38769
77.835488 34.254942
74.008269 33.174346
354.33067 80.482598
328.17245 76.73118
304.27933 73.207323
282.43753 69.896048
262.45539 66.783182
244.15924 63.855368
227.39158 61.100087
212.01031 58.505633
197.88747 56.061085
184.90855 53.756273
172.96958 51.58174
161.97614 49.528702
151.84365 47.589008
142.49529 45.755095
133.86168 44.019954
125.8805 42.377089
118.49521 40.820477
111.65456 39.344537
105.31222 37.944097
99.426201 36.614361
93.95837 35.350881
88.874015 34.14953
84.141757 33.006479
79.733306 31.918171
75.622763 30.881302
71.786415 29.892802
68.202665 28.949813
331.90224 70.184164
307.29351 66.912732
284.81616 63.839778
264.26899 60.952213
245.47174 58.237666
228.26107 55.684493
212.48888 53.281775
198.02156 51.019306
184.7388 48.88756
172.53293 46.87767
161.30621 44.981389
150.9698 43.191056
141.44417 41.499563
132.65705 39.900316
124.54314 38.387203
117.04382 36.954557
110.10584 35.597128
103.68095 34.310048
97.725548 33.088807
92.200074 31.929223
87.068603 30.827417
82.298428 29.77979
77.85998 28.783002
73.726599 27.833953
69.873872 26.929762
66.27944 26.067749
62.922939 25.245424
310.71988 61.161465
287.60397 58.310573
266.48931 55.632667
247.18701 53.116323
229.52796 50.750753
213.35894 48.52581
198.54105 46.431982
184.94893 44.460371
172.46976 42.602678
161.00254 40.851176
150.45558 39.198676
140.74552 37.638505
131.79772 36.164467
123.54434 34.770816
115.92407 33.452226
108.88186 32.203758
102.3677 31.020837
96.33626 29.899222
90.74655 28.834981
85.561391 27.824471
80.747003 26.864311
76.272626 25.951364
72.110446 25.082722
68.235382 24.255681
64.624461 23.46773
61.256638 22.716536
58.11274 21.999927
290.68449 53.26303
269.00667 50.780299
249.20358 48.448219
231.09845 46.256838
214.53301 44.19676
199.36395 42.259149
185.46129 40.435719
172.70778 38.718724
160.99785 37.100935
150.237 35.575623
140.33943 34.136529
131.2271 32.77784
122.83013 31.494161
115.085 30.280487
107.93426 29.13218
101.32635 28.044941
95.214389 27.014783
89.555876 26.038014
84.312379 25.111211
79.449021 24.231199
74.934104 23.395034
70.738757 22.599987
66.836867 21.843521
63.204884 21.123285
59.821228 20.437091
56.666127 19.782906
53.721562 19.158841
271.71205 46.354361
251.4188 44.193667
232.87752 42.164078
215.92326 40.256938
200.40837 38.46407
186.19913 36.777783
173.1743 35.190868
161.22445 33.696581
150.25109 32.288634
140.16602 30.961168
130.88916 29.708736
122.34763 28.526281
114.47617 27.409105
107.21544 26.352855
100.51177 25.353494
94.316941 24.407278
88.587126 23.510741
83.282573 22.660667
78.367319 21.854078
73.80872 21.088211
69.577099 20.360504
65.64541 19.668581
61.98919 19.010235
58.586371 18.38342
55.416723 17.786231
52.461702 17.216899
49.704405 16.673781
253.72925 40.316198
234.76801 38.436966
217.43987 36.671755
201.5914 35.01304
187.08527 33.453712
173.79709 31.987082
161.61405 30.60688
150.43436 29.307241
140.16635 28.082694
130.72795 26.928144
122.04459 25.838856
114.04841 24.810428
106.67861 23.838776
99.879909 22.920114
93.602259 22.050931
87.80071 21.22797
82.43438 20.448216
77.466172 19.708874
72.862518 19.007351
68.592933 18.341247
64.629692 17.708331
60.947521 17.106539
57.523547 16.53395
54.337135 15.988784
51.369363 15.469385
48.602873 14.974215
46.021841 14.501844
236.67259 35.042916
218.99153 33.409488
202.82873 31.875164
188.04194 30.433405
174.50382 29.078035
162.09902 27.803237
150.72293 26.603563
140.2811 25.473914
130.68847 24.409535
121.86886 23.405999
113.75306 22.459187
106.27804 21.565275
99.387327 20.720714
93.029514 19.922211
87.158088 19.166715
81.731242 18.451396
76.710936 17.773633
72.062641 17.130995
67.755099 16.52123
63.759911 15.94225
60.051237 15.392119
56.605512 14.86904
53.401403 14.371344
50.419659 13.897485
47.642615 13.446022
45.054064 13.01562
42.639221 12.605034
220.49034 30.441048
204.03787 29.022123
188.99299 27.689288
175.22424 26.436863
162.61398 25.259481
151.05557 24.152092
140.4523 23.10996
130.71681 22.128657
121.7704 21.204054
113.54261 20.332303
105.96934 19.509827
98.992212 18.733305
92.558918 17.999652
86.621813 17.30601
81.137764 16.649726
76.067992 16.028343
71.377196 15.439585
67.03332 14.881338
63.00733 14.351649
59.272836 13.848701
55.805817 13.370814
52.584353 12.916426
49.588595 12.484088
46.800624 12.072456
44.20399 11.68028
41.783592 11.306399
39.525648 10.949731
205.1386 26.428006
189.86319 25.196138
175.88897 24.03901
163.09493 22.951693
151.37274 21.929525
140.62419 20.968123
130.76013 20.063375
121.70005 19.211438
113.37137 18.408725
105.70907 17.651897
98.653994 16.937848
92.152239 16.263695
86.155475 15.62676
80.619667 15.02456
75.50493 14.454795
70.775393 13.915329
66.398385 13.404186
62.344222 12.919533
58.586007 12.459673
55.099284 12.023029
51.861775 11.608141
48.853143 11.213655
46.054965 10.838313
43.450605 10.480946
41.024779 10.140471
38.763449 9.8158779
36.6538 9.5062297
190.57832 22.930916
176.42851 21.862054
163.47789 20.858044
151.6155 19.914606
140.74197 19.027697
130.76717 18.193513
121.60924 17.408486
113.19419 16.669281
105.45531 15.972788
98.3328 15.316107
91.772241 14.696545
85.723997 14.1116
80.143554 13.558947
74.99033 13.036434
70.227546 12.542062
65.822114 12.073982
61.743879 11.630476
57.96543 11.209955
54.461917 10.810946
51.210733 10.432081
48.191274 10.072093
45.384721 9.7298075
42.774017 9.4041323
40.343754 9.0940544
38.07977 8.7986325
35.969047 8.5169915
33.999696 8.2483175
176.77509 19.885535
163.69947 18.958624
151.72557 18.087953
140.75205 17.269811
130.68812 16.500689
121.45137 15.77729
112.96691 15.096521
105.167 14.455488
97.990518 13.851493
91.382663 13.282025
85.293512 12.744745
79.677512 12.237484
74.493786 11.758228
69.705043 11.305108
65.27747 10.876392
61.180631 10.470476
57.386776 10.085871
53.87066 9.7211978
50.609388 9.3751795
47.582121 9.0466305
44.769853 8.7344518
42.155216 8.437624
39.722459 8.1552007
37.457352 7.8863033
35.346802 7.6301154
33.378771 7.3858782
31.542257 7.152886
163.70066 17.235262
151.64776 16.431887
140.60374 15.677256
130.47645 14.968153
121.18326 14.301537
112.64912 13.674551
104.80578 13.084512
97.591448 12.528913
90.950324 12.005417
84.832356 11.511845
79.191906 11.046172
73.987299 10.606517
69.181116 10.191134
64.739197 9.7984047
60.630547 9.4268268
56.827254 9.0750095
53.303852 8.7416632
50.03716 8.4255928
47.006143 8.1256906
44.191643 7.8409294
41.57618 7.5703568
39.143765 7.3130891
36.879896 7.0683062
34.771462 6.8352465
32.806395 6.6132024
30.973588 6.4015163
29.262887 6.1995764
151.32994 14.930312
140.24828 14.234376
130.0874 13.580666
120.76386 12.966394
112.20277 12.388928
104.33606 11.845791
97.101784 11.334661
90.443775 10.853365
84.311297 10.399879
78.658795 9.9723146
73.444697 9.5689182
68.630999 9.1880604
64.183564 8.8282287
60.071197 8.4880205
56.265575 8.1661355
52.74118 7.8613683
49.474708 7.572602
46.444937 7.2988011
43.632597 7.0390062
41.020125 6.7923274
38.591487 6.5579398
36.332009 6.3350777
34.22837 6.1230307
32.268527 5.9211391
30.441384 5.72879
28.736724 5.5454136
27.145198 5.3704801
139.6393 12.926943
129.47754 12.324389
120.15332 11.758395
111.59133 11.226547
103.72402 10.726566
96.489914 10.256308
89.832983 9.8137621
83.702414 9.3970475
78.052239 9.0044105
72.841158 8.6342174
68.031436 8.2849493
63.588546 7.9551955
59.481446 7.6436465
55.681744 7.349088
52.163643 7.0703939
48.903881 6.8065209
45.881203 6.5565016
43.076235 6.3194397
40.471377 6.0945044
38.050574 5.8809253
35.79916 5.6779881
33.703705 5.48503
31.75201 5.3014357
29.93304 5.1266342
28.236623 4.9600948
26.653384 4.8013241
25.17474 4.6498634
128.60674 11.186761
119.31385 10.665321
110.7801 10.175519
102.93785 9.7152667
95.726389 9.282592
89.090437 8.8756387
82.97955 8.4926667
77.347934 8.132049
72.154116 7.7922674
67.360801 7.4719086
62.93387 7.1696579
58.842066 6.8842945
55.057265 6.6146852
51.553713 6.3597792
48.307989 6.118602
45.29896 5.8902507
42.507297 5.6738882
39.915369 5.4687388
37.507146 5.2740836
35.267997 5.0892558
33.184547 4.9136374
31.244537 4.7466546
29.436828 4.5877752
27.751339 4.4365049
26.178769 4.2923845
24.710539 4.154987
23.338791 4.0239154
118.21338 9.6760913
109.73842 9.2250674
101.9492 8.8014086
94.785169 8.4033094
88.191983 8.0290635
82.120122 7.6770656
76.524361 7.3458106
71.363597 7.033891
66.600569 6.7399939
62.201731 6.4628966
58.136357 6.2014622
54.376258 5.9546345
50.896045 5.7214336
47.672442 5.5009503
44.684259 5.2923419
41.912359 5.0948274
39.339222 4.9076827
36.948853 4.7302369
34.726698 4.5618681
32.659464 4.4019996
30.734988 4.2500968
28.942113 4.1056636
27.270697 3.9682394
25.711555 3.8373968
24.256208 3.7127384
22.896829 3.5938952
21.626243 3.4805237
108.44081 8.3654279
100.73318 7.9754969
93.642936 7.6092245
87.116048 7.2650495
81.104021 6.9414967
75.562657 6.6371783
70.451566 6.3507931
65.734003 6.0811243
61.376623 5.8270368
57.349381 5.5874734
53.624713 5.3614513
50.177297 5.1480574
46.984304 4.9464445
44.024774 4.7558265
41.279602 4.575475
38.731522 4.4047146
36.364705 4.2429194
34.164689 4.0895093
32.118301 3.9439467
30.2135 3.805733
28.43926 3.6744061
26.785455 3.5495368
25.242879 3.4307273
23.803189 3.3176078
22.458675 3.2098349
21.202216 3.1070895
20.027279 3.0090745
99.270072 7.2289373
92.279829 6.8919808
85.843686 6.5754687
79.913509 6.2780518
74.446151 5.9984556
69.402291 5.7354807
64.745982 5.4880026
60.444502 5.2549699
56.468132 5.0354016
52.79007 4.8283844
49.385692 4.6330687
46.232346 4.4486656
43.309583 4.2744429
40.598603 4.1097216
38.082248 3.9538718
35.744994 3.8063102
33.572591 3.6664958
31.552006 3.5339273
29.671356 3.4081403
27.919768 3.2887037
26.287277 3.1752183
24.764723 3.0673133
23.343771 2.9646447
22.016865 2.8668931
20.777016 2.7737618
19.617763 2.6849749
18.533175 2.6002758
90.682425 6.244018
84.36047 5.9529708
78.534324 5.6795825
73.161174 5.4226879
68.202701 5.1811858
63.624016 4.9540405
59.393228 4.7402805
55.481301 4.5389978
51.861849 4.3493451
48.51106 4.1705333
45.407031 4.0018288
42.529578 3.8425501
39.860463 3.6920647
37.38289 3.5497861
35.081508 3.4151705
32.942413 3.2877136
30.952824 3.1669485
29.101036 3.0524421
27.376367 2.9437931
25.769029 2.8406294
24.270045 2.742606
22.871154 2.6494027
21.564834 2.5607224
20.34426 2.4762892
19.203115 2.3958467
18.135555 2.3191567
17.136208 2.2459977
82.660971 5.3909042
76.958919 5.1396226
71.699333 4.9035872
66.844155 4.6817919
62.359399 4.4732861
58.21416 4.2771755
54.380215 4.0926214
50.831875 3.9188398
47.545789 3.7550992
44.500879 3.6007183
41.677736 3.4550638
39.058446 3.3175472
36.62681 3.1876225
34.36788 3.0647833
32.267978 2.9485601
30.314697 2.8385176
28.496618 2.7342525
26.803268 2.635391
25.225074 2.5415866
23.753259 2.4525181
22.379761 2.3678876
21.097152 2.2874185
19.898666 2.2108545
18.778157 2.1379573
17.729932 2.0685056
16.748719 2.0022937
15.82967 1.9391303
75.187799 4.6523357
70.058308 4.4354805
65.322773 4.2317827
60.947362 4.040374
56.901939 3.8604342
53.159158 3.6911913
49.694077 3.5319217
46.484012 3.3819487
43.508355 3.2406411
40.748503 3.1074108
38.187313 2.9817114
35.808948 2.863035
33.59907 2.7509104
31.544432 2.6449005
29.632892 2.5446002
27.853426 2.4496338
26.195867 2.3596534
24.650881 2.2743362
23.209922 2.1933833
21.865146 2.1165174
20.609337 2.0434815
19.43584 1.9740369
18.338586 1.9079624
17.312059 1.8450523
16.351144 1.7851157
15.451099 1.727975
14.607559 1.6734651
68.243399 4.0132537
63.640561 3.8261875
59.387828 3.6504714
55.455095 3.4853562
51.815631 3.3301344
48.445234 3.1841402
45.321873 3.0467492
42.425541 2.9173778
39.738078 2.7954813
37.243106 2.6805527
34.925528 2.5721204
32.771387 2.4697463
30.768039 2.3730241
28.903789 2.2815766
27.167903 2.1950544
25.550621 2.1131334
24.042932 2.0355134
22.636545 1.961916
21.323864 1.8920835
20.097902 1.8257765
18.952225 1.7627734
17.88089 1.7028683
16.878471 1.6458703
15.940034 1.5916021
15.060998 1.5398988
14.237109 1.4906074
13.46445 1.4435855
61.807608 3.4605289
57.687233 3.2992265
53.877526 3.1477109
50.351669 3.0053363
47.085916 2.8714925
44.058829 2.7456054
41.25094 2.6271366
38.644604 2.5155829
36.223837 2.4104746
33.974239 2.3113746
31.882544 2.2178761
29.936486 2.1296016
28.124953 2.0462004
26.437655 1.9673476
24.865139 1.8927416
23.398802 1.8221032
22.030686 1.7551734
20.753459 1.6917123
19.560393 1.6314974
18.44529 1.5743226
17.402435 1.5199965
16.426538 1.4683419
15.512767 1.4191939
14.656721 1.3723998
13.854309 1.3278174
13.10173 1.2853146
12.395479 1.2447688
55.860911 2.9827223
52.180678 2.8436916
48.775782 2.7130963
45.622305 2.5903799
42.699127 2.4750164
39.987239 2.366511
37.46942 2.2643997
35.130106 2.1682486
32.955224 2.077653
30.932126 1.9922361
29.04917 1.9116473
27.295597 1.8355612
25.661665 1.7636755
24.138349 1.6957102
22.717351 1.6314053
21.391112 1.5705202
20.152633 1.5128316
18.995455 1.4581328
17.913642 1.406232
16.901716 1.3569515
15.954619 1.3101265
15.067662 1.2656039
14.236555 1.223242
13.457387 1.1829089
12.726518 1.1444821
12.04056 1.1078479
11.396385 1.0729003
50.382388 2.5698738
47.102079 2.4500869
44.065556 2.3375679
41.251474 2.2318371
38.641029 2.1324415
36.217344 2.0389548
33.965173 1.9509771
31.870771 1.8681346
29.921745 1.7900787
28.106981 1.7164847
26.416266 1.6470505
24.840172 1.5814957
23.370172 1.51956
21.998365 1.461002
20.717487 1.4055978
19.520918 1.35314
18.402523 1.3034363
17.356629 1.2563086
16.378021 1.2115916
15.461875 1.1691322
14.603733 1.1287883
13.799453 1.0904283
13.045239 1.0539299
12.337631 1.0191794
11.673399 0.98607137
11.049535 0.9545078
10.463256 0.92439744
45.349656 2.2133168
42.431348 2.1101498
39.728736 2.0132423
37.222762 1.9221813
34.896675 1.8365764
32.735475 1.7560605
30.725647 1.6802893
28.855039 1.6089409
27.112719 1.5417149
25.48891 1.4783317
23.974648 1.4185312
22.561671 1.3620718
21.242517 1.3087294
20.01028 1.258296
18.858609 1.2105789
17.781722 1.1653994
16.774255 1.1225919
15.831245 1.0820029
14.948124 1.0434901
14.120663 1.0069217
13.344944 0.97217543
12.617324 0.93913769
11.934459 0.90770321
11.293296 0.87777418
10.690982 0.84925975
10.124853 0.82207547
9.5924452 0.79614277
40.739585 1.905514
38.147807 1.8166944
35.746773 1.7332638
33.519467 1.6548665
31.450963 1.5811666
29.527918 1.511848
27.738336 1.4466143
26.071456 1.3851882
24.517618 1.3273113
23.068207 1.2727428
21.715343 1.2212587
20.451775 1.172651
19.270974 1.1267269
18.1669 1.0833073
17.13401 1.0422261
16.16726 1.0033297
15.26197 0.96647535
14.413813 0.93153101
13.618797 0.89837419
12.87323 0.86689133
12.173681 0.83697714
11.516958 0.80853392
10.900127 0.78147099
10.320505 0.75570415
9.7755798 0.73115519
9.2630031 0.70775138
8.7805978 0.68542511
36.52894 1.6399136
34.230805 1.5634742
32.101272 1.4916727
30.125155 1.4242029
28.28915 1.3607758
26.581384 1.3011192
24.9912 1.2449781
23.509055 1.192114
22.126404 1.1423043
20.83564 1.0953418
19.629825 1.0510339
18.502589 1.0092015
17.448209 0.96967851
16.461405 0.93231094
15.537335 0.89695592
14.671603 0.86348108
13.860133 0.8317637
13.099156 0.8016901
12.385197 0.77315486
11.715037 0.74606025
11.085686 0.72031567
10.494353 0.69583701
9.9384742 0.67254626
9.4157003 0.65037094
8.9238285 0.62924374
8.460795 0.60910208
8.0246838 0.58988776
32.693929 1.410826
30.659118 1.3450649
28.773276 1.2832937
27.022858 1.2252492
25.396006 1.1706826
23.882152 1.1193598
22.471829 1.0710614
21.156567 1.0255821
19.928796 0.98273065
18.781795 0.94232863
17.709444 0.90421031
16.706136 0.86822171
15.766852 0.83421994
14.886966 0.80207245
14.062248 0.77165637
13.288865 0.7428578
12.563268 0.7155712
11.882176 0.68969874
11.242568 0.66514973
10.641645 0.64184012
10.076805 0.61969193
9.5456193 0.59863282
9.0458509 0.57859567
8.5754515 0.55951814
8.1324958 0.5413423
7.7151772 0.52401433
7.3218155 0.50748415
29.210466 1.2133134
27.411162 1.1567588
25.743434 1.1036355
24.1952 1.0537172
22.7559 1.0067898
21.416132 0.96265216
20.167481 0.92111547
19.002433 0.88200328
17.914279 0.84515095
16.897072 0.81040516
15.945407 0.77762335
15.054346 0.7466731
14.219472 0.71743153
13.436729 0.68978463
12.702416 0.66362676
12.013183 0.63885995
11.365937 0.61539342
10.757824 0.59314306
10.186217 0.57203087
9.6486838 0.55198456
9.1429653 0.53293708
8.6669509 0.51482621
8.2186966 0.49759422
7.7964212 0.4811875
7.3984481 0.46555624
7.0232013 0.45065415
6.669213 0.43643816
26.054541 1.0430929
24.465361 0.99447257
22.992354 0.94880224
21.624753 0.9058872
20.353154 0.86554353
19.169198 0.82759817
18.065412 0.79188888
17.035129 0.75826393
16.072403 0.7265818
15.171971 0.69671066
14.329054 0.66852797
13.539295 0.64191989
12.798804 0.61678075
12.104014 0.59301257
11.451677 0.57052451
10.838864 0.54923235
10.262873 0.52905805
9.7212143 0.50992929
9.2116055 0.49177903
8.7319334 0.4745451
8.2802367 0.45816987
7.8546847 0.44259985
7.4535917 0.42778541
7.0754127 0.41368046
6.7186924 0.40024218
6.3820607 0.38743076
6.0642399 0.37520919
23.202526 0.89645118
21.800439 0.85466618
20.500893 0.81541642
19.294298 0.77853459
18.172288 0.74386263
17.127432 0.71125181
16.153096 0.6805627
15.243368 0.65166491
14.392978 0.62443679
13.597267 0.59876508
12.852009 0.57454444
12.153354 0.55167704
11.497871 0.53007208
10.882419 0.50964533
10.304142 0.49031873
9.7604712 0.47201991
9.2490421 0.4546818
8.7676825 0.43824224
8.3144029 0.42264362
7.8873669 0.4078325
7.4848721 0.39375937
7.1053312 0.38037824
6.7472836 0.36764647
6.4093923 0.35552445
6.0903965 0.34397537
5.7891086 0.33296503
5.5044195 0.32246161
20.631343 0.77017125
19.395523 0.73427243
18.25019 0.70055171
17.186805 0.66886535
16.197927 0.63907756
15.276954 0.61106056
14.418001 0.58469456
13.615823 0.55986754
12.865755 0.53647499
12.16367 0.51441959
11.50583 0.49361086
10.888832 0.47396473
10.309648 0.4554032
9.7655067 0.43785392
9.2538961 0.42124981
8.7725577 0.40552869
8.3194189 0.39063295
7.8925795 0.37650919
7.4903033 0.36310789
7.1109914 0.35038318
6.7531643 0.33829248
6.415445 0.32679631
6.0965683 0.31585803
5.7953772 0.30544359
5.5107813 0.29552139
5.2417527 0.28606204
4.9873313 0.2770382
18.318656 0.66146706
17.230332 0.63063517
16.221841 0.60167395
15.285584 0.57445996
14.414942 0.54887655
13.604055 0.524814
12.847699 0.50216942
12.141228 0.48084659
11.480508 0.46075576
10.861886 0.44181336
10.282059 0.42394165
9.7380183 0.40706846
9.2270894 0.39112678
8.7468291 0.37605447
8.2950229 0.36179393
7.869684 0.34829175
7.468992 0.33549845
7.0912811 0.32336817
6.7350326 0.31185838
6.3988509 0.30092967
6.0814476 0.2905455
5.7816258 0.28067194
5.4982878 0.27127752
5.2304323 0.26233301
4.9771158 0.25381126
4.7374496 0.24568703
4.5106037 0.23793684
16.243002 0.56792693
15.285314 0.54145514
14.398047 0.51658948
13.574439 0.49322396
12.808608 0.47125843
12.095348 0.45059869
11.430026 0.43115638
10.808527 0.41284892
10.22719 0.39559923
9.6827837 0.37933556
9.1723871 0.36399118
8.6933442 0.3495041
8.2432933 0.3358168
7.8200793 0.32287593
7.4217502 0.31063203
7.0465564 0.29903925
6.6928966 0.28805511
6.3593076 0.27764021
6.0444574 0.26775807
5.7471249 0.25837483
5.4661847 0.24945912
5.2005938 0.24098181
4.9493978 0.23291589
4.7117282 0.22523626
4.4867682 0.2179196
4.273749 0.21094424
4.0719537 0.20429003
14.383914 0.48746421
13.54177 0.46474296
12.761734 0.44340027
12.037791 0.42334518
11.364715 0.40449173
10.737884 0.38675906
10.153191 0.37007134
9.6069879 0.35435767
9.0960367 0.33955192
8.6174796 0.32559248
8.1687349 0.31242208
7.7474578 0.29998752
7.351564 0.28823943
6.9791528 0.27713202
6.6285033 0.26662282
6.298074 0.2566725
5.9864548 0.24724457
5.6923588 0.23830525
5.4146157 0.22982319
5.1521543 0.22176936
4.9039894 0.21411682
4.6692097 0.20684056
4.4469834 0.19991741
4.2365556 0.19332581
4.0372178 0.18704576
3.8483044 0.18105866
3.6691955 0.1753472
12.722057 0.41827481
11.981977 0.39877862
11.296666 0.38046532
10.660776 0.36325684
10.069662 0.34707945
9.5192238 0.33186375
9.0058208 0.31754468
8.5262222 0.3040614
8.0775622 0.29135717
7.6573142 0.27937912
7.2631976 0.26807812
6.8931426 0.25740851
6.5453104 0.24732793
6.2180248 0.23779709
5.909769 0.22877956
5.6191844 0.22024157
5.3450291 0.21215183
5.0861701 0.20448134
4.8415783 0.19720321
4.6103124 0.19029253
4.3915082 0.18372617
4.1843678 0.17748269
3.9881646 0.17154219
3.8022407 0.16588619
3.6259799 0.16049752
3.4588049 0.15536021
3.3001789 0.15045943
11.239278 0.3587997
10.58925 0.34207576
9.9875111 0.32636651
9.4293085 0.31160498
8.9105184 0.29772792
8.427503 0.28467581
7.9770349 0.27239282
7.5562538 0.26082678
7.1626241 0.24992901
6.7939122 0.23965417
6.4481038 0.22996009
6.1233721 0.22080763
5.8180952 0.21216044
5.5307953 0.20398482
5.2601357 0.19624952
5.0049196 0.18892557
4.7640532 0.18198614
4.5365392 0.17540633
4.3214721 0.1691631
4.1180244 0.16323506
3.9254372 0.15760239
3.7430106 0.15224669
3.5701083 0.14715088
3.4061552 0.14229912
3.2506142 0.13767667
3.1029827 0.13326984
2.9627949 0.12906591
0.00033493852 1528.8407
0.00034541236 1569.1624
0.00035616672 1604.7724
0.00036719326 1636.1369
0.00037848403 1663.6724
0.00039003144 1687.7515
0.00040182829 1708.7082
0.00041386771 1726.8419
0.00042614322 1742.4219
0.00043864866 1755.6902
0.00045137819 1766.8647
0.0004643263 1776.142
0.00047748775 1783.6993
0.00049085759 1789.6969
0.00050443114 1794.2794
0.00051820396 1797.5781
0.00053217184 1799.7115
0.00054633079 1800.7874
0.00056067703 1800.9035
0.00057520697 1800.1485
0.0005899172 1798.603
0.00060480447 1796.3403
0.00061986571 1793.4273
0.00063509799 1789.9248
0.00065049849 1785.8883
0.00066606457 1781.3683
0.00068179367 1776.4111
5.0664081 9.9697587e+09 1.3228757
5.0382189 1.1394696e+10 1.3601471
4.9995969 1.268286e+10 1.396424
4.9532736 1.3829356e+10 1.4317821
4.901417 1.4836354e+10 1.4662878
4.8457303 1.5710432e+10 1.5
4.7875393 1.6460693e+10 1.532971
4.7278682 1.7097474e+10 1.5652476
4.6675019 1.7631478e+10 1.5968719
4.6070374 1.8073229e+10 1.6278821
4.546924 1.8432739e+10 1.6583124
4.4874965 1.8719324e+10 1.6881943
4.429 1.8941521e+10 1.7175564
7
