# Fiducial parameters, omega_b = 0.022237, omega_cdm = 0.12, H0 = 67.36, ln10^{10}A_s = 3.044, n_s = 0.9649, tau_reio = 0.0544, M_tot = 0.01, sigma_NL = 7, beta_0^Euclid = 1, beta_1^Euclid = 1, z_reio = 1, Omega_Lambda = 1, YHe = 1, 100*theta_s = 1, A_s = 0, sigma8 = 0
1.4510407e-08
1.5942492e-08
1.7164029e-08
1.777041e-08
1.8216906e-08
1.8596983e-08
1.8915683e-08
1.920473e-08
1.9493949e-08
1.9886059e-08
0
2.5544158e-08
2.5598723e-08
2.6916764e-08
2.7889866e-08
2.8718459e-08
2.9413275e-08
3.0043455e-08
3.0674024e-08
3.1528958e-08
0
0
3.1597113e-08
3.0892728e-08
3.2262136e-08
3.3431015e-08
3.4411579e-08
3.5300962e-08
3.6190904e-08
3.739752e-08
0
0
0
3.5617594e-08
3.4740804e-08
3.6168491e-08
3.7368321e-08
3.8456854e-08
3.9546101e-08
4.1022953e-08
0
0
0
0
3.9204367e-08
3.8340583e-08
3.9755663e-08
4.1041139e-08
4.2327688e-08
4.407208e-08
0
0
0
0
0
4.2800958e-08
4.1904446e-08
4.3402374e-08
4.4903006e-08
4.6937861e-08
0
0
0
0
0
0
4.6307381e-08
4.5485784e-08
4.7211988e-08
4.955416e-08
0
0
0
0
0
0
0
4.9970812e-08
4.9407511e-08
5.2095259e-08
0
0
0
0
0
0
0
0
5.4212724e-08
5.4792036e-08
0
0
0
0
0
0
0
0
0
6.1173365e-08
1.3602044e-08
1.5085226e-08
1.6344782e-08
1.697027e-08
1.7430841e-08
1.78229e-08
1.8151649e-08
1.8449811e-08
1.8748152e-08
1.9152634e-08
0
2.4996187e-08
2.5232082e-08
2.6645377e-08
2.7689063e-08
2.8577782e-08
2.9323021e-08
2.9998935e-08
3.067527e-08
3.159226e-08
0
0
3.1523931e-08
3.0984594e-08
3.2478776e-08
3.3754426e-08
3.48246e-08
3.5795265e-08
3.6766545e-08
3.8083448e-08
0
0
0
3.5925308e-08
3.5216426e-08
3.6789385e-08
3.8111515e-08
3.9311031e-08
4.051134e-08
4.2138785e-08
0
0
0
0
3.988815e-08
3.9208006e-08
4.0779045e-08
4.220635e-08
4.363487e-08
4.5571768e-08
0
0
0
0
0
4.3891387e-08
4.3187456e-08
4.4861674e-08
4.6539044e-08
4.881358e-08
0
0
0
0
0
0
4.7819665e-08
4.7210866e-08
4.9151572e-08
5.1784909e-08
0
0
0
0
0
0
0
5.1947687e-08
5.1641571e-08
5.4679904e-08
0
0
0
0
0
0
0
0
5.6754844e-08
5.7760478e-08
0
0
0
0
0
0
0
0
0
6.4698659e-08
1.2567116e-08
1.4004037e-08
1.5273204e-08
1.5903751e-08
1.6368055e-08
1.6763292e-08
1.7094707e-08
1.7395289e-08
1.7696052e-08
1.8103821e-08
0
2.4069881e-08
2.4441982e-08
2.5928506e-08
2.7026595e-08
2.7961671e-08
2.8745788e-08
2.9456965e-08
3.0168588e-08
3.1133427e-08
0
0
3.0979325e-08
3.0582641e-08
3.2185404e-08
3.3554101e-08
3.4702384e-08
3.5743901e-08
3.6786082e-08
3.8199123e-08
0
0
0
3.5717968e-08
3.5162229e-08
3.6868147e-08
3.8302308e-08
3.9603502e-08
4.0905563e-08
4.2670976e-08
0
0
0
0
4.0029297e-08
3.9522616e-08
4.124132e-08
4.2802981e-08
4.4366001e-08
4.6485276e-08
0
0
0
0
0
4.4421447e-08
4.3904464e-08
4.575008e-08
4.7599338e-08
5.0106986e-08
0
0
0
0
0
0
4.8763331e-08
4.8365618e-08
5.0519333e-08
5.3441862e-08
0
0
0
0
0
0
0
5.3356229e-08
5.3310057e-08
5.6702997e-08
0
0
0
0
0
0
0
0
5.8739621e-08
6.0184065e-08
0
0
0
0
0
0
0
0
0
6.7707485e-08
1.1561883e-08
1.2852684e-08
1.4099752e-08
1.471966e-08
1.5176139e-08
1.5564716e-08
1.5890548e-08
1.6186065e-08
1.6481763e-08
1.6882668e-08
0
2.2890778e-08
2.3338409e-08
2.4868194e-08
2.5998644e-08
2.6961318e-08
2.7768581e-08
2.8500754e-08
2.9233388e-08
3.022672e-08
0
0
3.0050266e-08
2.9761686e-08
3.1447798e-08
3.2888108e-08
3.4096535e-08
3.5192611e-08
3.6289389e-08
3.7776462e-08
0
0
0
3.505563e-08
3.4627175e-08
3.6444249e-08
3.7972207e-08
3.9358548e-08
4.0745818e-08
4.2626773e-08
0
0
0
0
3.9663984e-08
3.9309585e-08
4.1158408e-08
4.2838556e-08
4.4520203e-08
4.6800334e-08
0
0
0
0
0
4.4403925e-08
4.4057805e-08
4.6060432e-08
4.8067226e-08
5.0788534e-08
0
0
0
0
0
0
4.9129199e-08
4.8930387e-08
5.1285137e-08
5.4480669e-08
0
0
0
0
0
0
0
5.4165405e-08
5.4370539e-08
5.810666e-08
0
0
0
0
0
0
0
0
6.0112322e-08
6.199141e-08
0
0
0
0
0
0
0
0
0
7.011036e-08
1.0323812e-08
1.1352022e-08
1.2539107e-08
1.31296e-08
1.356443e-08
1.3934579e-08
1.4244959e-08
1.4526463e-08
1.4808141e-08
1.5190039e-08
0
2.1138031e-08
2.158081e-08
2.3113776e-08
2.4247076e-08
2.5212228e-08
2.6021574e-08
2.6755638e-08
2.7490167e-08
2.8486073e-08
0
0
2.8367129e-08
2.8136539e-08
2.9869157e-08
3.1349741e-08
3.2592037e-08
3.3718841e-08
3.4846371e-08
3.6375145e-08
0
0
0
3.3534007e-08
3.3192522e-08
3.5086557e-08
3.6679676e-08
3.8125194e-08
3.9571689e-08
4.1532953e-08
0
0
0
0
3.8356592e-08
3.8118714e-08
4.0067827e-08
4.1839442e-08
4.3612685e-08
4.6017022e-08
0
0
0
0
0
4.3371973e-08
4.316652e-08
4.5298941e-08
4.7436075e-08
5.0334173e-08
0
0
0
0
0
0
4.8420535e-08
4.8394033e-08
5.0923402e-08
5.4356167e-08
0
0
0
0
0
0
0
5.384814e-08
5.4279927e-08
5.832607e-08
0
0
0
0
0
0
0
0
6.0312179e-08
6.2597722e-08
0
0
0
0
0
0
0
0
0
7.129526e-08
9.1240665e-09
9.8047213e-09
1.0899684e-08
1.1444801e-08
1.1846228e-08
1.2187944e-08
1.2474482e-08
1.2734364e-08
1.2994406e-08
1.3346974e-08
0
1.9131274e-08
1.9482713e-08
2.097526e-08
2.2079273e-08
2.3019544e-08
2.3808032e-08
2.452318e-08
2.5238782e-08
2.6209032e-08
0
0
2.6226863e-08
2.5994293e-08
2.7729086e-08
2.9212196e-08
3.0456708e-08
3.1585532e-08
3.2715086e-08
3.4246612e-08
0
0
0
3.1425972e-08
3.1120076e-08
3.3047321e-08
3.466892e-08
3.6140349e-08
3.7612783e-08
3.9609224e-08
0
0
0
0
3.6354705e-08
3.6185122e-08
3.8194145e-08
4.0020624e-08
4.1848839e-08
4.4327726e-08
0
0
0
0
0
4.1545431e-08
4.1437383e-08
4.3660459e-08
4.5888797e-08
4.8910625e-08
0
0
0
0
0
0
4.6828678e-08
4.693371e-08
4.9597039e-08
5.3211941e-08
0
0
0
0
0
0
0
5.2565151e-08
5.3182327e-08
5.7482761e-08
0
0
0
0
0
0
0
0
5.94641e-08
6.2101674e-08
0
0
0
0
0
0
0
0
0
7.1329178e-08
8.0451895e-09
8.3296689e-09
9.3089277e-09
9.7969027e-09
1.0156264e-08
1.0462172e-08
1.0718685e-08
1.0951335e-08
1.1184129e-08
1.1499754e-08
0
1.7025799e-08
1.7200252e-08
1.8608565e-08
1.9650952e-08
2.0538807e-08
2.1283347e-08
2.1958636e-08
2.2634356e-08
2.3550534e-08
0
0
2.3776101e-08
2.3474717e-08
2.5161987e-08
2.6605256e-08
2.7816454e-08
2.891507e-08
3.0014399e-08
3.150495e-08
0
0
0
2.8859492e-08
2.8528273e-08
3.0436664e-08
3.2043057e-08
3.3500773e-08
3.4959492e-08
3.6937346e-08
0
0
0
0
3.3763423e-08
3.3602029e-08
3.5620473e-08
3.7456016e-08
3.9293374e-08
4.1784669e-08
0
0
0
0
0
3.9002084e-08
3.8934831e-08
4.1197215e-08
4.3465382e-08
4.6541282e-08
0
0
0
0
0
0
4.4401604e-08
4.4582164e-08
4.7323463e-08
5.1044603e-08
0
0
0
0
0
0
0
5.0330869e-08
5.1073568e-08
5.554725e-08
0
0
0
0
0
0
0
0
5.7541636e-08
6.0446237e-08
0
0
0
0
0
0
0
0
0
7.0116294e-08
7.0196124e-09
6.8824454e-09
7.7300204e-09
8.1528158e-09
8.46419e-09
8.72925e-09
8.9515105e-09
9.1530952e-09
9.3548051e-09
9.628287e-09
0
1.4819017e-08
1.4738345e-08
1.6021612e-08
1.6972185e-08
1.7781917e-08
1.8460951e-08
1.9076828e-08
1.9693099e-08
2.0528677e-08
0
0
2.1019434e-08
2.0579689e-08
2.2167333e-08
2.3526283e-08
2.4666854e-08
2.5701419e-08
2.6736659e-08
2.8140317e-08
0
0
0
2.5828841e-08
2.5404695e-08
2.7236204e-08
2.8778651e-08
3.0178437e-08
3.1579199e-08
3.3478474e-08
0
0
0
0
3.0559488e-08
3.0336227e-08
3.2305055e-08
3.4096073e-08
3.5888944e-08
3.8319933e-08
0
0
0
0
0
3.5694672e-08
3.5599251e-08
3.7838234e-08
4.0083457e-08
4.3128315e-08
0
0
0
0
0
0
4.106357e-08
4.1248572e-08
4.399663e-08
4.7727443e-08
0
0
0
0
0
0
0
4.7035506e-08
4.7824447e-08
5.2363871e-08
0
0
0
0
0
0
0
0
5.4391344e-08
5.7444481e-08
0
0
0
0
0
0
0
0
0
6.7424876e-08
6.1674101e-09
5.6336753e-09
6.3498355e-09
6.7074289e-09
6.9707964e-09
7.1949908e-09
7.3829847e-09
7.5534905e-09
7.7241024e-09
7.9554218e-09
0
1.2775717e-08
1.2390236e-08
1.352108e-08
1.4359483e-08
1.5073744e-08
1.5672725e-08
1.6215996e-08
1.6759615e-08
1.7496688e-08
0
0
1.827715e-08
1.7640318e-08
1.9083737e-08
2.0320195e-08
2.1358103e-08
2.2299561e-08
2.3241635e-08
2.4518974e-08
0
0
0
2.2672396e-08
2.2091784e-08
2.3791505e-08
2.5223816e-08
2.6523765e-08
2.782463e-08
2.9588462e-08
0
0
0
0
2.7085652e-08
2.6729825e-08
2.8589187e-08
3.0281304e-08
3.1975268e-08
3.4272157e-08
0
0
0
0
0
3.1960522e-08
3.1763208e-08
3.3911552e-08
3.6066488e-08
3.8988984e-08
0
0
0
0
0
0
3.7138284e-08
3.7247998e-08
3.9922759e-08
4.3554657e-08
0
0
0
0
0
0
0
4.2981022e-08
4.3723203e-08
4.8202043e-08
0
0
0
0
0
0
0
0
5.0281933e-08
5.3337715e-08
0
0
0
0
0
0
0
0
0
6.3454433e-08
5.4191038e-09
4.5254542e-09
5.1183855e-09
5.4146784e-09
5.6329078e-09
5.8186784e-09
5.9744529e-09
6.1157366e-09
6.2571085e-09
6.448784e-09
0
1.0900515e-08
1.0191113e-08
1.1157001e-08
1.187375e-08
1.2484445e-08
1.2996583e-08
1.3461088e-08
1.3925892e-08
1.4556103e-08
0
0
1.562321e-08
1.4748076e-08
1.6015119e-08
1.7101428e-08
1.8013445e-08
1.8840723e-08
1.9668544e-08
2.0790972e-08
0
0
0
1.9498543e-08
1.8709087e-08
2.0231255e-08
2.1514827e-08
2.26799e-08
2.3845805e-08
2.542665e-08
0
0
0
0
2.3470384e-08
2.2917859e-08
2.4613096e-08
2.6156582e-08
2.7701857e-08
2.9797146e-08
0
0
0
0
0
2.7937967e-08
2.7566889e-08
2.955878e-08
3.1557453e-08
3.4268116e-08
0
0
0
0
0
0
3.2764025e-08
3.2716206e-08
3.523486e-08
3.8655461e-08
0
0
0
0
0
0
0
3.8296174e-08
3.8890768e-08
4.3171814e-08
0
0
0
0
0
0
0
0
4.5320212e-08
4.8212338e-08
0
0
0
0
0
0
0
0
0
5.8254173e-08
4.8175356e-09
3.6159368e-09
4.1016528e-09
4.3444744e-09
4.5233262e-09
4.6755766e-09
4.8032434e-09
4.9190342e-09
5.0348973e-09
5.1919877e-09
0
9.3126368e-09
8.2967665e-09
9.1037228e-09
9.702982e-09
1.021363e-08
1.0641873e-08
1.1030286e-08
1.141895e-08
1.1945926e-08
0
0
1.3269315e-08
1.2142902e-08
1.3221988e-08
1.4147931e-08
1.4925441e-08
1.5630722e-08
1.6336467e-08
1.7293375e-08
0
0
0
1.65797e-08
1.5552125e-08
1.6870329e-08
1.7982717e-08
1.8992521e-08
2.0003058e-08
2.1373241e-08
0
0
0
0
2.0033149e-08
1.9239263e-08
2.0731717e-08
2.2091291e-08
2.3452545e-08
2.5298326e-08
0
0
0
0
0
2.3984441e-08
2.3382304e-08
2.5164852e-08
2.695416e-08
2.938097e-08
0
0
0
0
0
0
2.8325117e-08
2.8047809e-08
3.0337546e-08
3.3447976e-08
0
0
0
0
0
0
0
3.338238e-08
3.373439e-08
3.7687989e-08
0
0
0
0
0
0
0
0
3.9913557e-08
4.2474301e-08
0
0
0
0
0
0
0
0
0
5.2211385e-08
4.2994866e-09
2.8257691e-09
3.2175009e-09
3.4133983e-09
3.5576909e-09
3.6805223e-09
3.7835204e-09
3.8769375e-09
3.970413e-09
4.0971499e-09
0
7.9303311e-09
6.6436595e-09
7.3081543e-09
7.8018401e-09
8.2225601e-09
8.5753906e-09
8.895406e-09
9.2156277e-09
9.6498061e-09
0
0
1.1195134e-08
9.8298877e-09
1.0728404e-08
1.1499915e-08
1.2147843e-08
1.2735588e-08
1.3323721e-08
1.4121162e-08
0
0
0
1.3955858e-08
1.2686972e-08
1.3796937e-08
1.4734213e-08
1.5585146e-08
1.6436705e-08
1.7591333e-08
0
0
0
0
1.6871258e-08
1.5817571e-08
1.7090374e-08
1.8250465e-08
1.9412083e-08
2.0987177e-08
0
0
0
0
0
2.0252576e-08
1.9385805e-08
2.0927388e-08
2.2475453e-08
2.4575158e-08
0
0
0
0
0
0
2.4022389e-08
2.3465033e-08
2.5474166e-08
2.8204121e-08
0
0
0
0
0
0
0
2.8482316e-08
2.8516199e-08
3.2038688e-08
0
0
0
0
0
0
0
0
3.4340221e-08
3.6421903e-08
0
0
0
0
0
0
0
0
0
4.5630348e-08
3.900437e-09
2.1935488e-09
2.5037572e-09
2.6589799e-09
2.7733147e-09
2.8706442e-09
2.9522582e-09
3.0262804e-09
3.1003489e-09
3.2007734e-09
0
6.7834501e-09
5.2650297e-09
5.8071572e-09
6.2100027e-09
6.5533218e-09
6.8412431e-09
7.1023865e-09
7.3636984e-09
7.7180034e-09
0
0
9.4561275e-09
7.8824133e-09
8.6218738e-09
9.257021e-09
9.7904741e-09
1.0274383e-08
1.0758611e-08
1.141517e-08
0
0
0
1.1730524e-08
1.0241557e-08
1.1160167e-08
1.1936193e-08
1.2640788e-08
1.3345907e-08
1.4301978e-08
0
0
0
0
1.414622e-08
1.2843684e-08
1.3904707e-08
1.4872177e-08
1.5840987e-08
1.7154651e-08
0
0
0
0
0
1.6970121e-08
1.5836145e-08
1.7133187e-08
1.8436166e-08
2.020352e-08
0
0
0
0
0
0
2.0150682e-08
1.9295112e-08
2.1004179e-08
2.3327006e-08
0
0
0
0
0
0
0
2.3958927e-08
2.3634152e-08
2.6669021e-08
0
0
0
0
0
0
0
0
2.9034613e-08
3.0537314e-08
0
0
0
0
0
0
0
0
0
3.9035797e-08
3.589315e-09
1.6881402e-09
1.927919e-09
2.0480358e-09
2.1365154e-09
2.2118354e-09
2.2749937e-09
2.3322769e-09
2.389596e-09
2.4673111e-09
0
5.8246215e-09
4.1006844e-09
4.5353246e-09
4.8584015e-09
5.133748e-09
5.3646658e-09
5.5741075e-09
5.7836843e-09
6.0678437e-09
0
0
7.9795133e-09
6.2274116e-09
6.8304703e-09
7.3485197e-09
7.7836382e-09
8.1783473e-09
8.5733174e-09
9.108853e-09
0
0
0
9.8389719e-09
8.1610083e-09
8.9144341e-09
9.5510152e-09
1.0129022e-08
1.0707461e-08
1.1491768e-08
0
0
0
0
1.1822777e-08
1.0301319e-08
1.1174915e-08
1.1971654e-08
1.2769529e-08
1.3851417e-08
0
0
0
0
0
1.4150072e-08
1.2772282e-08
1.3845033e-08
1.4922953e-08
1.6385082e-08
0
0
0
0
0
0
1.6784028e-08
1.5644542e-08
1.7066664e-08
1.8999883e-08
0
0
0
0
0
0
0
1.9959487e-08
1.9276453e-08
2.18226e-08
0
0
0
0
0
0
0
0
2.423399e-08
2.5123584e-08
0
0
0
0
0
0
0
0
0
3.2806778e-08
3.3505027e-09
1.2975271e-09
1.4800883e-09
1.5716254e-09
1.6390568e-09
1.6964592e-09
1.744593e-09
1.7882493e-09
1.831933e-09
1.8911607e-09
0
5.0543702e-09
3.1458947e-09
3.484388e-09
3.7362281e-09
3.9508826e-09
4.1309029e-09
4.2941807e-09
4.4575641e-09
4.6790911e-09
0
0
6.7402739e-09
4.8292328e-09
5.3115851e-09
5.7261069e-09
6.0742899e-09
6.3901388e-09
6.7061968e-09
7.1347367e-09
0
0
0
8.233922e-09
6.3924687e-09
7.0031732e-09
7.5192355e-09
7.9878216e-09
8.4567598e-09
9.0925944e-09
0
0
0
0
9.8470299e-09
8.1386864e-09
8.8519186e-09
9.5024459e-09
1.0153911e-08
1.1037273e-08
0
0
0
0
0
1.1750897e-08
1.0163914e-08
1.1043506e-08
1.1927412e-08
1.312639e-08
0
0
0
0
0
0
1.3913154e-08
1.2525085e-08
1.3694955e-08
1.5285419e-08
0
0
0
0
0
0
0
1.6528087e-08
1.5521086e-08
1.7623761e-08
0
0
0
0
0
0
0
0
2.0064454e-08
2.0373388e-08
0
0
0
0
0
0
0
0
0
2.7231725e-08
3.1697139e-09
1.0023136e-09
1.141442e-09
1.2111895e-09
1.2625712e-09
1.3063111e-09
1.3429884e-09
1.3762539e-09
1.4095403e-09
1.4546709e-09
0
4.4673256e-09
2.4062033e-09
2.6635431e-09
2.8552202e-09
3.0186224e-09
3.1556621e-09
3.2799569e-09
3.4043319e-09
3.5729686e-09
0
0
5.749041e-09
3.6941947e-09
4.0677062e-09
4.3890308e-09
4.6589782e-09
4.9038602e-09
5.1489045e-09
5.4811578e-09
0
0
0
6.9089363e-09
4.9192258e-09
5.4012542e-09
5.8088171e-09
6.1789105e-09
6.5492838e-09
7.0514745e-09
0
0
0
0
8.1878583e-09
6.313856e-09
6.8854844e-09
7.4069709e-09
7.9292215e-09
8.637376e-09
0
0
0
0
0
9.7201445e-09
7.9522007e-09
8.6648256e-09
9.380998e-09
1.0352459e-08
0
0
0
0
0
0
1.1477443e-08
9.877138e-09
1.0831332e-08
1.2128621e-08
0
0
0
0
0
0
0
1.3614804e-08
1.2330685e-08
1.405311e-08
0
0
0
0
0
0
0
0
1.6516122e-08
1.6318139e-08
0
0
0
0
0
0
0
0
0
2.2425568e-08
3.0325771e-09
7.7807519e-10
8.8430255e-10
9.3754544e-10
9.767676e-10
1.0101564e-09
1.038154e-09
1.0635471e-09
1.0889562e-09
1.1234065e-09
0
4.0233042e-09
1.8478452e-09
2.0430735e-09
2.1884936e-09
2.3124729e-09
2.4164517e-09
2.5107602e-09
2.6051296e-09
2.7330825e-09
0
0
4.9946356e-09
2.8211228e-09
3.1035592e-09
3.3467721e-09
3.5511445e-09
3.7365446e-09
3.9220679e-09
4.173617e-09
0
0
0
5.8707355e-09
3.7495615e-09
4.117312e-09
4.4285721e-09
4.7112599e-09
4.994165e-09
5.3777574e-09
0
0
0
0
6.8481764e-09
4.8230144e-09
5.265898e-09
5.6701967e-09
6.0751214e-09
6.6241881e-09
0
0
0
0
0
8.040004e-09
6.1074344e-09
6.6687997e-09
7.2331503e-09
7.9986919e-09
0
0
0
0
0
0
9.4310364e-09
7.6415479e-09
8.404032e-09
9.4408017e-09
0
0
0
0
0
0
0
1.1146986e-08
9.6217237e-09
1.1013501e-08
0
0
0
0
0
0
0
0
1.3501054e-08
1.2869359e-08
0
0
0
0
0
0
0
0
0
1.8334833e-08
2.9282426e-09
6.084474e-10
6.8964898e-10
7.3035423e-10
7.6034027e-10
7.8586656e-10
8.0727116e-10
8.2668465e-10
8.4611026e-10
8.7244801e-10
0
3.6851745e-09
1.4227416e-09
1.5713085e-09
1.6819247e-09
1.7762247e-09
1.8553118e-09
1.9270436e-09
1.9988217e-09
2.0961435e-09
0
0
4.4246627e-09
2.1635539e-09
2.3777363e-09
2.5621124e-09
2.7170468e-09
2.8575999e-09
2.9982463e-09
3.1889474e-09
0
0
0
5.0887656e-09
2.8649181e-09
3.142149e-09
3.3768786e-09
3.5900848e-09
3.8034576e-09
4.0927709e-09
0
0
0
0
5.8243992e-09
3.6723036e-09
4.0062829e-09
4.3113718e-09
4.6169686e-09
5.0313523e-09
0
0
0
0
0
6.7228369e-09
4.6439357e-09
5.070751e-09
5.5000982e-09
6.0825424e-09
0
0
0
0
0
0
7.7829364e-09
5.8206086e-09
6.4083722e-09
7.2078417e-09
0
0
0
0
0
0
0
9.1118649e-09
7.3661031e-09
8.4564067e-09
0
0
0
0
0
0
0
0
1.0968532e-08
9.9485101e-09
0
0
0
0
0
0
0
0
0
1.4857494e-08
2.8478022e-09
4.7957422e-10
5.4223084e-10
5.7362234e-10
5.9674727e-10
6.1643288e-10
6.3293989e-10
6.4791136e-10
6.6289216e-10
6.8320351e-10
0
3.4308891e-09
1.1014601e-09
1.2139796e-09
1.2977924e-09
1.3692442e-09
1.4291686e-09
1.48352e-09
1.5379064e-09
1.6116473e-09
0
0
3.9897448e-09
1.6614942e-09
1.8240223e-09
1.9639076e-09
2.0814437e-09
2.1880687e-09
2.2947645e-09
2.4394323e-09
0
0
0
4.4940629e-09
2.1949374e-09
2.4055719e-09
2.5838192e-09
2.7457112e-09
2.9077293e-09
3.1274105e-09
0
0
0
0
5.053338e-09
2.8074709e-09
3.0600185e-09
3.2906739e-09
3.5217153e-09
3.8350042e-09
0
0
0
0
0
5.7319252e-09
3.5390362e-09
3.8599664e-09
4.1828648e-09
4.6209201e-09
0
0
0
0
0
0
6.5275971e-09
4.421434e-09
4.8630079e-09
5.4638275e-09
0
0
0
0
0
0
0
7.5257837e-09
5.5856986e-09
6.4100929e-09
0
0
0
0
0
0
0
0
8.9348207e-09
7.560313e-09
0
0
0
0
0
0
0
0
0
1.1957472e-08
2.7849857e-09
3.8057891e-10
4.294756e-10
4.5396122e-10
4.7199821e-10
4.8735257e-10
5.0022768e-10
5.1190509e-10
5.2358978e-10
5.3943215e-10
0
3.239278e-09
8.6080507e-10
9.4666057e-10
1.0105819e-09
1.0650759e-09
1.1107787e-09
1.1522311e-09
1.1937101e-09
1.2499502e-09
0
0
3.6645151e-09
1.2844773e-09
1.4069473e-09
1.512403e-09
1.6010198e-09
1.6814105e-09
1.7618545e-09
1.8709275e-09
0
0
0
4.0436598e-09
1.6851785e-09
1.8438535e-09
1.9781838e-09
2.1001892e-09
2.2222891e-09
2.3878447e-09
0
0
0
0
4.4648688e-09
2.1477347e-09
2.3388781e-09
2.5134245e-09
2.6882538e-09
2.9253189e-09
0
0
0
0
0
4.9792074e-09
2.7029915e-09
2.9462961e-09
3.1910121e-09
3.5229925e-09
0
0
0
0
0
0
5.5827913e-09
3.371194e-09
3.7046903e-09
4.1583964e-09
0
0
0
0
0
0
0
6.3355779e-09
4.2464231e-09
4.8653306e-09
0
0
0
0
0
0
0
0
7.3908752e-09
5.7235363e-09
0
0
0
0
0
0
0
0
0
9.6627633e-09
2.7349342e-09
3.0312194e-10
3.4171497e-10
3.6102897e-10
3.75256e-10
3.8736703e-10
3.9752251e-10
4.0673328e-10
4.1594979e-10
4.2844573e-10
0
3.0928385e-09
6.7800717e-10
7.4419427e-10
7.9345458e-10
8.354461e-10
8.7066293e-10
9.0260447e-10
9.3456657e-10
9.7790294e-10
0
0
3.4196039e-09
1.0019876e-09
1.0952357e-09
1.1754738e-09
1.2428929e-09
1.3040535e-09
1.3652547e-09
1.4482366e-09
0
0
0
3.7078687e-09
1.305312e-09
1.4249322e-09
1.5261827e-09
1.6181472e-09
1.7101836e-09
1.8349761e-09
0
0
0
0
4.0246957e-09
1.6518894e-09
1.7950227e-09
1.9257786e-09
2.0567547e-09
2.2343559e-09
0
0
0
0
0
4.4090155e-09
2.0667471e-09
2.2490432e-09
2.4324487e-09
2.6812578e-09
0
0
0
0
0
0
4.8613385e-09
2.5689121e-09
2.8200916e-09
3.1617954e-09
0
0
0
0
0
0
0
5.4294183e-09
3.2307364e-09
3.6984978e-09
0
0
0
0
0
0
0
0
6.2276135e-09
4.3460715e-09
0
0
0
0
0
0
0
0
0
7.9323609e-09
2.6944139e-09
2.4139948e-10
2.7215484e-10
2.8753791e-10
2.9886899e-10
3.0851478e-10
3.1660307e-10
3.2393895e-10
3.312794e-10
3.4123174e-10
0
2.9791877e-09
5.374784e-10
5.8910523e-10
6.2750695e-10
6.6024022e-10
6.8769233e-10
7.1259128e-10
7.3750625e-10
7.7128761e-10
0
0
3.2332398e-09
7.8771118e-10
8.593122e-10
9.2091014e-10
9.7266401e-10
1.019613e-09
1.0665931e-09
1.1302927e-09
0
0
0
3.4540423e-09
1.0191667e-09
1.110297e-09
1.1874057e-09
1.2574357e-09
1.3275198e-09
1.4225468e-09
0
0
0
0
3.6949803e-09
1.2820698e-09
1.3903931e-09
1.4893001e-09
1.5883682e-09
1.7227026e-09
0
0
0
0
0
3.9854152e-09
1.5943341e-09
1.7310942e-09
1.868669e-09
2.0553065e-09
0
0
0
0
0
0
4.3238838e-09
1.9686141e-09
2.1556863e-09
2.4102283e-09
0
0
0
0
0
0
0
4.7459417e-09
2.4600395e-09
2.8081273e-09
0
0
0
0
0
0
0
0
5.3403804e-09
3.2936414e-09
0
0
0
0
0
0
0
0
0
6.622059e-09
2.6612372e-09
1.9139612e-10
2.1604736e-10
2.2837182e-10
2.3744971e-10
2.4517742e-10
2.5165734e-10
2.5753447e-10
2.6341527e-10
2.7138858e-10
0
2.8892393e-09
4.2735919e-10
4.6809967e-10
4.9838802e-10
5.2420343e-10
5.4585356e-10
5.6549013e-10
5.8513933e-10
6.11781e-10
0
0
3.0891724e-09
6.2311469e-10
6.7879033e-10
7.2665892e-10
7.6687261e-10
8.0335251e-10
8.3985654e-10
8.893518e-10
0
0
0
3.2604933e-09
8.0182867e-10
8.7191412e-10
9.3119085e-10
9.8502395e-10
1.0388985e-09
1.1119469e-09
0
0
0
0
3.4453376e-09
1.0025962e-09
1.0851202e-09
1.1604649e-09
1.2359307e-09
1.3382606e-09
0
0
0
0
0
3.6660179e-09
1.2391478e-09
1.342683e-09
1.4468171e-09
1.5880829e-09
0
0
0
0
0
0
3.9218116e-09
1.5214611e-09
1.6623621e-09
1.8540299e-09
0
0
0
0
0
0
0
4.239217e-09
1.8896984e-09
2.1498289e-09
0
0
0
0
0
0
0
0
4.6818195e-09
2.5073758e-09
0
0
0
0
0
0
0
0
0
5.6286898e-09
2.6339672e-09
1.5044953e-10
1.7022357e-10
1.8010701e-10
1.8738677e-10
1.9358378e-10
1.9878017e-10
2.0349317e-10
2.0820911e-10
2.146031e-10
0
2.8167709e-09
3.3943739e-10
3.7187845e-10
3.9598493e-10
4.1652984e-10
4.3375971e-10
4.4938711e-10
4.6502456e-10
4.8622685e-10
0
0
2.9756947e-09
4.9429399e-10
5.380858e-10
5.7571694e-10
6.0732706e-10
6.3600191e-10
6.6469569e-10
7.0360115e-10
0
0
0
3.1101975e-09
6.3395476e-10
6.8852643e-10
7.3466244e-10
7.7655827e-10
8.1848595e-10
8.7533566e-10
0
0
0
0
3.2537894e-09
7.8926078e-10
8.5292119e-10
9.1101956e-10
9.6920752e-10
1.0481087e-09
0
0
0
0
0
3.4236169e-09
9.7052432e-10
1.049628e-09
1.1291672e-09
1.2370664e-09
0
0
0
0
0
0
3.618516e-09
1.1846607e-09
1.2913162e-09
1.4363958e-09
0
0
0
0
0
0
0
3.8580289e-09
1.4616272e-09
1.6572169e-09
0
0
0
0
0
0
0
0
4.1900686e-09
1.9240558e-09
0
0
0
0
0
0
0
0
0
4.8947218e-09
2.611636e-09
1.1680555e-10
1.3259392e-10
1.4048477e-10
1.462968e-10
1.5124438e-10
1.5539309e-10
1.5915587e-10
1.62921e-10
1.6802587e-10
0
2.7576224e-09
2.6813453e-10
2.940867e-10
3.1336444e-10
3.2979303e-10
3.4357068e-10
3.5606694e-10
3.6857123e-10
3.8552538e-10
0
0
2.8846921e-09
3.9159466e-10
4.2635492e-10
4.5621105e-10
4.8128762e-10
5.0403535e-10
5.267981e-10
5.5766175e-10
0
0
0
2.9913263e-09
5.0191414e-10
5.4487718e-10
5.8118222e-10
6.1414801e-10
6.4713864e-10
6.9187058e-10
0
0
0
0
3.1041606e-09
6.2346838e-10
6.731436e-10
7.1846228e-10
7.6384852e-10
8.2539073e-10
0
0
0
0
0
3.2363732e-09
7.6397831e-10
8.2513484e-10
8.8661321e-10
9.7000949e-10
0
0
0
0
0
0
3.3866436e-09
9.2841273e-10
1.0101476e-09
1.1213059e-09
0
0
0
0
0
0
0
3.5696658e-09
1.1391679e-09
1.2876731e-09
0
0
0
0
0
0
0
0
3.8207687e-09
1.486934e-09
0
0
0
0
0
0
0
0
0
4.3465144e-09
2.5935479e-09
8.9285991e-11
1.0176888e-10
1.0800863e-10
1.1260454e-10
1.1651689e-10
1.1979751e-10
1.2277297e-10
1.2575029e-10
1.2978703e-10
0
2.7090707e-09
2.0977396e-10
2.3052068e-10
2.4592868e-10
2.5905897e-10
2.7007047e-10
2.8005785e-10
2.9005166e-10
3.0360195e-10
0
0
2.8107334e-09
3.084889e-10
3.3621184e-10
3.6001509e-10
3.8000614e-10
3.9814049e-10
4.1628681e-10
4.4089112e-10
0
0
0
2.8957469e-09
3.9624243e-10
4.3032926e-10
4.5912253e-10
4.8526574e-10
5.1142848e-10
5.4690249e-10
0
0
0
0
2.9851636e-09
4.9227792e-10
5.3142324e-10
5.671237e-10
6.0287547e-10
6.5135348e-10
0
0
0
0
0
3.0891659e-09
6.0240885e-10
6.5022191e-10
6.9827274e-10
7.6345227e-10
0
0
0
0
0
0
3.2063761e-09
7.3015977e-10
7.935077e-10
8.796429e-10
0
0
0
0
0
0
0
3.347812e-09
8.9228782e-10
1.0062824e-09
0
0
0
0
0
0
0
0
3.5397723e-09
1.1567751e-09
0
0
0
0
0
0
0
0
0
3.9360013e-09
2.5791414e-09
6.7037105e-11
7.6766243e-11
8.1631247e-11
8.5214621e-11
8.8265028e-11
9.0822896e-11
9.3142828e-11
9.5464217e-11
9.8611633e-11
0
2.6693133e-09
1.6194346e-10
1.7842674e-10
1.9066819e-10
2.0109988e-10
2.0984823e-10
2.1778295e-10
2.2572278e-10
2.3648815e-10
0
0
2.7502471e-09
2.4066566e-10
2.6276458e-10
2.8173522e-10
2.9766681e-10
3.1211865e-10
3.2658001e-10
3.4618798e-10
0
0
0
2.8180476e-09
3.1060947e-10
3.3773736e-10
3.6064616e-10
3.8144545e-10
4.0226018e-10
4.3048284e-10
0
0
0
0
2.8891856e-09
3.8688381e-10
4.1791558e-10
4.4620885e-10
4.7454149e-10
5.1295935e-10
0
0
0
0
0
2.97155e-09
4.7388024e-10
5.1156952e-10
5.4943658e-10
6.0080071e-10
0
0
0
0
0
0
3.0637874e-09
5.7408922e-10
6.2367242e-10
6.9107929e-10
0
0
0
0
0
0
0
3.174223e-09
7.0017944e-10
7.8865259e-10
0
0
0
0
0
0
0
0
3.3226521e-09
9.036228e-10
0
0
0
0
0
0
0
0
0
3.6243426e-09
2.5679077e-09
4.9360833e-11
5.6809194e-11
6.0535771e-11
6.328068e-11
6.5617332e-11
6.7576695e-11
6.9353797e-11
7.1132019e-11
7.3542996e-11
0
2.6370799e-09
1.2299857e-10
1.3594853e-10
1.4556749e-10
1.5376449e-10
1.6063877e-10
1.6687371e-10
1.7311267e-10
1.8157191e-10
0
0
2.7008585e-09
1.8527403e-10
2.027858e-10
2.1781822e-10
2.3044226e-10
2.4189373e-10
2.5335275e-10
2.6888989e-10
0
0
0
2.7546552e-09
2.4083169e-10
2.6237318e-10
2.8056195e-10
2.9707536e-10
3.1360097e-10
3.3600804e-10
0
0
0
0
2.8111741e-09
3.0141858e-10
3.2604298e-10
3.4849026e-10
3.7096805e-10
4.0144692e-10
0
0
0
0
0
2.876525e-09
3.7036173e-10
4.0018632e-10
4.3014581e-10
4.7078294e-10
0
0
0
0
0
0
2.9494545e-09
4.494299e-10
4.8848631e-10
5.4157407e-10
0
0
0
0
0
0
0
3.0363037e-09
5.4829188e-10
6.1753397e-10
0
0
0
0
0
0
0
0
3.1521231e-09
7.0631943e-10
0
0
0
0
0
0
0
0
0
3.3842623e-09
2.5593557e-09
3.5618782e-11
4.1205662e-11
4.4002928e-11
4.606339e-11
4.7817399e-11
4.9288197e-11
5.0622182e-11
5.1957009e-11
5.3766819e-11
0
2.6113668e-09
9.1710263e-11
1.0172829e-10
1.0917195e-10
1.1551546e-10
1.2083535e-10
1.2566047e-10
1.3048871e-10
1.370352e-10
0
0
2.6608944e-09
1.4034585e-10
1.5407241e-10
1.6585721e-10
1.757541e-10
1.8473172e-10
1.9371528e-10
2.0589599e-10
0
0
0
2.7031464e-09
1.840963e-10
2.0107485e-10
2.1541096e-10
2.2842648e-10
2.4145161e-10
2.591124e-10
0
0
0
0
2.7477531e-09
2.3197336e-10
2.5143055e-10
2.6916611e-10
2.8692548e-10
3.1100637e-10
0
0
0
0
0
2.79943e-09
2.8650282e-10
3.1007618e-10
3.3375336e-10
3.6586868e-10
0
0
0
0
0
0
2.8570784e-09
3.4895679e-10
3.7977297e-10
4.2165537e-10
0
0
0
0
0
0
0
2.9255593e-09
4.2677289e-10
4.8119988e-10
0
0
0
0
0
0
0
0
3.0164244e-09
5.5034148e-10
0
0
0
0
0
0
0
0
0
3.1965477e-09
2.5530076e-09
2.5192095e-11
2.9291946e-11
3.1346462e-11
3.2859876e-11
3.4148202e-11
3.5228509e-11
3.6208328e-11
3.7188766e-11
3.8518085e-11
0
2.591279e-09
6.7040207e-11
7.4646349e-11
8.0300679e-11
8.5119603e-11
8.9160952e-11
9.2826444e-11
9.649431e-11
1.0146748e-10
0
0
2.6290458e-09
1.0439135e-10
1.1499007e-10
1.2409224e-10
1.3173662e-10
1.3867099e-10
1.4560995e-10
1.5501843e-10
0
0
0
2.6617516e-09
1.3839202e-10
1.5161343e-10
1.6277877e-10
1.7291575e-10
1.8306024e-10
1.9681516e-10
0
0
0
0
2.6965574e-09
1.7584592e-10
1.9107995e-10
2.0496642e-10
2.1887152e-10
2.377262e-10
0
0
0
0
0
2.7370803e-09
2.1867292e-10
2.3718978e-10
2.5578747e-10
2.8101291e-10
0
0
0
0
0
0
2.7824068e-09
2.6780677e-10
2.9204059e-10
3.2497475e-10
0
0
0
0
0
0
0
2.8362781e-09
3.2899828e-10
3.7176253e-10
0
0
0
0
0
0
0
0
2.9076241e-09
4.2584701e-10
0
0
0
0
0
0
0
0
0
3.0480525e-09
2.5484122e-09
1.7479669e-11
2.0422066e-11
2.1897992e-11
2.2985252e-11
2.3910808e-11
2.468692e-11
2.539084e-11
2.6095205e-11
2.7050216e-11
0
2.5759575e-09
4.8021751e-11
5.3676947e-11
5.7883595e-11
6.1469021e-11
6.4475934e-11
6.7203199e-11
6.9932232e-11
7.3632467e-11
0
0
2.6041657e-09
7.6146946e-11
8.4182233e-11
9.108602e-11
9.6884571e-11
1.0214459e-10
1.0740809e-10
1.1454484e-10
0
0
0
2.6290318e-09
1.0212853e-10
1.1226202e-10
1.2082201e-10
1.2859389e-10
1.3637154e-10
1.4691729e-10
0
0
0
0
2.6557764e-09
1.3101448e-10
1.4278343e-10
1.5351273e-10
1.6425658e-10
1.7882478e-10
0
0
0
0
0
2.6871506e-09
1.6426463e-10
1.7865396e-10
1.9310671e-10
2.1271008e-10
0
0
0
0
0
0
2.7224349e-09
2.0258279e-10
2.214872e-10
2.4717827e-10
0
0
0
0
0
0
0
2.7645118e-09
2.5042304e-10
2.8384909e-10
0
0
0
0
0
0
0
0
2.8203094e-09
3.2614878e-10
0
0
0
0
0
0
0
0
0
2.9298324e-09
2.5451638e-09
1.191664e-11
1.3983265e-11
1.5020961e-11
1.5785433e-11
1.643621e-11
1.698191e-11
1.7476851e-11
1.7972106e-11
1.8643596e-11
0
2.5645653e-09
3.3718535e-11
3.7831266e-11
4.0892804e-11
4.3502489e-11
4.5691123e-11
4.7676212e-11
4.966259e-11
5.235588e-11
0
0
2.5851729e-09
5.4444474e-11
6.0412568e-11
6.5543215e-11
6.985295e-11
7.3762464e-11
7.7674574e-11
8.297898e-11
0
0
0
2.6036976e-09
7.3913508e-11
8.1536134e-11
8.7977686e-11
9.3826497e-11
9.9679682e-11
1.0761605e-10
0
0
0
0
2.6238738e-09
9.5805516e-11
1.0474673e-10
1.1289994e-10
1.2106443e-10
1.3213516e-10
0
0
0
0
0
2.6477737e-09
1.212301e-10
1.3225075e-10
1.4332127e-10
1.5833722e-10
0
0
0
0
0
0
2.6748617e-09
1.5073317e-10
1.6530192e-10
1.8510158e-10
0
0
0
0
0
0
0
2.7073552e-09
1.8775767e-10
2.1363592e-10
0
0
0
0
0
0
0
0
2.7506264e-09
2.4655989e-10
0
0
0
0
0
0
0
0
0
2.8356959e-09
2.542869e-09
7.9479623e-12
9.370123e-12
1.008495e-11
1.0611594e-11
1.1059916e-11
1.143585e-11
1.1776816e-11
1.2117999e-11
1.2580592e-11
0
2.5562559e-09
2.3179188e-11
2.6104232e-11
2.8283432e-11
3.014122e-11
3.1699291e-11
3.3112462e-11
3.4526552e-11
3.6443889e-11
0
0
2.5709753e-09
3.8113595e-11
4.2450749e-11
4.6181858e-11
4.9316396e-11
5.2159884e-11
5.5005263e-11
5.8863299e-11
0
0
0
2.5844782e-09
5.2394831e-11
5.8011508e-11
6.2760284e-11
6.7072406e-11
7.1387783e-11
7.7239032e-11
0
0
0
0
2.5993909e-09
6.8660834e-11
7.5324747e-11
8.1403235e-11
8.7490404e-11
9.5744389e-11
0
0
0
0
0
2.6172572e-09
8.7753789e-11
9.6048579e-11
1.0438247e-10
1.1568668e-10
0
0
0
0
0
0
2.6377036e-09
1.10108e-10
1.2116316e-10
1.3618895e-10
0
0
0
0
0
0
0
2.6624273e-09
1.3837019e-10
1.5814182e-10
0
0
0
0
0
0
0
0
2.6955762e-09
1.8353757e-10
0
0
0
0
0
0
0
0
0
2.7611103e-09
2.5413607e-09
5.2642339e-12
6.2259347e-12
6.7097801e-12
7.0662704e-12
7.3697445e-12
7.6242189e-12
7.8550233e-12
8.0859744e-12
8.3991097e-12
0
2.5504348e-09
1.5700076e-11
1.7736827e-11
1.925553e-11
2.0550403e-11
2.163639e-11
2.2621382e-11
2.3607015e-11
2.4943417e-11
0
0
2.5607233e-09
2.6226701e-11
2.9310345e-11
3.1965113e-11
3.4195744e-11
3.6219285e-11
3.8244176e-11
4.0989718e-11
0
0
0
2.5703508e-09
3.6475098e-11
4.0525621e-11
4.395224e-11
4.7064058e-11
5.0178252e-11
5.4400813e-11
0
0
0
0
2.5811387e-09
4.8308285e-11
5.3173528e-11
5.7613065e-11
6.205919e-11
6.8088002e-11
0
0
0
0
0
2.5942241e-09
6.2363629e-11
6.8486872e-11
7.4640526e-11
8.2987627e-11
0
0
0
0
0
0
2.6093657e-09
7.8992579e-11
8.7232907e-11
9.8434318e-11
0
0
0
0
0
0
0
2.6278532e-09
1.0021233e-10
1.1507792e-10
0
0
0
0
0
0
0
0
2.6528635e-09
1.3442189e-10
0
0
0
0
0
0
0
0
0
2.7027606e-09
2.5403525e-09
3.4471033e-12
4.0874361e-12
4.4098711e-12
4.6474494e-12
4.8496964e-12
5.0192883e-12
5.1731055e-12
5.3270206e-12
5.5357067e-12
0
2.5464066e-09
1.0473392e-11
1.186413e-11
1.2902001e-11
1.3787024e-11
1.4529289e-11
1.5202526e-11
1.5876201e-11
1.6789625e-11
0
0
2.5534549e-09
1.7739929e-11
1.9886355e-11
2.1735724e-11
2.3289885e-11
2.4699783e-11
2.6110624e-11
2.8023579e-11
0
0
0
2.5601731e-09
2.493643e-11
2.7795279e-11
3.0215329e-11
3.2413277e-11
3.4612923e-11
3.7595445e-11
0
0
0
0
2.5678097e-09
3.3361014e-11
3.6838381e-11
4.0012893e-11
4.3192326e-11
4.7503561e-11
0
0
0
0
0
2.577192e-09
4.3493302e-11
4.7921566e-11
5.2373185e-11
5.8411752e-11
0
0
0
0
0
0
2.5881787e-09
5.5619282e-11
6.1642913e-11
6.9832458e-11
0
0
0
0
0
0
0
2.6017405e-09
7.1259034e-11
8.2235575e-11
0
0
0
0
0
0
0
0
2.6202835e-09
9.6744809e-11
0
0
0
0
0
0
0
0
0
2.6577283e-09
