# Fiducial parameters, omega_b = 0.022253, omega_cdm = 0.11919, 100*theta_s = 1.0418, ln10^{10}A_s = 3.0753, n_s = 0.96229, tau_reio = 0.055, M_tot_NH = 0.086, log10_Gamma_neutrinos = 3.071, sigma_NL = 7, beta_0^Euclid = 1, beta_1^Euclid = 1, z_reio = 1, Omega_Lambda = 1, YHe = 1, H0 = 0, A_s = 0, sigma8 = 0
32235.371 32524.011
30754.012 31014.909
29360.511 29596.43
28049.274 28262.717
26814.994 27008.217
25652.653 25827.689
24557.53 24716.209
23525.192 23669.159
22551.492 22682.22
21632.553 21751.366
20764.759 20872.842
19944.742 20043.158
19169.367 19259.067
18435.72 18517.556
17741.091 17815.827
17082.963 17151.282
16458.998 16521.512
15867.024 15924.282
15305.026 15357.519
14771.129 14819.299
14263.592 14307.835
13780.798 13821.469
13321.243 13358.661
12883.527 12917.981
12466.351 12498.098
12068.502 12097.776
11688.852 11715.862
31565.408 31852.123
30115.15 30374.201
28750.879 28985.029
27467.125 27678.871
26258.692 26450.289
25120.673 25294.152
24048.446 24205.636
23037.676 23180.218
22084.302 22213.67
21184.533 21302.047
20334.829 20441.673
19531.895 19629.13
18772.663 18861.239
18054.281 18135.047
17374.097 17447.815
16729.648 16796.999
16118.646 16180.24
15538.965 15595.349
14988.631 15040.295
14465.81 14513.193
13968.8 14012.296
13496.015 13535.978
13045.985 13082.731
12617.339 12651.155
12208.805 12239.946
11819.195 11847.894
11447.405 11473.87
30882.11 31166.334
29463.55 29720.236
28129.075 28360.977
26873.334 27082.945
25691.25 25880.818
24578.024 24749.575
23529.139 23684.497
22540.356 22681.159
21607.707 21735.423
20727.482 20843.429
19896.223 20001.581
19110.707 19206.534
18367.936 18455.177
17665.12 17744.621
16999.666 17072.186
16369.167 16435.384
15771.383 15831.904
15204.238 15259.607
14665.801 14716.504
14154.278 14200.752
13668.003 13710.639
13205.427 13244.576
12765.112 12801.089
12345.717 12378.805
11945.997 11976.45
11564.791 11592.839
11201.02 11226.868
30188.464 30469.64
28802.064 29055.872
27497.818 27727.002
26270.5 26477.542
25115.15 25302.29
24027.081 24196.338
23001.882 23155.071
22035.41 22174.163
21123.791 21249.569
20263.4 20377.517
19450.86 19554.489
18683.022 18777.215
17956.957 18042.655
17269.939 17347.985
16619.437 16690.582
16003.096 16068.015
15418.73 15478.027
14864.31 14918.523
14337.948 14387.561
13837.893 13883.339
13362.517 13404.182
12910.306 12948.538
12479.853 12514.965
12069.849 12102.121
11679.078 11708.761
11306.405 11333.725
10950.774 10975.935
29487.552 29765.136
28133.63 28384.06
26859.913 27085.918
25661.3 25865.35
24532.952 24717.275
23470.292 23636.896
22469.016 22619.707
21525.082 21661.481
20634.705 20758.267
19794.351 19906.379
19000.72 19102.383
18250.741 18343.082
17541.553 17625.507
16870.497 16946.899
16235.099 16304.697
15633.063 15696.526
15062.255 15120.179
14520.692 14573.613
14006.532 14054.928
13518.065 13562.364
13053.701 13094.287
12611.963 12649.179
12191.476 12225.63
11790.963 11822.332
11409.235 11438.067
11045.185 11071.703
10697.781 10722.186
28782.77 29056.242
27461.486 27708.062
26218.451 26440.84
25048.689 25249.344
23947.478 24128.613
22910.358 23073.968
21933.128 22081.006
21011.847 21145.603
20142.824 20263.902
19322.61 19432.304
18547.988 18647.457
17815.962 17906.241
17123.741 17205.757
16468.731 16543.312
15848.52 15916.406
15260.866 15322.719
14703.688 14760.1
14175.052 14226.551
13673.161 13720.22
13196.346 13239.387
12743.055 12782.458
12311.848 12347.951
11901.383 11934.49
11510.414 11540.797
11137.78 11165.684
10782.401 10808.046
10443.271 10466.853
28077.159 28346.023
26788.535 27030.8
25576.202 25794.555
24435.31 24632.185
23361.258 23538.851
22349.696 22509.986
21396.532 21541.297
20497.922 20628.759
19650.271 19768.611
18850.215 18957.341
18094.62 18191.679
17380.564 17468.582
16705.327 16785.22
16066.379 16138.968
15461.37 15527.386
14888.114 14948.212
14344.582 14399.345
13828.887 13878.838
13339.278 13384.883
12874.128 12915.804
12431.924 12470.044
12011.26 12046.158
11610.829 11642.804
11229.415 11258.734
10865.887 10892.79
10519.19 10543.893
10188.344 10211.04
27374.278 27638.078
26118.171 26355.705
24936.407 25150.339
23824.261 24017.001
22777.25 22950.975
21791.138 21947.808
20861.937 21003.314
19985.905 20113.569
19159.536 19274.904
18379.555 18483.897
17642.909 17737.359
16946.749 17032.322
16288.426 16366.028
15665.477 15735.917
15075.608 15139.61
14516.693 14574.901
13986.752 14039.743
13483.948 13532.236
13006.573 13050.619
12553.043 12593.255
12121.882 12158.628
11711.721 11745.329
11321.286 11352.049
10949.391 10977.571
10594.933 10620.767
10256.886 10280.584
9934.2932 9956.0445
26677.455 26935.778
25453.569 25685.993
24302.096 24511.258
23218.436 23406.722
22198.223 22367.787
21237.332 21390.112
20331.881 20469.62
19478.223 19602.485
18672.947 18785.133
17912.864 18014.227
17194.998 17286.659
16516.577 16599.539
15875.021 15950.177
15267.928 15336.078
14693.069 14754.924
14148.368 14204.566
13631.9 13683.007
13141.875 13188.396
12676.629 12719.017
12234.618 12273.276
11814.406 11849.694
11414.657 11446.897
11034.131 11063.61
10671.673 10698.649
10326.209 10350.911
9996.7379 10019.372
9682.3278 9703.0796
25989.996 26242.479
24797.883 25024.865
23676.281 23880.369
22620.712 22804.264
21626.927 21792.072
20690.91 20839.564
19808.881 19942.765
18977.292 19097.951
18192.821 18301.638
17452.362 17550.575
16753.021 16841.735
16092.097 16172.301
15467.078 15539.654
14875.628 14941.362
14315.574 14375.167
13784.896 13838.975
13281.719 13330.841
12804.3 12848.962
12351.02 12391.664
11920.373 11957.396
11510.961 11544.717
11121.485 11152.288
10750.736 10778.867
10397.59 10423.299
10060.998 10084.512
9739.9884 9761.5068
9433.6519 9453.3553
25315.11 25561.447
24154.175 24375.435
23061.885 23260.643
22033.884 22212.467
21066.034 21226.544
20154.427 20298.756
19295.386 19425.232
18485.456 18602.344
17721.403 17826.697
17000.207 17095.127
16319.047 16404.683
15675.298 15752.623
15066.512 15136.394
14490.417 14553.63
13944.895 14002.129
13427.983 13479.852
12937.853 12984.905
12472.809 12515.532
12031.274 12070.102
11611.784 11647.104
11212.976 11245.135
10833.585 10862.89
10472.434 10499.16
10128.429 10152.82
9800.549 9822.8251
9487.8461 9508.2027
9189.4361 9208.0483
24655.756 24895.705
23525.268 23740.585
22461.605 22654.829
21460.526 21633.954
20518.006 20673.711
19630.242 19770.089
18793.653 18919.317
18004.877 18117.862
17260.77 17362.418
16558.388 16649.902
15894.989 15977.442
15268.016 15342.365
14675.089 14742.187
14113.992 14174.6
13582.668 13637.464
13079.203 13128.79
12601.82 12646.734
12148.866 12189.586
11718.806 11755.758
11310.215 11343.777
10921.767 10952.277
10552.23 10579.988
10200.457 10225.731
9865.3823 9888.412
9546.0139 9567.0117
9241.4275 9260.5837
8950.7624 8968.2468
24015.02 24248.41
22914.107 23123.325
21878.252 22065.801
20903.327 21071.471
19985.414 20136.196
19120.812 19256.07
18306.036 18427.42
17537.814 17646.803
16813.084 16911.002
16128.984 16217.013
15482.842 15562.037
14872.17 14943.473
14294.65 14358.901
13748.129 13806.072
13230.6 13282.902
12740.203 12787.454
12275.205 12317.933
11833.999 11872.671
11415.091 11450.123
11017.092 11048.854
10638.711 10667.533
10278.749 10304.924
9936.0896 9959.878
9609.6946 9631.3292
9298.5977 9318.2855
9001.8993 9019.8248
8718.7608 8735.0888
23395.363 23622.095
22323.041 22526.072
21314.07 21495.864
20364.431 20527.219
19470.31 19616.103
18628.103 18758.711
17834.418 17951.465
17086.07 17191.012
16380.077 16474.217
15713.654 15798.154
15084.199 15160.097
14489.29 14557.51
13926.671 13988.037
13394.244 13449.489
12890.057 12939.832
12412.296 12457.181
11959.277 11999.787
11529.433 11566.026
11121.309 11154.393
10733.554 10763.489
10364.909 10392.017
10014.208 10038.774
9680.3627 9702.6406
9362.3621 9382.578
9059.2653 9077.6201
8770.1957 8786.8685
8494.337 8509.487
22799.257 23019.311
21754.43 21951.258
20771.313 20947.341
19845.992 20003.415
18974.753 19115.55
18154.085 18280.038
17380.686 17493.392
16651.454 16752.346
15963.485 16053.842
15314.065 15395.031
14700.662 14773.257
14120.917 14186.048
13572.632 13631.107
13053.763 13106.301
12562.41 12609.65
12096.806 12139.316
11655.31 11693.594
11236.396 11270.902
10838.648 10869.773
10460.747 10488.844
10101.47 10126.852
9759.6776 9782.6226
9434.3118 9455.0669
9124.3871 9143.1717
8828.9867 8845.9958
8547.2567 8562.6636
8278.4015 8292.3604
22228.595 22442.028
21210.079 21400.762
20251.706 20422.023
19349.66 19501.77
18500.322 18636.172
17700.271 17821.614
16946.29 17054.698
16235.356 16332.236
15564.64 15651.251
14931.498 15008.962
14333.461 14402.781
13768.232 13830.299
13233.669 13289.276
12727.78 12777.632
12248.714 12293.436
11794.748 11834.898
11364.284 11400.354
10955.835 10988.263
10568.02 10597.193
10199.554 10225.817
9849.2444 9872.9034
9515.9819 9537.3072
9198.7343 9217.9661
8896.5415 8913.8928
8608.5096 8624.1696
8333.8064 8347.9429
8071.6563 8084.4185
21684.83 21891.776
20691.379 20876.042
19756.577 19921.302
18876.704 19023.614
18048.232 18179.241
17267.824 17384.656
16532.345 16636.544
15838.846 15931.797
15184.569 15267.51
14566.937 14640.97
13983.544 14049.653
13432.147 13491.208
12910.66 12963.45
12417.141 12464.351
11949.783 11992.028
11506.909 11544.733
11086.958 11120.844
10688.481 10718.857
10310.131 10337.376
9950.6562 9975.1063
9608.8928 9630.8456
9283.7586 9303.4779
8974.2474 8991.9668
8679.4226 8695.3491
8398.4126 8412.7297
8130.4055 8143.2759
7874.645 7886.2128
21169.08 21369.746
20199.394 20378.234
19286.944 19446.263
18428.099 18569.982
17619.415 17745.745
16857.639 16970.109
16139.707 16239.838
15462.746 15551.897
14824.063 14903.451
14221.144 14291.852
13651.64 13714.636
13113.365 13169.508
12604.283 12654.335
12122.497 12167.139
11666.246 11706.079
11233.893 11269.45
10823.915 10855.669
10434.898 10463.268
10065.528 10090.884
9714.5817 9737.2536
9380.925 9401.2023
9063.5014 9081.6411
8761.3289 8777.5584
8473.4933 8488.014
8199.1441 8212.1339
7937.4888 7949.1055
7687.7892 7698.1725
20681.9 20876.565
19734.658 19907.938
18843.318 18997.476
18004.334 18141.42
17214.342 17336.206
16470.164 16578.471
15768.81 15865.054
15107.472 15192.991
14483.521 14559.51
13894.501 13962.027
13338.121 13398.133
12812.243 12865.586
12314.88 12362.303
11844.18 11886.351
11398.424 11435.932
10976.011 11009.38
10575.456 10605.149
10195.376 10221.804
9834.4893 9858.0145
9491.6015 9512.5451
9165.6039 9184.2495
8855.465 8872.0634
8560.2257 8574.9986
8278.9931 8292.1365
8010.9364 8022.6234
7755.2817 7765.6654
7511.3079 7520.5235
20223.171 20412.17
19297.056 19465.091
18425.59 18574.884
17605.306 17737.871
16832.915 16950.57
16105.31 16209.692
15419.566 15512.146
14772.942 14855.033
14162.866 14235.645
13586.938 13651.453
13042.917 13100.103
12528.716 12579.403
12042.391 12087.316
11582.133 11621.951
11146.261 11181.552
10733.211 10764.489
10341.531 10369.251
9969.8698 9994.4335
9616.9732 9638.7365
9281.6749 9300.9521
8962.8908 8979.9595
8659.6127 8674.7181
8370.903 8384.2615
8095.8889 8107.6917
7833.7583 7844.174
7583.7545 7592.932
7345.1725 7353.2433
19792.187 19975.903
18885.916 19049.067
18033.12 18177.887
17230.405 17358.765
16474.551 16588.292
15762.518 15863.25
15091.446 15180.613
14458.648 14537.545
13861.612 13931.396
13297.988 13359.69
12765.584 12820.124
12262.358 12310.554
11786.408 11828.985
11335.965 11373.566
10909.383 10942.58
10505.133 10534.431
10121.794 10147.64
9758.0443 9780.8342
9412.6574 9432.7396
9084.4918 9102.1748
8772.4869 8788.0429
8475.6565 8489.3255
8193.083 8205.0769
7923.9126 7934.4183
7667.3507 7676.5327
7422.6569 7430.6606
7189.1415 7196.0948
19387.698 19566.547
18500.047 18658.706
17664.771 17805.379
16878.545 17003.045
16138.214 16248.361
15440.799 15538.177
14783.499 14869.53
14163.684 14239.641
13578.891 13645.914
13026.82 13085.925
12505.324 12557.416
12012.403 12058.288
11546.195 11586.588
11104.967 11140.503
10687.109 10718.349
10291.122 10318.564
9915.6149 9939.6996
9559.2946 9580.4106
9220.9588 9239.4495
8899.4902 8915.6589
8593.8503 8607.9645
8303.0732 8315.3686
8026.2605 8036.9451
7762.5761 7771.833
7511.2418 7519.2323
7271.5326 7278.3987
7042.773 7048.6398
19007.632 19182.039
18137.47 18292.039
17318.655 17455.483
16547.923 16668.916
15822.179 15929.064
15138.505 15232.837
14494.151 14577.33
13886.539 13959.82
13313.256 13377.76
12772.046 12828.776
12260.805 12310.654
11777.573 11821.335
11320.524 11358.905
10887.961 10921.586
10478.304 10507.728
10090.086 10115.8
9721.9427 9744.3809
9372.6066 9392.1525
9040.8997 9057.8919
8725.7268 8740.4644
8426.0703 8438.8167
8140.9836 8151.9708
7869.5859 7879.0188
7611.0581 7619.1165
7364.6372 7371.4798
7129.6129 7135.3789
6905.323 6910.1351
18649.278 18819.655
17795.601 17946.47
16992.303 17125.719
16236.179 16354.012
15524.193 15628.138
14853.477 14945.065
14221.334 14301.942
13625.234 13696.099
13062.809 13125.036
12531.846 12586.424
12030.281 12078.09
11556.19 11598.016
11107.784 11144.322
10683.396 10715.265
10281.478 10309.226
9900.5898 9924.7024
9539.3942 9560.3002
9196.6477 9214.7262
8871.1948 8886.7806
8561.9616 8575.35
8267.9498 8279.401
7988.2309 7997.9743
7721.9414 7730.1789
7468.2776 7475.1868
7226.4912 7232.2284
6995.8855 7000.588
6775.8111 6779.5995
18309.307 18476.025
17471.262 17618.785
16682.681 16813.02
15940.416 16055.406
15241.483 15342.786
14583.063 14672.186
13962.51 14040.806
13377.337 13446.025
12825.219 12885.39
12303.984 12356.613
11811.604 11857.562
11346.193 11386.253
10905.991 10940.844
10489.365 10519.621
10094.794 10120.997
9720.8654 9743.4943
9366.2659 9385.7459
9029.7754 9046.4819
8710.2599 8724.5244
8406.6653 8418.7804
8118.0119 8128.2353
7843.3886 7851.9473
7581.9478 7589.0417
7332.9007 7338.7056
7095.5131 7100.1834
6869.101 6872.7726
6653.0272 6655.8192
17983.578 18146.927
17160.499 17304.957
16386.013 16513.546
15657.024 15769.427
14970.597 15069.501
14323.961 14410.846
13714.515 13790.714
13139.816 13206.528
12597.579 12655.879
12085.669 12136.521
11602.096 11646.359
11145.005 11183.446
10712.671 10745.971
10303.487 10332.251
9915.9613 9940.7271
9548.7055 9569.9491
9200.4307 9218.5732
8869.9387 8885.3524
8556.1159 8569.1298
8257.9276 8268.8318
7974.4117 7983.4621
7704.6736 7712.0955
7447.8811 7453.8728
7203.2598 7207.9958
6970.0888 6973.7223
6747.6966 6750.3622
6535.4574 6537.2732
17667.585 17827.749
16859.013 17000.589
16098.193 16223.098
15382.078 15492.068
14707.78 14804.454
14072.577 14157.384
13473.907 13548.16
12909.371 12974.249
12376.723 12433.286
11873.864 11923.063
11398.839 11441.523
10949.826 10986.752
10525.129 10556.971
10123.17 10150.529
9742.483 9765.8911
9381.7053 9401.6347
9039.5706 9056.4391
8714.9019 8729.0793
8406.6058 8418.4188
8113.6657 8123.4027
7835.1371 7843.0523
7570.1414 7576.4587
7317.8611 7322.7779
7077.536 7081.2256
6848.4578 6851.0727
6629.9673 6631.6412
6421.4499 6422.3001
17356.166 17513.175
16561.875 16700.611
15814.512 15936.841
15111.077 15218.71
14448.728 14543.229
13824.788 13907.578
13236.738 13309.104
12682.218 12745.32
12159.021 12213.903
11665.085 11712.684
11198.487 11239.641
10757.437 10792.894
10340.269 10370.698
9945.4344 9971.4273
9571.4913 9593.5768
9217.1017 9235.7479
8881.0218 8896.6435
8562.0958 8575.0602
8259.2496 8269.8814
7971.4852 7980.0711
7697.8748 7704.6676
7437.5556 7442.7782
7189.725 7193.5737
6953.6363 6956.2836
6728.5941 6730.1919
6513.951 6514.6323
6309.1034 6308.9852
17043.84 17197.535
16263.853 16399.617
15529.97 15649.613
14839.24 14944.425
14188.867 14281.12
13576.216 13656.925
12998.812 13069.238
12454.335 12515.616
11940.614 11993.777
11455.625 11501.591
10997.479 11037.074
10564.417 10598.38
10154.802 10183.792
9767.1134 9791.7182
9399.9357 9420.6779
9051.9549 9069.2983
8721.9498 8736.3058
8408.7856 8420.5185
8111.4078 8120.84
7828.8366 7836.253
7560.1612 7565.8132
7304.5347 7308.6439
7061.1692 7063.9309
6829.3316 6830.9176
6608.3394 6608.9007
6397.5571 6397.2262
6196.3922 6195.2855
16725.033 16875.031
15959.625 16092.077
15239.485 15356.138
14561.708 14664.176
13923.545 14013.31
13322.407 13400.821
12755.861 12824.155
12221.627 12280.916
11717.575 11768.863
11241.715 11285.907
10792.192 10830.101
10367.281 10399.634
9965.3742 9992.8221
9584.9792 9608.1007
9224.7071 9244.0186
8883.2685 8899.2286
8559.4649 8572.4808
8252.1831 8262.6156
7960.3884 7968.5571
7683.1197 7689.307
7419.4834 7423.9388
7168.6488 7171.5922
6929.8428 6931.4683
6702.3465 6702.8247
6485.4905 6484.9714
6278.6511 6277.2664
6081.2473 6079.1127
16394.122 16539.781
15643.822 15772.382
14937.923 15051.065
14273.572 14372.85
13648.066 13734.915
13058.862 13134.595
12503.573 12569.386
11979.961 12036.939
11485.934 11535.059
11019.541 11061.698
10578.963 10614.948
10162.506 10193.033
9768.596 9794.3033
9395.7682 9417.2253
9042.6612 9060.3765
8708.0111 8722.4364
8390.6432 8402.1801
8089.4664 8098.471
7803.4667 7810.2545
7531.702 7536.5523
7273.2968 7276.4562
7027.4369 7029.1229
6793.3649 6793.7696
6570.3763 6569.6684
6357.815 6356.1431
6155.0701 6152.5646
5961.5723 5958.3475
16045.924 16186.327
15311.494 15435.328
14620.556 14729.426
13970.308 14065.705
13358.1 13441.403
12781.435 12853.912
12237.974 12300.782
11725.522 11779.714
11242.031 11288.56
10785.588 10825.315
10354.411 10388.112
9946.8413 9975.2135
9561.3377 9585.0045
9196.4658 9215.9847
8850.8929 8866.7619
8523.3816 8536.0438
8212.7823 8222.6314
7918.0268 7925.4126
7638.1229 7643.3554
7372.1487 7375.5023
7119.2473 7120.9645
6878.6219 6878.9168
6649.5317 6648.593
6431.287 6429.2809
6223.2461 6220.3186
6024.8111 6021.0906
5835.4251 5831.024
15675.816 15809.76
14958.228 15076.234
14283.165 14386.754
13647.882 13738.475
13049.782 13128.698
12486.423 12554.875
11955.512 12014.613
11454.905 11505.668
10982.594 11025.941
10536.711 10573.473
10115.513 10146.442
9717.378 9743.1496
9340.7991 9362.0187
8984.3746 9001.5842
8646.802 8660.486
8326.8721 8337.462
8023.4617 8031.3411
7735.5273 7741.0371
7462.0993 7465.5419
7202.2773 7203.9203
6955.2242 6955.3043
6720.1617 6718.8878
6496.3662 6493.9223
6283.1642 6279.7125
6079.9287 6075.6117
5886.076 5881.0186
5701.062 5695.3738
15280.143 15406.151
14580.53 14691.351
13922.411 14019.474
13303.098 13387.745
12720.055 12793.535
12170.894 12234.363
11653.377 11707.893
11165.409 11211.941
10705.031 10744.461
10270.419 10303.545
9859.872 9887.4158
9471.8082 9494.4194
9104.757 9123.0186
8757.3517 8771.7859
8428.3218 8439.3958
8116.4884 8124.6184
7820.7562 7826.3126
7540.1079 7543.4199
7273.5983 7274.958
7020.3495 7020.0154
6779.5458 6777.7464
6550.4285 6547.3654
6332.2922 6328.1432
6124.4805 6119.402
5926.3826 5920.5117
5737.4293 5730.8865
5557.0906 5549.9811
14856.507 14972.857
14176.112 14278.162
13536.103 13625.181
12933.86 13011.22
12366.909 12433.723
11832.922 11890.277
11329.719 11378.615
10855.258 10896.612
10407.634 10442.279
9985.0676 10013.764
9585.9053 9609.3387
9208.6069 9227.3953
8851.7415 8866.4403
8513.979 8525.086
8194.0837 8202.0444
7890.9085 7896.1201
7603.3883 7606.2043
7330.5335 7331.2679
7071.425 7070.3564
6825.2091 6822.5841
6591.0925 6587.1289
6368.3376 6363.2274
6156.2586 6150.1708
5954.2171 5947.3004
5761.6193 5754.0039
5577.912 5569.7119
5402.5798 5393.8944
14404.045 14508.828
13744.147 13835.662
13123.452 13202.919
12539.41 12607.986
11989.614 12048.386
11471.805 11521.783
10983.862 11025.978
10523.802 10558.913
10089.773 10118.662
9680.0505 9703.4271
9293.0268 9311.5354
8927.2077 8941.4292
8581.2042 8591.6608
8253.7257 8260.8856
7943.5732 7947.8557
7649.6339 7651.4126
7370.8745 7370.4816
7106.3351 7104.066
6855.1242 6851.2406
6616.414 6611.1472
6389.4349 6382.9891
6173.4718 6166.0267
5967.8595 5959.573
5771.9793 5762.9899
5585.2551 5575.684
5407.1506 5397.1034
5237.1661 5226.7348
13923.654 14014.849
13285.492 13364.603
12685.272 12753.403
12120.523 12178.726
11588.913 11638.179
11088.25 11129.505
10616.48 10650.582
10171.682 10199.419
9752.0642 9774.1566
9355.9541 9373.0595
8981.7969 8994.5106
8628.1459 8637.0055
8293.6572 8299.1457
7977.0819 7979.6326
7677.2596 7677.2604
7393.1141 7390.9103
7123.6456 7119.5442
6867.9258 6862.1993
6625.0925 6617.9819
6394.3448 6386.0629
6174.9388 6165.6729
5966.1828 5956.0974
5767.4336 5756.6729
5578.0928 5566.7828
5397.6037 5385.854
5225.4475 5213.3536
5061.1412 5048.7855
13418.136 13493.708
12802.818 12867.642
12224.116 12279.17
11679.641 11725.863
11167.137 11205.416
10684.487 10715.658
10229.708 10254.543
9800.9442 9820.1566
9396.4646 9410.7081
9014.6559 9024.526
8654.0167 8660.0535
8313.1508 8315.8423
7990.7615 7990.546
7685.6437 7682.914
7396.6781 7391.7855
7122.8263 7116.0835
6863.1241 6854.8082
6616.6761 6607.0327
6382.6507 6371.8965
6160.2758 6148.6015
5948.8338 5936.4067
5747.6577 5734.6243
5556.1275 5542.6154
5373.6663 5359.7864
5199.737 5185.5855
5033.8399 5019.4995
4875.5089 4861.0508
12892.182 12950.199
12300.605 12349.351
11744.263 11784.582
11220.85 11253.561
10728.196 10754.078
10264.26 10284.046
9827.1307 9841.5051
9415.0232 9424.6156
9026.27 9031.6593
8659.3182 8661.0323
8312.7227 8311.2405
7985.14 7980.8938
7675.3222 7668.7001
7382.11 7373.4592
7104.4264 7094.0571
6841.2727 6829.46
6591.7214 6578.7087
6354.9112 6340.9133
6130.0425 6115.2482
5916.3725 5900.9473
5713.2115 5697.2995
5519.918 5503.6446
5335.8957 5319.3696
5160.59 5143.9047
4993.4847 4976.7204
4834.0991 4817.3242
4681.9853 4665.2576
12352.203 12390.954
11784.974 11816.053
11251.559 11275.674
10749.743 10767.585
10277.44 10289.672
9832.6886 9839.9385
9413.6549 9416.5082
9018.6234 9017.622
8645.9932 8641.6354
8294.2735 8287.0139
7962.077 7952.3277
7648.1143 7636.2469
7351.1877 7337.5352
7070.1845 7055.0442
6804.0715 6787.708
6551.8903 6534.5374
6312.7512 6294.6147
6085.8279 6067.0884
5870.3533 5851.1685
5665.6149 5646.1221
5470.9512 5451.2687
5285.747 5265.9767
5109.4303 5089.6595
4941.4693 4921.772
4781.3689 4761.8075
4628.6682 4609.2947
4482.9378 4463.795
11806.121 11824.234
11263.489 11275.628
10753.232 10759.964
10273.23 10275.114
9821.4812 9819.059
9396.1071 9389.895
8995.3495 8985.8312
8617.5647 8605.1888
8261.2193 8246.3987
7924.8851 7907.9964
7607.2334 7588.6178
7307.0291 7286.9936
7023.1256 7001.944
6754.4574 6732.3733
6500.035 6477.2642
6258.9411 6235.6728
6030.324 6006.7234
5813.3925 5789.6034
5607.4126 5583.559
5411.7022 5387.8907
5225.6283 5201.9493
5048.602 5025.132
4880.0762 4856.879
4719.5416 4696.6701
4566.5248 4544.0218
4420.5847 4398.4844
4281.3103 4259.6394
11262.923 11259.477
10744.729 10737.074
10257.483 10246.04
9799.1542 9784.3475
9367.8267 9350.0755
8961.7045 8941.4098
8579.1052 8556.6452
8218.4568 8194.1836
7878.2925 7852.5304
7557.2465 7530.2912
7254.0484 7226.1671
6967.5173 6938.9494
6696.5568 6667.5146
6440.1485 6410.8194
6197.3465 6167.8951
5967.2741 5937.8428
5749.1171 5719.8287
5542.1197 5513.079
5345.5801 5316.8759
5158.8468 5130.5533
4981.3148 4953.4929
4812.4216 4785.1209
4651.6443 4624.9041
4498.4965 4472.3473
4352.5259 4326.9899
4213.3111 4188.4038
4080.4597 4056.1904
10732.08 10706.685
10237.741 10209.93
9772.9558 9743.0037
9335.7827 9303.979
8924.3905 8891.028
8537.0624 8502.4262
8172.1904 8136.5522
7828.2723 7791.886
7503.9067 7467.0066
7197.7885 7160.5881
6908.7041 6871.3953
6635.5253 6598.2788
6377.2051 6340.1704
6132.7707 6096.0778
5901.3188 5865.0802
5682.0121 5646.3225
5474.0734 5439.012
5276.7808 5242.4129
5089.4644 5055.8425
4911.5023 4878.6676
4742.3168 4710.3002
4581.3711 4550.1945
4428.166 4397.8437
4282.2375 4252.7768
4143.1535 4114.5558
4010.5123 3982.7737
3883.9391 3857.0515
10222.964 10175.812
9751.475 9703.6876
9308.2058 9259.9134
8891.3004 8842.6572
8499.0082 8450.1819
8129.6879 8080.8485
7781.8029 7733.1158
7453.9179 7405.5395
7144.6935 7096.7688
6852.8831 6805.5437
6577.327 6530.6901
6316.9477 6271.1158
6070.7453 6025.8053
5837.7907 5793.8158
5617.2211 5574.2718
5408.2371 5366.3609
5210.0967 5169.3296
5022.1108 4982.4786
4843.6396 4805.159
4674.0897 4636.7691
4512.9095 4476.7499
4359.5868 4324.5829
4213.6451 4179.7861
4074.6416 4041.9121
3942.1641 3910.5446
3815.829 3785.2967
3695.2791 3665.8082
9744.1864 9676.0649
9294.1567 9227.1275
8871.0973 8805.1479
8473.2318 8408.3838
8098.8846 8035.1837
7746.4855 7683.9888
7414.5644 7353.3339
7101.7483 7041.8453
6806.7561 6748.2389
6528.3955 6471.3164
6265.5579 6209.9613
6017.2128 5963.135
5782.4044 5729.8721
5560.2446 5509.2759
5349.9088 5300.5141
5150.6329 5102.8141
4961.7078 4915.4592
4782.4752 4737.7847
4612.3239 4569.1736
4450.6866 4409.0535
4297.0369 4256.8931
4150.8851 4112.1992
4011.7764 3974.5136
3879.2876 3843.4108
3753.0253 3718.4949
3632.6233 3599.3981
3517.7401 3485.7779
9303.0502 9215.3208
8872.7633 8787.7606
8468.3016 8385.8746
8087.9612 8008.0034
7730.1347 7652.574
7393.3165 7318.1021
7076.0974 7003.192
6777.1609 6706.5357
6495.2795 6426.91
6229.3105 6163.1737
5978.1918 5914.2636
5740.9362 5679.1905
5516.6282 5457.0349
5304.4173 5246.9429
5103.5138 5048.1217
4913.1863 4859.8356
4732.7559 4681.4021
4561.5923 4512.1879
4399.1106 4351.6055
4244.7679 4199.1099
4098.0604 4054.1949
3958.5197 3916.3909
3825.7104 3785.2615
3699.2278 3660.4014
3578.6956 3541.4337
3463.7634 3428.0079
3354.1047 3319.7979
8904.9498 8799.4771
8492.4499 8391.2109
8104.7497 8007.4602
7740.2092 7646.6407
7397.2815 7307.2503
7074.5182 6987.8717
6770.564 6687.1721
6484.1531 6403.9026
6214.1055 6136.8952
5959.3228 5885.0601
5718.7845 5647.3822
5491.5421 5422.9169
5276.7164 5210.7862
5073.4904 5010.1747
4881.1058 4820.3254
4698.8604 4640.5358
4526.1027 4470.1542
4362.2275 4308.5759
4206.6735 4155.2399
4058.92 4009.6256
3918.4833 3871.25
3784.9141 3739.6645
3657.7949 3614.4523
3536.7375 3495.2266
3421.3809 3381.6273
3311.3892 3273.3199
3206.4492 3169.9929
8552.8906 8431.9302
8156.0904 8040.7171
7783.1925 7672.9955
7432.6115 7327.2473
7102.8526 7002.0331
6792.5167 6695.9947
6500.2949 6407.8553
6224.9656 6136.4178
5965.3897 5880.5631
5720.5079 5639.2471
5489.3356 5411.4969
5270.9584 5196.4074
5064.5285 4993.1372
4869.2588 4800.9052
4684.4182 4618.9857
4509.3305 4446.7058
4343.3678 4283.4409
4185.9475 4128.6116
4036.5291 3981.6804
3894.6109 3842.1483
3759.7277 3709.5526
3631.4468 3583.4633
3509.3664 3463.4812
3393.1129 3349.2354
3282.339 3240.3811
3176.7215 3136.5976
3075.959 3037.5865
8247.2198 8113.2731
7864.0199 7736.8447
7503.9544 7383.0202
7165.483 7050.3385
6847.154 6737.4148
6547.6097 6442.9423
6265.5804 6165.6922
5999.8814 5904.5129
5749.4089 5658.3275
5513.1361 5426.1312
5290.1095 5206.9882
5079.4436 5000.0273
4880.3178 4804.4392
4691.9703 4619.4719
4513.6938 4444.4276
4344.8341 4278.6585
4184.7841 4121.5636
4032.9804 3972.5856
3888.9005 3831.2072
3752.0596 3696.9483
3622.008 3569.3636
3498.3278 3448.0394
3380.6305 3332.5917
3268.5556 3222.6635
3161.7673 3117.923
3059.9537 3018.0616
2962.8239 2922.7923
7985.5487 7841.1897
7613.9603 7477.3853
7264.8613 7135.4265
6936.7478 6813.9016
6628.2026 6511.4722
6337.9017 6226.875
6064.6075 5958.9228
5807.1658 5706.5023
5564.5016 5468.573
5335.6156 5244.1637
5119.58 5032.3697
4915.5337 4832.3495
4722.6789 4643.3205
4540.2751 4464.5563
4367.6352 4295.3822
4204.1236 4135.1723
4049.151 3983.3458
3902.1704 3839.3639
3762.6744 3702.7266
3630.1929 3572.9703
3504.2892 3449.6642
3384.5582 3332.4087
3270.623 3220.8326
3162.134 3114.5909
3058.7656 3013.3629
2960.2155 2916.8505
2866.2015 2824.7761
7762.607 7610.271
7400.8801 7257.1805
7061.1069 6925.2924
6741.811 6613.2364
6441.603 6319.7134
6159.1851 6043.4976
5893.3456 5783.4365
5642.955 5538.4497
5406.9619 5307.5273
5184.3893 5089.7268
4974.3307 4884.1701
4775.9453 4690.0404
4588.4543 4506.5783
4411.135 4333.0786
4243.3171 4168.8867
4084.3811 4013.3949
3933.7522 3866.0396
3790.8975 3726.2979
3655.3227 3593.6845
3526.5696 3467.7494
3404.2133 3348.0747
3287.859 3234.2723
3177.1401 3125.9821
3071.716 3022.8691
2971.2702 2924.6223
2875.5082 2830.9521
2784.1558 2741.5893
7570.4784 7412.2342
7217.2199 7068.3321
6885.4666 6745.0806
6573.7637 6441.1451
6280.7426 6155.2604
6005.1267 5886.2324
5745.7248 5632.9387
5501.4274 5394.3272
5271.2021 5169.414
5054.0908 4957.2812
4849.2045 4757.0736
4655.7191 4567.9956
4472.8718 4389.3077
4299.9551 4220.3229
4136.313 4060.4036
3981.3392 3908.9581
3834.472 3765.4373
3695.19 3629.3321
3563.0102 3500.1697
3437.4849 3377.5117
3318.1991 3260.9512
3204.7671 3150.1102
3096.831 3044.6379
2994.0583 2944.2082
2896.14 2848.518
2802.7888 2757.2853
2713.7369 2670.2479
7399.0994 7236.4256
7053.3685 6900.6805
6728.7544 6585.0963
6423.8185 6288.3698
6137.2093 6009.2659
5867.6674 5746.6191
5614.0184 5499.3333
5375.1696 5266.3813
5150.105 5046.8029
4937.882 4839.7016
4737.627 4644.2427
4548.5304 4459.6495
4369.8432 4285.1998
4200.8711 4120.2232
4040.9707 3964.097
3889.5476 3816.2436
3746.0511 3676.127
3609.9704 3543.25
3480.8325 3417.1512
3358.199 3297.4025
3241.6636 3183.6066
3130.8489 3075.3947
3025.4047 2972.4241
2925.0057 2874.3764
2829.3497 2780.9559
2738.1557 2691.8872
2651.162 2606.9142
7236.963 7070.5474
6898.3363 6742.4986
6580.465 6434.1485
6281.9253 6144.2239
6001.3804 5871.5179
5737.5863 5614.8917
5489.384 5373.2744
5255.6958 5145.6624
5035.5208 4931.1173
4827.9307 4728.7634
4632.0661 4537.785
4447.1307 4357.4232
4272.3886 4186.9724
4107.1577 4025.7775
3950.8064 3873.2302
3802.7513 3728.766
3662.4522 3591.8612
3529.4083 3462.0301
3403.1559 3338.8219
3283.2654 3221.8182
3169.3387 3110.6308
3061.0064 3004.8994
2957.9253 2904.2892
2859.7772 2808.4891
2766.2663 2717.2099
2677.1176 2630.1829
2592.075 2547.1577
7072.094 6901.6892
6740.6863 6581.475
6429.666 6280.4889
6137.6242 5997.4883
5863.2396 5731.2952
5605.284 5480.7977
5362.6141 5244.9508
5134.1678 5022.7747
4918.9593 4813.3534
4716.0753 4615.8321
4524.6704 4429.4147
4343.9622 4253.3603
4173.228 4086.9803
4011.7982 3929.635
3859.0529 3780.7308
3714.42 3639.7167
3577.3702 3506.0816
3447.4125 3379.3511
3324.0928 3259.0853
3206.9905 3144.8759
3095.7157 3036.3439
2989.907 2933.1376
2889.2287 2834.9301
2793.3693 2741.4179
2702.0397 2652.3187
2614.9709 2567.37
2531.9127 2486.3277
6893.4577 6717.8459
6569.8811 6406.1614
6266.2846 6113.193
5981.2775 5837.7309
5713.5571 5578.6285
5461.9134 5334.8038
5225.2214 5105.2392
5002.4368 4888.9814
4792.5907 4685.1386
4594.7867 4492.8788
4408.1951 4311.4271
4232.0488 4140.0624
4065.6395 3978.1143
3908.3113 3824.9603
3759.4574 3680.0226
3618.518 3542.7648
3484.9752 3412.6893
3358.3491 3289.3346
3238.1959 3172.2724
3124.1044 3061.1053
3015.694 2955.4643
2912.6116 2855.0072
2814.5297 2759.4157
2721.1441 2668.3944
2632.1728 2581.6686
2547.3534 2498.9828
2466.4417 2420.0992
6692.3379 6509.4256
6377.5983 6207.4112
6082.3658 5923.5321
5805.2736 5656.6163
5545.0425 5405.5526
5300.4855 5169.2925
5070.4996 4946.8503
4854.0621 4737.3018
4650.2247 4539.7832
4458.1104 4353.4884
4276.9083 4177.6662
4105.8688 4011.6181
3944.3005 3854.6944
3791.5631 3706.2921
3647.0648 3565.851
3510.2596 3432.8517
3380.6429 3306.8118
3257.7472 3187.2842
3141.14 3073.8538
3030.4212 2966.1356
2925.2203 2863.7722
2825.1936 2766.4317
2730.0226 2673.806
2639.4115 2585.6086
2553.086 2501.5735
2470.7911 2421.4529
2392.2894 2345.0167
6463.7236 6270.7887
6159.0545 5979.8464
5873.3378 5706.3744
5605.2377 5449.2439
5353.5048 5207.3843
5116.9808 4979.7856
4894.5902 4765.4982
4685.3363 4563.6319
4488.2955 4373.3544
4302.6142 4193.8892
4127.5036 4024.5127
3962.2349 3864.552
3806.136 3713.3812
3658.5851 3570.4193
3519.0074 3435.1269
3386.8732 3307.0033
3261.6928 3185.5841
3143.0127 3070.4384
3030.4138 2961.1665
2923.5081 2857.3972
2821.9368 2758.7865
2725.367 2665.0145
2633.49 2575.7844
2546.0196 2490.8204
2462.6901 2409.866
2383.2549 2332.6828
2307.4843 2259.0487
6207.2642 6001.3357
5913.9166 5722.8951
5638.8824 5461.1742
5380.8643 5215.0925
5138.6497 4983.6255
4911.1148 4765.8067
4697.2171 4560.7272
4495.9908 4367.535
4306.5414 4185.4337
4128.0425 4013.6801
3959.7309 3851.5817
3800.9018 3698.4944
3650.9054 3553.8194
3509.141 3417.0006
3375.0532 3287.5216
3248.1305 3164.9035
3127.9003 3048.7016
3013.925 2938.5037
2905.8001 2833.9271
2803.1515 2734.6168
2705.6334 2640.2433
2612.9247 2550.5007
2524.7281 2465.1048
2440.7678 2383.7917
2360.7879 2306.3158
2284.5509 2232.4491
2211.8356 2161.9791
5927.5936 5705.9147
5646.6103 5441.1806
5383.2298 5192.3432
5136.2 4958.3751
4904.3506 4738.3024
4686.5979 4531.206
4481.9371 4336.2217
4289.4372 4152.5396
4108.237 3979.4024
3937.5404 3816.1035
3776.6131 3661.9846
3624.7767 3516.4332
3481.4064 3378.88
3345.9246 3248.7962
3217.7973 3125.691
3096.5333 3009.1088
2981.6783 2898.6271
2872.8123 2793.8538
2769.5469 2694.4251
2671.5232 2600.0035
2578.409 2510.2756
2489.8965 2424.9507
2405.7006 2343.7585
2325.5569 2266.448
2249.2199 2192.786
2176.4621 2122.5555
2107.0715 2055.5544
5633.7682 5394.2604
5365.784 5143.986
5114.6464 4908.7401
4879.1529 4687.5513
4658.1797 4479.4989
4450.6867 4283.714
4255.7096 4099.3797
4072.3557 3925.7303
3899.7988 3762.0498
3737.2759 3607.6702
3584.0829 3461.9692
3439.5702 3324.3678
3303.1393 3194.3277
3174.2369 3071.349
3052.352 2954.9678
2937.0143 2844.7533
2827.7894 2740.306
2724.2754 2641.2554
2626.1009 2547.2575
2532.9227 2457.9931
2444.4235 2373.1661
2360.3091 2292.5016
2280.3071 2215.7441
2204.1647 2142.6563
2131.6479 2073.0177
2062.5393 2006.6231
1996.6365 1943.2816
5337.8816 5079.5213
5082.9865 4843.8498
4844.1717 4622.3298
4620.2857 4414.0467
4410.2526 4218.1336
4213.0771 4033.7722
4027.8365 3860.1933
3853.6768 3696.6759
3689.8077 3542.5457
3535.4998 3397.1737
3390.0801 3259.974
3252.9275 3130.4012
3123.4703 3007.9486
3001.1802 2892.1453
2885.5689 2782.5546
2776.1876 2678.7708
2672.6217 2580.4178
2574.4875 2487.1465
2481.431 2398.633
2393.1246 2314.577
2309.2658 2234.6994
2229.5742 2158.7414
2153.79 2086.4625
2081.6726 2017.6392
2012.9989 1952.0638
1947.5618 1889.5431
1885.1688 1829.8974
5053.0715 4776.1005
4810.7649 4554.5066
4583.8009 4346.219
4371.0773 4150.3776
4171.5645 3966.1672
3984.3104 3792.8185
3808.4324 3629.6082
3643.1138 3475.8584
3487.5991 3330.9351
3341.191 3194.2468
3203.2465 3065.2426
3073.172 2943.4097
2950.4218 2828.2717
2834.4912 2719.3859
2724.914 2616.3415
2621.2621 2518.7572
2523.1397 2426.2792
2430.181 2338.5794
2342.0481 2255.3532
2258.4289 2176.3182
2179.035 2101.212
2103.5992 2029.7913
2031.8739 1961.8299
1963.6301 1897.1177
1898.6551 1835.4594
1836.7519 1776.6734
1777.7371 1720.5905
4791.3321 4497.2589
4560.5766 4288.6023
4344.4897 4092.4751
4142.0142 3908.0675
3952.1623 3734.6119
3774.0209 3571.3838
3606.7439 3417.7022
3449.5488 3272.9287
3301.7114 3136.4664
3162.5639 3007.7584
3031.4904 2886.2858
2907.9229 2771.5659
2791.3388 2663.1499
2681.2553 2560.6212
2577.2266 2463.5928
2478.8431 2371.7057
2385.7266 2284.6269
2297.5274 2202.0472
2213.9226 2123.68
2134.6142 2049.2593
2059.3267 1978.538
1987.805 1911.2871
1919.8128 1847.2934
1855.1315 1786.3593
1793.5584 1728.3008
1734.9054 1672.9468
1678.9977 1620.1382
4561.5425 4252.9338
4340.9052 4055.6131
4134.3528 3870.1411
3940.8659 3695.7519
3759.492 3531.7197
3589.3514 3377.3594
3429.6291 3232.027
3279.5717 3095.1187
3138.4821 2966.0701
3005.7178 2844.3545
2880.6864 2729.4812
2762.8416 2620.9938
2651.6814 2518.4678
2546.7418 2421.5092
2447.5945 2329.7522
2353.8464 2242.8571
2265.1344 2160.509
2181.123 2082.4157
2101.5025 2008.306
2025.9869 1937.9284
1954.3123 1871.0493
1886.2342 1807.4519
1821.5261 1746.9349
1759.9786 1689.3111
1701.3977 1634.4068
1645.6033 1582.0601
1592.4281 1532.1205
4368.0357 4048.1268
4155.8932 3860.3085
3957.355 3683.7681
3771.4311 3517.777
3597.1971 3361.6441
3433.7999 3214.7173
3280.4494 3076.3836
3136.4155 2946.0684
3001.0233 2823.2343
2873.6507 2707.3802
2753.7245 2598.0388
2640.7165 2494.7758
2534.1413 2397.1871
2433.5508 2304.8978
2338.5311 2217.5594
2248.7027 2134.8489
2163.7152 2056.4665
2083.245 1982.1339
2006.9933 1911.5931
1934.6845 1844.6046
1866.0642 1780.9461
1800.8968 1720.4114
1738.9642 1662.8087
1680.0649 1607.9599
1624.0119 1555.6996
1570.632 1505.8737
1519.7644 1458.339
4209.9483 3882.1309
4004.7185 3702.0142
3812.7132 3532.7131
3632.9641 3373.5285
3464.5674 3223.7979
3306.6897 3082.896
3158.5598 2950.2348
3019.4654 2825.2632
2888.7486 2707.4661
2765.803 2596.3626
2650.0707 2491.5049
2541.0376 2392.4762
2438.2316 2298.8893
2341.2168 2210.3843
2249.5911 2126.6273
2162.986 2047.3084
2081.0614 1972.1401
2003.503 1900.8555
1930.0211 1833.2073
1860.3484 1768.9657
1794.2384 1707.9177
1731.4627 1649.8652
1671.8103 1594.6245
1615.0857 1542.0249
1561.1081 1491.9075
1509.71 1444.1248
1460.7356 1398.5393
4081.3215 3748.5763
3881.6897 3574.656
3694.987 3411.1793
3520.2599 3257.4711
3356.6189 3112.8916
3203.2448 2976.8371
3059.3801 2848.7397
2924.3257 2728.0675
2797.4363 2614.3229
2678.1177 2507.0417
2565.8233 2405.7913
2460.0501 2310.1695
2360.3363 2219.8022
2266.2558 2134.342
2177.4157 2053.4664
2093.4562 1976.8763
2014.0453 1904.294
1938.8766 1835.4618
1867.6674 1770.1408
1800.1573 1708.1093
1736.1061 1649.1614
1675.2914 1593.1061
1617.5077 1539.7658
1562.5649 1488.9758
1510.287 1440.5825
1460.5111 1394.4437
1413.0857 1350.4264
3972.0427 3636.405
3777.1464 3467.6891
3594.9392 3309.1042
3424.4776 3159.9955
3264.8827 3019.7425
3115.3456 2887.7592
2975.1192 2763.495
2843.5146 2646.4338
2719.8962 2536.0928
2603.6795 2432.0218
2494.3272 2333.8013
2391.3448 2241.0408
2294.2792 2153.3776
2202.7123 2070.4747
2116.2587 1992.0193
2034.5659 1917.7211
1957.3088 1847.3106
1884.1872 1780.5382
1814.9248 1717.1719
1749.2667 1656.9966
1686.9782 1599.8126
1627.842 1545.4347
1571.6573 1493.6906
1518.2385 1444.4203
1467.4138 1397.4752
1419.0244 1352.717
1372.9223 1310.0169
3869.7058 3531.8849
3679.2377 3368.0184
3501.2373 3213.9917
3334.77 3069.1689
3178.9661 2932.947
3033.026 2804.7573
2896.2119 2684.0649
2767.8438 2570.3683
2647.2954 2463.1989
2533.9907 2362.1192
2427.4009 2266.7218
2327.0397 2176.6275
2232.4615 2091.484
2143.2558 2010.9639
2059.0444 1934.7635
1979.4812 1862.6008
1904.2475 1794.2142
1833.0493 1729.361
1765.6158 1667.816
1701.6977 1609.3703
1641.065 1553.83
1583.5054 1501.015
1528.8225 1450.7581
1476.8349 1402.904
1427.3748 1357.3083
1380.2869 1313.8365
1335.4271 1272.3637
3762.053 3421.308
3576.2557 3262.5719
3402.6865 3113.3675
3240.4216 2973.0788
3088.602 2841.1219
2946.439 2716.9456
2813.2052 2600.0318
2688.2313 2489.8949
2570.9006 2386.0807
2460.6469 2288.1657
2356.9505 2195.755
2259.334 2108.4814
2167.3602 2026.0036
2080.6265 1948.0045
1998.7622 1874.1898
1921.4284 1804.2864
1848.3132 1738.0408
1779.1289 1675.218
1713.6106 1615.5999
1651.5146 1558.984
1592.6165 1505.1826
1536.7087 1454.0212
1483.5996 1405.3378
1433.1122 1358.9819
1385.0828 1314.8136
1339.36 1272.7029
1295.8033 1232.5286
3639.8603 3294.2355
3459.3922 3141.3951
3290.8653 2997.7324
3133.3713 2862.6543
2986.0662 2735.5985
2848.1755 2616.0343
2718.9858 2503.4628
2597.8408 2397.4166
2484.1364 2297.4583
2377.3182 2203.1799
2276.8778 2114.2015
2182.3484 2030.1694
2093.3028 1950.755
2009.3477 1875.6529
1930.1214 1804.5798
1855.2933 1737.2727
1784.5591 1673.4876
1717.6385 1612.9981
1654.2736 1555.5943
1594.2271 1501.0812
1537.2804 1449.2781
1483.2317 1400.0168
1431.8946 1353.1416
1383.0971 1308.5075
1336.6801 1265.9797
1292.4967 1225.433
1250.4102 1186.7508
3499.2871 3146.1882
3324.9803 3000.2166
3162.2682 2863.0104
3010.2636 2734.0029
2868.1425 2612.6571
2735.1495 2498.4663
2610.5889 2390.954
2493.8214 2289.6736
2384.2585 2194.2075
2281.3607 2104.1662
2184.6333 2019.1866
2093.6224 1938.931
2007.9129 1863.0856
1927.1229 1791.3587
1850.9009 1723.4797
1778.9262 1659.1975
1710.9038 1598.279
1646.5617 1540.508
1585.6501 1485.684
1527.939 1433.6208
1473.2169 1384.1457
1421.2883 1337.0984
1371.9728 1292.3298
1325.1042 1249.7016
1280.5286 1209.0851
1238.1039 1170.3606
1197.6982 1133.4168
3342.9487 2979.934
3175.5179 2841.676
3019.2828 2711.7202
2873.3825 2589.5298
2737.0178 2474.5964
2609.4563 2366.4397
2490.0239 2264.6087
2378.1012 2168.6803
2273.1185 2078.259
2174.5536 1992.9757
2081.9278 1912.4867
1994.8022 1836.4721
1912.7755 1764.6346
1835.4787 1696.6979
1762.5722 1632.4059
1693.7465 1571.5205
1628.7167 1513.8212
1567.2207 1459.103
1509.0173 1407.176
1453.8848 1357.8641
1401.6195 1311.0034
1352.033 1266.4422
1304.9517 1224.0393
1260.2154 1183.6637
1217.6762 1145.1935
1177.1974 1108.5153
1138.6519 1073.5238
3179.0136 2804.5592
3018.805 2674.438
2869.3656 2552.1303
2729.8641 2437.1311
2599.5283 2328.9617
2477.6513 2227.1703
2363.5826 2131.3323
2256.7246 2041.0495
2156.5278 1955.9496
2062.4886 1875.6854
1974.1458 1799.9334
1891.0764 1728.3924
1812.8939 1660.7826
1739.2429 1596.8442
1669.7967 1536.3358
1604.2575 1479.0337
1542.3512 1424.73
1483.8257 1373.2321
1428.4493 1324.3612
1376.009 1277.9513
1326.3091 1233.8485
1279.1687 1191.9098
1234.4213 1152.0024
1191.913 1114.003
1151.502 1077.7968
1113.0572 1043.2773
1076.4571 1010.345
3018.5644 2632.5562
2865.4259 2510.4154
2722.637 2395.6088
2589.3954 2287.6625
2464.9564 2186.1271
2348.6381 2090.5786
2239.8133 2000.6182
2137.9061 1915.8724
2042.3869 1835.9918
1952.7708 1760.6502
1868.6133 1689.544
1789.5073 1622.3906
1715.0811 1558.9273
1644.9925 1498.9102
1578.9274 1442.1128
1516.5993 1388.325
1457.7451 1337.3518
1402.1224 1289.0123
1349.5087 1243.1386
1299.6994 1199.575
1252.5068 1158.177
1207.7574 1118.8104
1165.2913 1081.3505
1124.9611 1045.6816
1086.6309 1011.6959
1050.175 979.29345
1015.4771 948.38095
2872.184 2475.9885
2725.4905 2361.1118
2588.7662 2253.1332
2461.2351 2151.6069
2342.1765 2056.1101
2230.9315 1966.2443
2126.8938 1881.6342
2029.5069 1801.9286
1938.2594 1726.7987
1852.6827 1655.9379
1772.3482 1589.0607
1696.8629 1525.9012
1625.8681 1466.2123
1559.0341 1409.7646
1496.058 1356.3452
1436.6638 1305.7564
1380.5981 1257.8147
1327.6276 1212.3501
1277.5379 1169.2047
1230.1324 1128.232
1185.2304 1089.2961
1142.6652 1052.2708
1102.2831 1017.0388
1063.9425 983.4912
1027.5128 951.5268
992.87354 921.05141
959.91287 891.97739
2746.5643 2342.6138
2605.3943 2233.9252
2473.8729 2131.7631
2351.2452 2035.7058
2236.8106 1945.3532
2129.9284 1860.3282
2030.0099 1780.2758
1936.5146 1704.8637
1848.9461 1633.7809
1766.8498 1566.7372
1689.81 1503.4625
1617.4456 1443.7052
1549.4093 1387.2316
1485.3815 1333.8246
1425.0689 1283.2827
1368.2046 1235.419
1314.5432 1190.0598
1263.8593 1147.0442
1215.9456 1106.223
1170.6121 1067.4574
1127.6843 1030.6188
1087.0012 995.58795
1048.4144 962.25381
1011.7875 930.51335
976.99451 900.27079
943.91915 871.43702
912.45374 843.92914
2642.9607 2234.0552
2506.3397 2130.4034
2379.1102 2032.9756
2260.5334 1941.3696
2149.9236 1855.204
2046.6543 1774.1191
1950.15 1697.7765
1859.883 1625.859
1775.3683 1558.0702
1696.1627 1494.1334
1621.8603 1433.7909
1552.0899 1376.8028
1486.513 1322.9462
1424.8184 1272.0142
1366.7205 1223.8145
1311.9597 1178.1688
1260.2974 1134.9116
1211.5142 1093.8894
1165.409 1054.9598
1121.7972 1017.9906
1080.5093 982.85924
1041.3892 949.45171
1004.2928 917.6623
969.08796 887.39272
935.65246 858.55162
903.87374 831.05404
873.64748 804.8209
2556.8928 2145.3644
2424.0475 2045.8275
2300.3872 1952.2675
2185.1844 1864.2982
2077.7648 1781.5534
1977.5127 1703.6876
1883.8628 1630.3757
1796.2969 1561.3133
1714.3395 1496.2157
1637.5557 1434.8172
1565.548 1376.8702
1497.9527 1322.1445
1434.4385 1270.426
1374.7011 1221.516
1318.4611 1175.2298
1265.4647 1131.3962
1215.479 1089.8563
1168.2899 1050.4626
1123.7009 1013.0785
1081.5321 977.57702
1041.6182 943.84032
1003.807 911.75906
967.95835 881.23167
933.94334 852.16378
901.64319 824.46766
870.94833 798.06171
841.7573 772.87001
2479.9379 2066.9871
2350.4706 1971.0866
2230.0065 1880.9447
2117.8279 1796.1893
2013.2698 1716.4674
1915.7257 1641.4462
1824.6391 1570.8127
1739.5001 1504.2734
1659.8411 1441.554
1585.2346 1382.3986
1515.2904 1326.5686
1449.6515 1273.8422
1387.9927 1224.0132
1330.0158 1176.89
1275.447 1132.2948
1224.0378 1090.0626
1175.5601 1050.0403
1129.8044 1012.0858
1086.5787 976.06749
1045.7071 941.86296
1007.0281 909.35878
970.39303 878.44955
935.66519 849.03743
902.71874 821.03149
871.43784 794.3472
841.7157 768.90595
813.45342 744.63459
2402.7488 1988.183
2276.6783 1895.9387
2159.4253 1809.2335
2050.2826 1727.7094
1948.5954 1651.0269
1853.7666 1578.8659
1765.2489 1510.9253
1682.5411 1446.9229
1605.1836 1386.5947
1532.7569 1329.6946
1464.8779 1275.9931
1401.1965 1225.2769
1341.3942 1177.3476
1285.1784 1132.021
1232.2813 1089.126
1182.4597 1048.5039
1135.4903 1010.0074
1091.1685 973.50001
1049.3065 938.85487
1009.7325 905.95441
972.28889 874.68944
936.83063 844.95864
903.22425 816.66786
871.34711 789.72964
841.08632 764.0627
812.33783 739.5914
785.00533 716.24539
2318.5721 1901.0886
2196.2178 1812.8852
2082.4707 1729.9782
1976.6367 1652.0253
1878.0729 1578.702
1786.1943 1509.7021
1700.4641 1444.7377
1620.3916 1383.539
1545.5269 1325.8535
1475.4593 1271.4459
1409.8141 1220.0969
1348.2492 1171.6024
1290.4531 1125.7727
1236.1404 1082.4317
1185.0495 1041.4157
1136.9429 1002.5731
1091.6032 965.76307
1048.8307 930.85489
1008.4425 897.72742
970.27115 866.2682
934.16335 836.37283
899.97791 807.94441
867.58502 780.89294
836.86542 755.13479
807.70939 730.5922
780.01586 707.1929
753.6913 684.86958
2225.8005 1803.7312
2107.5528 1720.0448
1997.6721 1641.3836
1895.48 1567.4228
1800.3492 1497.8545
1711.7083 1432.3882
1629.0339 1370.7508
1551.8472 1312.6861
1479.7098 1257.9548
1412.2214 1206.3335
1349.0171 1157.6142
1289.7637 1111.6031
1234.1582 1068.1204
1181.9228 1026.9989
1132.8031 988.08348
1086.5684 951.23006
1043.0074 916.30508
1001.926 883.1846
963.14686 851.75364
926.50738 821.90548
891.85882 793.5411
859.06432 766.56854
827.99803 740.90241
798.54443 716.46337
770.59725 693.17765
744.05865 670.97665
718.83811 649.79654
2128.2654 1700.4637
2014.3423 1621.5685
1908.5277 1547.4109
1810.1618 1477.6845
1718.6336 1412.0991
1633.3876 1350.3809
1553.9147 1292.2723
1479.7496 1237.532
1410.466 1185.9342
1345.6753 1137.2683
1285.023 1091.3383
1228.1856 1047.9615
1174.8692 1006.9683
1124.8043 968.20107
1077.744 931.5136
1033.4648 896.77012
991.76201 863.84467
952.44763 832.62042
915.34977 802.98894
880.3112 774.84966
847.18798 748.1092
815.84775 722.68088
786.16882 698.4842
758.03957 675.44434
731.35734 653.49178
706.02766 632.56183
681.96315 612.59434
2032.9938 1599.4444
1923.2994 1525.2362
1821.4596 1455.484
1726.8321 1389.8999
1638.823 1328.2107
1556.892 1270.159
1480.5445 1215.5025
1409.3284 1164.0141
1342.8296 1115.4815
1280.6707 1069.7068
1222.5078 1026.5053
1168.0269 985.70539
1116.9428 947.14746
1068.9944 910.68331
1023.9422 876.17533
981.56985 843.49585
941.67884 812.5264
904.0873 783.15708
868.6288 755.28592
835.15121 728.81831
803.51535 703.66642
773.59322 679.74872
745.26725 656.98948
718.42957 635.31835
692.98108 614.66992
668.83058 594.98336
645.89376 576.20207
1946.5551 1508.4132
1840.7035 1438.4285
1742.4766 1372.6462
1651.2485 1310.7947
1566.4399 1252.6166
1487.5246 1197.8688
1414.0206 1146.323
1345.4878 1097.7651
1281.5232 1051.9947
1221.7596 1008.8252
1165.8622 968.08251
1113.5259 929.60469
1064.4735 893.24127
1018.4512 858.85244
975.22643 826.30847
934.58902 795.48892
896.34645 766.28207
860.3222 738.58429
826.35486 712.2994
794.29695 687.33817
764.01359 663.61778
735.3808 641.06134
708.28471 619.59743
682.62092 599.1597
658.29354 579.68646
635.21438 561.12035
613.30192 543.40798
1871.9757 1431.0397
1769.4492 1364.6449
1674.3515 1302.2368
1586.0696 1243.558
1504.0368 1188.3641
1427.7383 1136.4246
1356.703 1087.5229
1290.5006 1041.4557
1228.7375 998.0331
1171.0551 957.07796
1117.1265 918.42513
1066.654 881.92102
1019.3672 847.42284
975.01873 814.79798
933.38188 783.92333
894.25183 754.68466
857.44115 726.97597
822.77798 700.69894
790.10526 675.76232
759.27953 652.08147
730.16968 629.57781
702.65517 608.17839
676.62541 587.81547
651.97899 568.42608
628.62284 549.95171
606.47139 532.33794
585.44556 515.53413
1807.6197 1365.5189
1707.9751 1302.164
1615.5918 1242.6134
1529.8678 1186.6212
1450.2464 1133.9544
1376.2226 1084.393
1307.3341 1037.7302
1243.1591 993.77218
1183.3118 952.33774
1127.4406 913.25775
1075.2258 876.37466
1026.3757 841.54191
980.62589 808.62325
937.73424 777.49213
897.47922 748.03109
859.66067 720.13113
824.09549 693.6911
790.61589 668.61717
759.06856 644.82228
729.31356 622.22567
701.22301 600.75235
674.67944 580.33271
649.57505 560.90212
625.81111 542.40048
603.29698 524.77197
581.9494 507.96466
561.69144 491.93021
1748.4964 1306.0212
1651.511 1245.4267
1561.633 1188.4708
1478.2699 1134.9183
1400.8747 1084.5462
1328.9507 1037.1443
1262.0442 992.51468
1199.741 950.472
1141.6622 910.84293
1087.4632 873.46571
1036.8303 838.18968
989.47766 804.87465
945.14621 773.3903
903.59883 743.61562
864.61866 715.43825
828.00984 688.75393
793.5933 663.46593
761.20497 639.48451
730.69505 616.72641
701.92682 595.11436
674.77542 574.57667
649.12619 555.04675
624.87396 536.46277
601.92244 518.76728
580.18327 501.90687
559.57533 485.83188
540.02366 470.49608
1689.2254 1246.161
1594.9131 1188.3438
1507.5509 1133.9984
1426.557 1082.9004
1351.3939 1034.8372
1281.5742 989.60784
1216.6527 947.02379
1156.223 906.9081
1099.9138 869.09538
1047.3872 833.43131
998.33595 799.77212
952.4801 767.98405
909.56609 737.94276
869.36188 709.53277
831.65534 682.64688
796.25498 657.18561
762.9858 633.05666
731.68752 610.17441
702.21383 588.4594
674.43129 567.83792
648.21806 548.24156
623.46231 529.60677
600.06151 511.87457
577.9218 494.99014
556.95711 478.90251
537.08844 463.5643
518.24284 448.9314
1627.0494 1182.6014
1535.5437 1127.7332
1450.8196 1076.1596
1372.3069 1027.6678
1299.4791 982.056
1231.8589 939.13358
1169.0104 898.7215
1110.5359 860.65189
1056.0723 824.76778
1005.2891 790.92274
957.88595 758.98031
913.58927 728.81357
872.15141 700.30452
833.34576 673.34356
796.96524 647.82897
762.82303 623.66633
730.74842 600.76807
700.58514 579.05291
672.19057 558.44546
645.43469 538.87577
620.19887 520.2789
596.37421 502.59457
573.86094 485.76679
552.56774 469.74353
532.41093 454.47644
513.31372 439.92055
495.20521 426.03399
1563.0875 1116.6251
1474.4713 1064.8179
1392.4605 1016.1216
1316.4974 970.33513
1246.0673 927.26793
1180.7036 886.74012
1119.9805 848.58259
1063.5096 812.63685
1010.9362 778.7547
961.93793 746.79784
916.2215 716.63746
873.52013 688.15369
833.5923 661.23514
796.21713 635.77831
761.19277 611.68716
728.33724 588.87253
697.48432 567.25174
668.48185 546.74805
641.19106 527.29028
615.48545 508.81236
591.24965 491.253
568.37784 474.55526
546.77302 458.66629
526.34651 443.53696
507.01706 429.12161
488.71014 415.37777
471.35697 402.26593
1501.0045 1052.6224
1415.1997 1003.7847
1335.8277 957.8796
1262.3434 914.71753
1194.2433 874.11886
1131.0718 835.91402
1072.4128 799.94361
1017.8872 766.0582
967.14857 734.1181
919.88225 703.99295
875.80222 675.5613
834.64824 648.71017
796.18485 623.33453
760.19673 599.33683
726.48718 576.62653
694.87896 555.1196
665.21022 534.73807
637.33286 515.40961
611.11179 497.06711
586.424 479.64832
563.15731 463.09542
541.20884 447.35476
520.48434 432.37651
500.89768 418.11436
482.36997 404.52527
464.82888 391.5692
448.20766 379.20891
1444.1497 994.68182
1360.9332 948.53234
1283.9909 905.15403
1212.7887 864.36779
1146.8339 826.00383
1085.6806 789.90194
1028.9218 755.91149
976.18662 723.89127
927.13661 693.70929
881.46412 665.24234
838.88969 638.37569
799.15916 613.00255
762.04262 589.02369
727.32992 566.34692
694.82909 544.88669
664.36726 524.56359
635.78662 505.30394
608.94279 487.0394
583.70414 469.70655
559.95083 453.24655
537.57365 437.60479
516.47243 422.73057
496.55549 408.57678
477.73902 395.09968
459.94634 382.25858
443.10714 370.01567
427.15657 358.33574
1393.3096 943.83381
1312.4261 900.04349
1237.6739 858.88268
1168.5293 820.18142
1104.5088 783.77862
1045.1752 749.52226
990.12959 717.2694
939.0087 686.88605
891.48088 658.24697
847.24491 631.23525
806.02724 605.74202
767.57912 581.66595
731.67569 558.91289
698.1114 537.39536
666.69859 517.03217
637.26832 497.74798
609.66643 479.47288
583.7519 462.14202
559.39623 445.69523
536.48247 430.07666
514.90408 415.23451
494.56336 401.12065
475.37094 387.69041
457.24517 374.90225
440.11132 362.71759
423.90094 351.10054
408.55091 340.01768
1346.5257 897.75161
1267.8054 856.09933
1195.084 816.94818
1127.8468 780.13649
1065.6191 745.51104
1007.9719 712.92723
954.51366 682.2491
904.88809 653.34921
858.76996 626.10841
815.864 600.41553
775.90213 576.16699
738.64068 553.26643
703.85944 531.62427
671.35718 511.15732
640.95022 491.78836
612.47329 473.44571
585.77562 456.06288
560.71934 439.57819
537.17885 423.9344
515.0399 409.07841
494.19842 394.96091
474.55905 381.53616
456.03454 368.76164
438.54524 356.59786
422.01828 345.00811
406.38694 333.95825
391.58968 323.41651
1300.9367 852.94682
1224.3333 813.37332
1153.5978 776.17611
1088.2249 741.20161
1027.7487 708.30425
971.74806 677.34662
919.83908 648.19957
871.67227 620.74201
826.92886 594.86074
785.31943 570.45013
746.58137 547.41178
710.47601 525.65414
676.78775 505.09209
645.31963 485.6466
615.89188 467.2443
588.34286 449.8171
562.52515 433.30181
538.30395 417.63983
515.55655 402.77679
494.17131 388.66223
474.04661 375.24931
455.08937 362.49455
437.21443 350.35758
420.3441 338.80087
404.40731 327.78954
389.33902 317.29115
375.07928 307.27552
1255.0424 807.55276
1180.5729 770.08537
1111.8377 734.86781
1048.3413 701.75467
989.62669 670.60811
935.28124 641.29806
884.92873 613.70222
838.22682 587.70596
794.86329 563.2021
754.55481 540.09063
717.04432 518.27839
682.09829 497.67869
649.50583 478.21096
619.07432 459.80037
590.62802 442.37745
564.00895 425.87772
539.07308 410.24138
515.68875 395.41294
493.73613 381.34092
473.10625 367.97753
453.69998 355.27845
435.42649 343.20251
418.20276 331.71147
401.95305 320.76981
386.6081 310.3445
372.10458 300.40484
358.38409 290.92225
1209.5588 762.4349
1137.2084 727.06081
1070.4586 693.81085
1008.8235 662.54774
951.85545 633.14133
899.15016 605.46883
850.33928 579.41477
805.08766 554.87092
763.08975 531.73608
724.06831 509.91585
687.77192 489.32226
653.97219 469.87346
622.46298 451.4934
593.05602 434.1114
565.57957 417.66189
539.87935 402.08401
515.81471 387.32127
493.25712 373.32129
472.08963 360.03547
452.20594 347.41869
433.50935 335.42911
415.91133 324.02784
399.33094 313.17881
383.69438 302.84846
368.93422 293.00561
354.98877 283.62128
341.80121 274.66848
0.00033558727 1519.2521
0.00034593509 1559.7031
0.0003565648 1595.4719
0.00036746811 1627.0182
0.00037863708 1654.7531
0.00039006415 1679.0448
0.00040174209 1700.2233
0.00041366402 1718.5852
0.00042582343 1734.397
0.00043821412 1747.8988
0.00045083021 1759.3069
0.00046366614 1768.8162
0.00047671663 1776.603
0.00048997668 1782.8266
0.00050344156 1787.6311
0.00051710677 1791.147
0.00053096806 1793.4927
0.00054502139 1794.7755
0.00055926293 1795.0929
0.00057368903 1794.5334
0.00058829626 1793.1778
0.0006030813 1791.0992
0.00061804105 1788.3645
0.00063317253 1785.0347
0.00064847289 1781.1651
0.00066393943 1776.8066
0.00067956958 1772.0055
5.0587525 9.8351748e+09 1.3228757
5.0344505 1.1259704e+10 1.3601471
4.9991777 1.2551345e+10 1.396424
4.9557126 1.3704199e+10 1.4317821
4.9062773 1.4719556e+10 1.4662878
4.8526295 1.560328e+10 1.5
4.7961466 1.6363909e+10 1.532971
4.7378997 1.7011352e+10 1.5652476
4.6787155 1.7555998e+10 1.5968719
4.6192272 1.8008149e+10 1.6278821
4.5599159 1.8377665e+10 1.6583124
4.5011429 1.8673764e+10 1.6881943
4.4431764 1.8904925e+10 1.7175564
7
