# Fiducial parameters, omega_b = 0.022237, omega_cdm = 0.12, 100*theta_s = 1.0418, ln10^{10}A_s = 3.044, n_s = 0.9649, tau_reio = 0.0544, M_tot_IH = 0.25, sigma_NL = 7, beta_0^Euclid = 1, beta_1^Euclid = 1, z_reio = 1, Omega_Lambda = 1, YHe = 1, H0 = 0, A_s = 0, sigma8 = 0
1.4576686e-08
1.6032114e-08
1.7261032e-08
1.7871238e-08
1.8320689e-08
1.8703419e-08
1.9024492e-08
1.9315851e-08
1.9607599e-08
2.0003683e-08
0
2.5674615e-08
2.5743579e-08
2.70691e-08
2.8048003e-08
2.8881834e-08
2.9581363e-08
3.0216167e-08
3.0851836e-08
3.1714868e-08
0
0
3.1759356e-08
3.1063841e-08
3.2440099e-08
3.3615206e-08
3.4601442e-08
3.5496462e-08
3.6392712e-08
3.7609547e-08
0
0
0
3.5797958e-08
3.4928141e-08
3.6362154e-08
3.7567809e-08
3.8662226e-08
3.9758173e-08
4.1246152e-08
0
0
0
0
3.9398425e-08
3.8540578e-08
3.9961146e-08
4.1252279e-08
4.2545445e-08
4.4301216e-08
0
0
0
0
0
4.3006185e-08
4.2114379e-08
4.3617255e-08
4.5123925e-08
4.7169768e-08
0
0
0
0
0
0
4.6520947e-08
4.570313e-08
4.7434238e-08
4.9786245e-08
0
0
0
0
0
0
0
5.0190405e-08
4.9630241e-08
5.2325711e-08
0
0
0
0
0
0
0
0
5.4436085e-08
5.5019443e-08
0
0
0
0
0
0
0
0
0
6.139717e-08
1.3659394e-08
1.5155017e-08
1.6418333e-08
1.7045852e-08
1.7508062e-08
1.7901657e-08
1.8231846e-08
1.8531479e-08
1.8831514e-08
1.9238852e-08
0
2.5084875e-08
2.5326559e-08
2.6742973e-08
2.7789261e-08
2.8680516e-08
2.9428224e-08
3.0106752e-08
3.0786207e-08
3.1708692e-08
0
0
3.1624038e-08
3.1087369e-08
3.2583806e-08
3.3861801e-08
3.4934428e-08
3.5907854e-08
3.6882621e-08
3.8206067e-08
0
0
0
3.60299e-08
3.5322388e-08
3.6896908e-08
3.8220913e-08
3.9422788e-08
4.062635e-08
4.2260448e-08
0
0
0
0
3.9994332e-08
3.9314529e-08
4.0886393e-08
4.2315195e-08
4.3746271e-08
4.5689298e-08
0
0
0
0
0
4.3996719e-08
4.3292082e-08
4.4966402e-08
4.6645081e-08
4.8924512e-08
0
0
0
0
0
0
4.792178e-08
4.7311202e-08
4.9251369e-08
5.1887545e-08
0
0
0
0
0
0
0
5.2043959e-08
5.1734737e-08
5.4772754e-08
0
0
0
0
0
0
0
0
5.6841452e-08
5.7841754e-08
0
0
0
0
0
0
0
0
0
6.4764655e-08
1.257602e-08
1.4012361e-08
1.5281019e-08
1.5911475e-08
1.6375856e-08
1.6771302e-08
1.7103043e-08
1.7404087e-08
1.7705536e-08
1.8114797e-08
0
2.4071169e-08
2.4438514e-08
2.5922765e-08
2.7019487e-08
2.7953734e-08
2.8737516e-08
2.9448781e-08
3.0161021e-08
3.1128024e-08
0
0
3.0966597e-08
3.0564571e-08
3.2163619e-08
3.3529591e-08
3.4676109e-08
3.5716597e-08
3.6758524e-08
3.817316e-08
0
0
0
3.5691885e-08
3.5130031e-08
3.6831111e-08
3.8261816e-08
3.9560584e-08
4.0861183e-08
4.2627037e-08
0
0
0
0
3.9988464e-08
3.9474441e-08
4.1187531e-08
4.2744908e-08
4.4304793e-08
4.6422722e-08
0
0
0
0
0
4.4363111e-08
4.3837806e-08
4.5676657e-08
4.7520465e-08
5.002415e-08
0
0
0
0
0
0
4.8685392e-08
4.8277907e-08
5.0423188e-08
5.3338222e-08
0
0
0
0
0
0
0
5.3255278e-08
5.3196841e-08
5.6577456e-08
0
0
0
0
0
0
0
0
5.8609206e-08
6.0034197e-08
0
0
0
0
0
0
0
0
0
6.7524674e-08
1.1546911e-08
1.2826907e-08
1.4069804e-08
1.4687792e-08
1.5142997e-08
1.5530631e-08
1.585582e-08
1.6150918e-08
1.6446415e-08
1.6847598e-08
0
2.2834506e-08
2.3266719e-08
2.4788706e-08
2.5913708e-08
2.6872087e-08
2.7676117e-08
2.840576e-08
2.9136405e-08
3.0128402e-08
0
0
2.9953331e-08
2.965059e-08
3.1326364e-08
3.275831e-08
3.3960265e-08
3.5051071e-08
3.6143387e-08
3.7626445e-08
0
0
0
3.492532e-08
3.4482117e-08
3.6286931e-08
3.7805229e-08
3.9183557e-08
4.0563835e-08
4.2437879e-08
0
0
0
0
3.9499792e-08
3.9128864e-08
4.0964335e-08
4.2633224e-08
4.4304838e-08
4.6574477e-08
0
0
0
0
0
4.4202058e-08
4.3838218e-08
4.5825565e-08
4.7818484e-08
5.052468e-08
0
0
0
0
0
0
4.8887287e-08
4.8668566e-08
5.1004808e-08
5.4179528e-08
0
0
0
0
0
0
0
5.3878492e-08
5.4059439e-08
5.7767435e-08
0
0
0
0
0
0
0
0
5.976993e-08
6.1610636e-08
0
0
0
0
0
0
0
0
0
6.9672458e-08
1.031649e-08
1.1327825e-08
1.2508162e-08
1.3095435e-08
1.3528028e-08
1.3896406e-08
1.4205442e-08
1.4485883e-08
1.4766704e-08
1.5147965e-08
0
2.1065398e-08
2.1483213e-08
2.3003339e-08
2.4127453e-08
2.5085122e-08
2.5888564e-08
2.6617675e-08
2.7347789e-08
2.833907e-08
0
0
2.8228848e-08
2.7975305e-08
2.9690925e-08
3.1157454e-08
3.2388514e-08
3.3505743e-08
3.4624521e-08
3.6143514e-08
0
0
0
3.3341945e-08
3.2976631e-08
3.4850554e-08
3.6427423e-08
3.7858979e-08
3.9292568e-08
4.1239001e-08
0
0
0
0
3.8110183e-08
3.7845718e-08
3.977296e-08
4.1525612e-08
4.3281173e-08
4.5664802e-08
0
0
0
0
0
4.3065481e-08
4.2831657e-08
4.4939096e-08
4.7052718e-08
4.9922857e-08
0
0
0
0
0
0
4.8050539e-08
4.7992286e-08
5.049132e-08
5.3887518e-08
0
0
0
0
0
0
0
5.3407168e-08
5.3800447e-08
5.7799325e-08
0
0
0
0
0
0
0
0
5.9784116e-08
6.2007807e-08
0
0
0
0
0
0
0
0
0
7.0617386e-08
9.0963976e-09
9.7540521e-09
1.0839971e-08
1.1380701e-08
1.1779022e-08
1.2118216e-08
1.240277e-08
1.2660995e-08
1.291957e-08
1.3270631e-08
0
1.9016814e-08
1.9334908e-08
2.0810098e-08
2.1901559e-08
2.283147e-08
2.3611629e-08
2.4319612e-08
2.5028573e-08
2.5991137e-08
0
0
2.6024136e-08
2.5760233e-08
2.7471621e-08
2.8935178e-08
3.0163838e-08
3.1278897e-08
3.2395506e-08
3.391156e-08
0
0
0
3.1149654e-08
3.0810856e-08
3.2710093e-08
3.4308793e-08
3.5760237e-08
3.721375e-08
3.9187243e-08
0
0
0
0
3.6003293e-08
3.57967e-08
3.7774976e-08
3.9574437e-08
4.137694e-08
4.3824317e-08
0
0
0
0
0
4.1110413e-08
4.0962593e-08
4.3150255e-08
4.5344673e-08
4.8324579e-08
0
0
0
0
0
0
4.6304756e-08
4.6364999e-08
4.8984902e-08
5.2545685e-08
0
0
0
0
0
0
0
5.1941338e-08
5.2503797e-08
5.6735146e-08
0
0
0
0
0
0
0
0
5.8717004e-08
6.1265338e-08
0
0
0
0
0
0
0
0
0
7.0367826e-08
8.0034101e-09
8.2613617e-09
9.2302721e-09
9.7131843e-09
1.0068927e-08
1.0371864e-08
1.0626002e-08
1.0856625e-08
1.1087563e-08
1.1401102e-08
0
1.6884935e-08
1.7020529e-08
1.840838e-08
1.9435874e-08
2.0311354e-08
2.1045854e-08
2.1712404e-08
2.2379875e-08
2.3286112e-08
0
0
2.3530988e-08
2.3191698e-08
2.4850446e-08
2.6269743e-08
2.7461358e-08
2.8542808e-08
2.9625764e-08
3.1096131e-08
0
0
0
2.8524696e-08
2.8152815e-08
3.0026376e-08
3.1604097e-08
3.3036573e-08
3.4471102e-08
3.6418825e-08
0
0
0
0
3.3335339e-08
3.3127469e-08
3.5107042e-08
3.6908164e-08
3.8712397e-08
4.1162136e-08
0
0
0
0
0
3.8468595e-08
3.8350701e-08
4.0567667e-08
4.279189e-08
4.5812329e-08
0
0
0
0
0
0
4.3754592e-08
4.387743e-08
4.6562245e-08
5.0211647e-08
0
0
0
0
0
0
0
4.9554851e-08
5.0226165e-08
5.4608165e-08
0
0
0
0
0
0
0
0
5.6604548e-08
5.9390651e-08
0
0
0
0
0
0
0
0
0
6.8894582e-08
6.9926909e-09
6.8294472e-09
7.6666377e-09
8.0843239e-09
8.39203e-09
8.6540619e-09
8.8738844e-09
9.0733677e-09
9.2731233e-09
9.5443276e-09
0
1.4692612e-08
1.4571266e-08
1.5832851e-08
1.6767574e-08
1.7564082e-08
1.8232334e-08
1.8838766e-08
1.9446038e-08
2.0270544e-08
0
0
2.078201e-08
2.0300657e-08
2.1856766e-08
2.3189098e-08
2.4307827e-08
2.532314e-08
2.633987e-08
2.7720324e-08
0
0
0
2.5491931e-08
2.5021857e-08
2.6813807e-08
2.8323536e-08
2.9694374e-08
3.1067187e-08
3.2931121e-08
0
0
0
0
3.0116339e-08
2.9839415e-08
3.1763115e-08
3.3513967e-08
3.5267924e-08
3.764941e-08
0
0
0
0
0
3.5128976e-08
3.4973953e-08
3.7159189e-08
3.9352073e-08
4.2330022e-08
0
0
0
0
0
0
4.0363507e-08
4.0479443e-08
4.3159471e-08
4.6802845e-08
0
0
0
0
0
0
0
4.6180327e-08
4.6882482e-08
5.1309161e-08
0
0
0
0
0
0
0
0
5.3339431e-08
5.6245627e-08
0
0
0
0
0
0
0
0
0
6.601792e-08
6.1247293e-09
5.5629112e-09
6.2682696e-09
6.620527e-09
6.8800441e-09
7.1010407e-09
7.2864382e-09
7.4546819e-09
7.6231555e-09
7.8518894e-09
0
1.2630196e-08
1.2203881e-08
1.3312781e-08
1.4135079e-08
1.4835864e-08
1.5423814e-08
1.5957373e-08
1.6491672e-08
1.7217103e-08
0
0
1.8019474e-08
1.733974e-08
1.8750418e-08
1.9959143e-08
2.0974221e-08
2.1895476e-08
2.2818019e-08
2.4070595e-08
0
0
0
2.2311253e-08
2.1682051e-08
2.3339698e-08
2.4737084e-08
2.600602e-08
2.7276794e-08
2.9002191e-08
0
0
0
0
2.6611181e-08
2.6197286e-08
2.8007573e-08
2.9655846e-08
3.1307131e-08
3.3549223e-08
0
0
0
0
0
3.1352419e-08
3.1089253e-08
3.317794e-08
3.5274506e-08
3.8121733e-08
0
0
0
0
0
0
3.6380704e-08
3.6412677e-08
3.9010464e-08
4.2542595e-08
0
0
0
0
0
0
0
4.2047729e-08
4.2690444e-08
4.7038974e-08
0
0
0
0
0
0
0
0
4.912169e-08
5.2005451e-08
0
0
0
0
0
0
0
0
0
6.1874701e-08
5.3927383e-09
4.4740862e-09
5.0570589e-09
5.3484216e-09
5.5630853e-09
5.7458867e-09
5.8992418e-09
6.0384079e-09
6.1777644e-09
6.3669667e-09
0
1.0779418e-08
1.0031572e-08
1.0976688e-08
1.167815e-08
1.2276026e-08
1.2777643e-08
1.3232857e-08
1.3688703e-08
1.4307617e-08
0
0
1.5395992e-08
1.447961e-08
1.5714977e-08
1.6774376e-08
1.7664188e-08
1.8471769e-08
1.9280481e-08
2.0378504e-08
0
0
0
1.9171065e-08
1.833374e-08
1.9814241e-08
2.1063124e-08
2.2197319e-08
2.3333167e-08
2.487537e-08
0
0
0
0
2.3030294e-08
2.2419183e-08
2.4064665e-08
2.556357e-08
2.7065311e-08
2.9104367e-08
0
0
0
0
0
2.7361868e-08
2.6922781e-08
2.8852794e-08
3.0790718e-08
3.3422586e-08
0
0
0
0
0
0
3.203227e-08
3.190242e-08
3.4339487e-08
3.7653725e-08
0
0
0
0
0
0
0
3.737752e-08
3.7864934e-08
4.200465e-08
0
0
0
0
0
0
0
0
4.4154919e-08
4.6857217e-08
0
0
0
0
0
0
0
0
0
5.6620114e-08
4.7877135e-09
3.5628739e-09
4.039211e-09
4.2773828e-09
4.4528635e-09
4.6022981e-09
4.7276614e-09
4.8414257e-09
4.9553456e-09
5.1100136e-09
0
9.1936666e-09
8.1416065e-09
8.929036e-09
9.5138975e-09
1.0012448e-08
1.0430736e-08
1.0810331e-08
1.1190452e-08
1.1706554e-08
0
0
1.3050959e-08
1.1885991e-08
1.2935361e-08
1.3836002e-08
1.4592594e-08
1.5279276e-08
1.5966921e-08
1.6900568e-08
0
0
0
1.6267466e-08
1.5194695e-08
1.6473398e-08
1.7552817e-08
1.8533215e-08
1.9515053e-08
2.084815e-08
0
0
0
0
1.9614073e-08
1.8763984e-08
2.0208499e-08
2.1525012e-08
2.2844116e-08
2.4635196e-08
0
0
0
0
0
2.3434023e-08
2.2765374e-08
2.4487163e-08
2.6216657e-08
2.8565545e-08
0
0
0
0
0
0
2.7621337e-08
2.7262177e-08
2.9470171e-08
3.2473561e-08
0
0
0
0
0
0
0
3.2490608e-08
3.2733386e-08
3.6542172e-08
0
0
0
0
0
0
0
0
3.8768095e-08
4.1130534e-08
0
0
0
0
0
0
0
0
0
5.0569019e-08
4.2757886e-09
2.7834219e-09
3.167237e-09
3.3592008e-09
3.500639e-09
3.6210842e-09
3.7221279e-09
3.8138227e-09
3.9056433e-09
4.0303072e-09
0
7.8307427e-09
6.5111931e-09
7.1579548e-09
7.6385526e-09
8.0482589e-09
8.3920104e-09
8.7039634e-09
9.0163495e-09
9.4404854e-09
0
0
1.1004886e-08
9.6045233e-09
1.0475952e-08
1.1224363e-08
1.1853162e-08
1.2423868e-08
1.2995376e-08
1.3771338e-08
0
0
0
1.3680141e-08
1.2370034e-08
1.3443881e-08
1.4350954e-08
1.5174905e-08
1.6000074e-08
1.7120454e-08
0
0
0
0
1.6497922e-08
1.5392572e-08
1.662116e-08
1.7741458e-08
1.8864046e-08
2.0388305e-08
0
0
0
0
0
1.9758032e-08
1.8829322e-08
2.0314128e-08
2.1806174e-08
2.3832657e-08
0
0
0
0
0
0
2.3384229e-08
2.2749409e-08
2.4680898e-08
2.7308833e-08
0
0
0
0
0
0
0
2.7665002e-08
2.7593525e-08
3.0975696e-08
0
0
0
0
0
0
0
0
3.3276009e-08
3.5161768e-08
0
0
0
0
0
0
0
0
0
4.4067386e-08
3.8805787e-09
2.1597048e-09
2.4637877e-09
2.6159533e-09
2.7280703e-09
2.8235463e-09
2.9036429e-09
2.9763289e-09
3.0491145e-09
3.1479351e-09
0
6.7041123e-09
5.1575359e-09
5.6843411e-09
6.0758665e-09
6.409652e-09
6.6897063e-09
6.9438545e-09
7.1983559e-09
7.5439003e-09
0
0
9.2974277e-09
7.6924196e-09
8.407739e-09
9.0222834e-09
9.5386544e-09
1.0007325e-08
1.0476653e-08
1.1113883e-08
0
0
0
1.1495437e-08
9.9695953e-09
1.0855875e-08
1.1604834e-08
1.2285213e-08
1.2966603e-08
1.3891768e-08
0
0
0
0
1.3823771e-08
1.2474936e-08
1.3496266e-08
1.4427959e-08
1.5361619e-08
1.6629357e-08
0
0
0
0
0
1.6538927e-08
1.5349156e-08
1.659493e-08
1.7847231e-08
1.9548161e-08
0
0
0
0
0
0
1.9589768e-08
1.8663768e-08
2.0302037e-08
2.2531576e-08
0
0
0
0
0
0
0
2.3234401e-08
2.2812539e-08
2.5717612e-08
0
0
0
0
0
0
0
0
2.8080991e-08
2.939958e-08
0
0
0
0
0
0
0
0
0
3.7606663e-08
3.568313e-09
1.6554287e-09
1.8903734e-09
2.0080688e-09
2.0947906e-09
2.168641e-09
2.2305954e-09
2.2868177e-09
2.3431171e-09
2.4195545e-09
0
5.7567059e-09
4.0104152e-09
4.4326436e-09
4.7465296e-09
5.014133e-09
5.2386598e-09
5.4424172e-09
5.6464578e-09
5.9234906e-09
0
0
7.8466589e-09
6.0678003e-09
6.6501354e-09
7.150482e-09
7.5709115e-09
7.9525051e-09
8.3346349e-09
8.8534717e-09
0
0
0
9.6400373e-09
7.9298e-09
8.6549101e-09
9.2677653e-09
9.8245238e-09
1.0382113e-08
1.1139185e-08
0
0
0
0
1.1547049e-08
9.9847683e-09
1.0823347e-08
1.1588491e-08
1.2355282e-08
1.3396446e-08
0
0
0
0
0
1.3778325e-08
1.23512e-08
1.3378569e-08
1.4411566e-08
1.5814669e-08
0
0
0
0
0
0
1.6297489e-08
1.5095529e-08
1.6454734e-08
1.8304852e-08
0
0
0
0
0
0
0
1.932758e-08
1.8557882e-08
2.0987824e-08
0
0
0
0
0
0
0
0
2.3396819e-08
2.4120043e-08
0
0
0
0
0
0
0
0
0
3.1535367e-08
3.3302175e-09
1.2668531e-09
1.4453753e-09
1.534894e-09
1.6008581e-09
1.6570317e-09
1.7041568e-09
1.7469219e-09
1.7897456e-09
1.847887e-09
0
4.9954455e-09
3.0701357e-09
3.3991558e-09
3.643956e-09
3.8526779e-09
4.0278027e-09
4.186728e-09
4.3458744e-09
4.5619529e-09
0
0
6.6320685e-09
4.6998675e-09
5.1656463e-09
5.5659789e-09
5.9023842e-09
6.2077163e-09
6.5134778e-09
6.9286258e-09
0
0
0
8.0725069e-09
6.2043033e-09
6.791436e-09
7.287725e-09
7.738594e-09
8.1901363e-09
8.803224e-09
0
0
0
0
9.6211596e-09
7.8780414e-09
8.5613939e-09
9.1849397e-09
9.8098372e-09
1.0658337e-08
0
0
0
0
0
1.1442624e-08
9.8129971e-09
1.0653332e-08
1.149834e-08
1.2646115e-08
0
0
0
0
0
0
1.3505302e-08
1.2062861e-08
1.317792e-08
1.4695858e-08
0
0
0
0
0
0
0
1.599349e-08
1.491074e-08
1.6911645e-08
0
0
0
0
0
0
0
0
1.9350138e-08
1.9512762e-08
0
0
0
0
0
0
0
0
0
2.6133351e-08
3.1509343e-09
9.7440292e-10
1.1100365e-09
1.1780438e-09
1.2281586e-09
1.2708355e-09
1.3066379e-09
1.3391278e-09
1.3716622e-09
1.4158339e-09
0
4.4153565e-09
2.3408104e-09
2.590741e-09
2.7769087e-09
2.9356648e-09
3.0688688e-09
3.1897511e-09
3.3108015e-09
3.4751558e-09
0
0
5.6591136e-09
3.5883961e-09
3.9493646e-09
4.259918e-09
4.5209214e-09
4.7578193e-09
4.9950505e-09
5.3171516e-09
0
0
0
6.7789512e-09
4.768633e-09
5.2323497e-09
5.6245186e-09
5.9808173e-09
6.3376497e-09
6.8221441e-09
0
0
0
0
8.0075477e-09
6.1057245e-09
6.6533204e-09
7.1530814e-09
7.6539358e-09
8.3340086e-09
0
0
0
0
0
9.4730193e-09
7.6698546e-09
8.3499729e-09
9.0339125e-09
9.9629143e-09
0
0
0
0
0
0
1.1147248e-08
9.5010733e-09
1.0408966e-08
1.164492e-08
0
0
0
0
0
0
0
1.3176975e-08
1.1828102e-08
1.3463411e-08
0
0
0
0
0
0
0
0
1.592402e-08
1.5599868e-08
0
0
0
0
0
0
0
0
0
2.1500944e-08
3.0154711e-09
7.5296921e-10
8.5622075e-10
9.079789e-10
9.4611895e-10
9.7859831e-10
1.0058458e-09
1.0305724e-09
1.0553328e-09
1.0889498e-09
0
3.9779814e-09
1.7912707e-09
1.9803616e-09
2.1212341e-09
2.2413763e-09
2.3421828e-09
2.4336647e-09
2.5252737e-09
2.6496543e-09
0
0
4.917903e-09
2.7318683e-09
3.0045139e-09
3.2393223e-09
3.4367117e-09
3.6158748e-09
3.7952902e-09
4.0388917e-09
0
0
0
5.7630339e-09
3.6262973e-09
3.9801868e-09
4.2797744e-09
4.5519995e-09
4.8246353e-09
5.1948109e-09
0
0
0
0
6.7026603e-09
4.6564651e-09
5.0810661e-09
5.468811e-09
5.8574334e-09
6.3851169e-09
0
0
0
0
0
7.8436433e-09
5.8837794e-09
6.4198269e-09
6.9590489e-09
7.6914967e-09
0
0
0
0
0
0
9.1695644e-09
7.3434551e-09
8.0688548e-09
9.0564721e-09
0
0
0
0
0
0
0
1.0798568e-08
9.2202039e-09
1.0540408e-08
0
0
0
0
0
0
0
0
1.3024777e-08
1.2287328e-08
0
0
0
0
0
0
0
0
0
1.757703e-08
2.9127431e-09
5.856706e-10
6.642556e-10
7.0365695e-10
7.3269125e-10
7.5741627e-10
7.7815853e-10
7.9698166e-10
8.1583057e-10
8.4142152e-10
0
3.6451149e-09
1.3735703e-09
1.5171214e-09
1.6240173e-09
1.7151769e-09
1.7916651e-09
1.861078e-09
1.9305875e-09
2.0249628e-09
0
0
4.359118e-09
2.0876823e-09
2.2938384e-09
2.4713438e-09
2.620568e-09
2.756015e-09
2.8916528e-09
3.0758152e-09
0
0
0
4.9977471e-09
2.7613694e-09
3.0275413e-09
3.2529727e-09
3.457839e-09
3.6630173e-09
3.9416014e-09
0
0
0
0
5.7033801e-09
3.5350201e-09
3.8549059e-09
4.1472287e-09
4.4402468e-09
4.8381184e-09
0
0
0
0
0
6.5629761e-09
4.4634311e-09
4.8710536e-09
5.2813329e-09
5.838664e-09
0
0
0
0
0
0
7.573944e-09
5.5838149e-09
6.1433157e-09
6.9053074e-09
0
0
0
0
0
0
0
8.836463e-09
7.0495467e-09
8.084217e-09
0
0
0
0
0
0
0
0
1.0592827e-08
9.4883665e-09
0
0
0
0
0
0
0
0
0
1.4252596e-08
2.8339304e-09
4.5901831e-10
5.1930372e-10
5.4951541e-10
5.717781e-10
5.9073656e-10
6.0664115e-10
6.2107418e-10
6.3552697e-10
6.5514933e-10
0
3.3948874e-09
1.057737e-09
1.1660888e-09
1.2468086e-09
1.3156462e-09
1.3734047e-09
1.4258204e-09
1.478309e-09
1.5495744e-09
0
0
3.9328728e-09
1.5964618e-09
1.7525972e-09
1.8869982e-09
1.9999737e-09
2.1025176e-09
2.2052058e-09
2.3446309e-09
0
0
0
4.4170599e-09
2.1078734e-09
2.3096067e-09
2.4803733e-09
2.6355528e-09
2.7909683e-09
3.0019862e-09
0
0
0
0
4.9521187e-09
2.6931038e-09
2.9343137e-09
3.1547106e-09
3.375636e-09
3.6756183e-09
0
0
0
0
0
5.5994398e-09
3.3901998e-09
3.6959998e-09
4.0038693e-09
4.4221029e-09
0
0
0
0
0
0
6.3566204e-09
4.229042e-09
4.6488713e-09
5.2208344e-09
0
0
0
0
0
0
0
7.304124e-09
5.3328401e-09
6.114989e-09
0
0
0
0
0
0
0
0
8.6372306e-09
7.1983546e-09
0
0
0
0
0
0
0
0
0
1.1482472e-08
2.7727417e-09
3.6216074e-10
4.0889049e-10
4.32298e-10
4.4954617e-10
4.6423434e-10
4.765565e-10
4.8773856e-10
4.9893591e-10
5.141384e-10
0
3.2069049e-09
8.2165671e-10
9.0387577e-10
9.6510558e-10
1.0173234e-09
1.0611373e-09
1.1008983e-09
1.1407145e-09
1.1947742e-09
0
0
3.6140639e-09
1.2272084e-09
1.344413e-09
1.4453572e-09
1.5302183e-09
1.6072441e-09
1.6843782e-09
1.7891071e-09
0
0
0
3.9767616e-09
1.610347e-09
1.7620014e-09
1.8904199e-09
2.007116e-09
2.123989e-09
2.2826751e-09
0
0
0
0
4.3790857e-09
2.0517031e-09
2.2339595e-09
2.4004549e-09
2.5673402e-09
2.7939437e-09
0
0
0
0
0
4.8689833e-09
2.5798365e-09
2.8111612e-09
3.0439757e-09
3.3602407e-09
0
0
0
0
0
0
5.4419992e-09
3.2133747e-09
3.5296243e-09
3.9604287e-09
0
0
0
0
0
0
0
6.1546019e-09
4.0409761e-09
4.6268083e-09
0
0
0
0
0
0
0
0
7.1509339e-09
5.4342568e-09
0
0
0
0
0
0
0
0
0
9.2880067e-09
2.724473e-09
2.8706014e-10
3.2368566e-10
3.4202106e-10
3.5553148e-10
3.6703664e-10
3.7668852e-10
3.8544736e-10
3.9421817e-10
4.0612617e-10
0
3.0641477e-09
6.4332064e-10
7.0631802e-10
7.5321642e-10
7.9320852e-10
8.2676392e-10
8.5721535e-10
8.8770907e-10
9.2911127e-10
0
0
3.375178e-09
9.5175017e-10
1.0405096e-09
1.1169056e-09
1.181125e-09
1.2394149e-09
1.2977869e-09
1.3770414e-09
0
0
0
3.6494884e-09
1.2402628e-09
1.3540277e-09
1.4503591e-09
1.5379025e-09
1.6255792e-09
1.7446234e-09
0
0
0
0
3.950625e-09
1.5695393e-09
1.7055441e-09
1.8298419e-09
1.9544386e-09
2.1236211e-09
0
0
0
0
0
4.3155408e-09
1.9632316e-09
2.1362158e-09
2.3103579e-09
2.5469209e-09
0
0
0
0
0
0
4.7443316e-09
2.4387998e-09
2.6766567e-09
3.0006507e-09
0
0
0
0
0
0
0
5.2814184e-09
3.0636952e-09
3.5056855e-09
0
0
0
0
0
0
0
0
6.0335281e-09
4.1133707e-09
0
0
0
0
0
0
0
0
0
7.6335866e-09
2.6857332e-09
2.2772319e-10
2.5671056e-10
2.7121415e-10
2.8190077e-10
2.9100123e-10
2.9863576e-10
3.0556391e-10
3.1250153e-10
3.2192063e-10
0
2.9541434e-09
5.0707339e-10
5.5586012e-10
5.9216058e-10
6.2311393e-10
6.4908524e-10
6.7265411e-10
6.9625569e-10
7.2830022e-10
0
0
3.1942378e-09
7.4365602e-10
8.1138202e-10
8.6966485e-10
9.1865503e-10
9.6312136e-10
1.0076502e-09
1.0681092e-09
0
0
0
3.4030524e-09
9.6256613e-10
1.0487727e-09
1.1217409e-09
1.1880458e-09
1.2544511e-09
1.3446138e-09
0
0
0
0
3.6308958e-09
1.2111086e-09
1.3135101e-09
1.4070539e-09
1.5008186e-09
1.6281361e-09
0
0
0
0
0
3.9052698e-09
1.5059403e-09
1.6350882e-09
1.7650947e-09
1.9417053e-09
0
0
0
0
0
0
4.2245906e-09
1.8588793e-09
2.03538e-09
2.2758522e-09
0
0
0
0
0
0
0
4.6223228e-09
2.3217449e-09
2.6499495e-09
0
0
0
0
0
0
0
0
5.1815762e-09
3.1053724e-09
0
0
0
0
0
0
0
0
0
6.3829763e-09
2.6542833e-09
1.8010268e-10
2.0319708e-10
2.1474678e-10
2.2325667e-10
2.3050348e-10
2.3658295e-10
2.4209992e-10
2.4762443e-10
2.5512497e-10
0
2.8678693e-09
4.0121313e-10
4.3943034e-10
4.678521e-10
4.9208535e-10
5.1241796e-10
5.3086972e-10
5.4934708e-10
5.744343e-10
0
0
3.0554147e-09
5.8492327e-10
6.3720615e-10
6.8217275e-10
7.1996567e-10
7.5426847e-10
7.886195e-10
8.3525949e-10
0
0
0
3.2162728e-09
7.5275563e-10
8.1859667e-10
8.7430748e-10
9.2492975e-10
9.756286e-10
1.0444655e-09
0
0
0
0
3.3898712e-09
9.4131455e-10
1.0188535e-09
1.0896826e-09
1.1606775e-09
1.2570768e-09
0
0
0
0
0
3.5971216e-09
1.1634667e-09
1.2607398e-09
1.3586407e-09
1.4916316e-09
0
0
0
0
0
0
3.8372881e-09
1.4284544e-09
1.5607594e-09
1.7409715e-09
0
0
0
0
0
0
0
4.1349963e-09
1.7736549e-09
2.0177928e-09
0
0
0
0
0
0
0
0
4.5495148e-09
2.3519762e-09
0
0
0
0
0
0
0
0
0
5.4348049e-09
2.6286071e-09
1.4143753e-10
1.5987652e-10
1.6909516e-10
1.7588736e-10
1.8167143e-10
1.8652378e-10
1.9092717e-10
1.9533658e-10
2.0132319e-10
0
2.7990268e-09
3.1749068e-10
3.477121e-10
3.7017641e-10
3.893287e-10
4.0539806e-10
4.1998093e-10
4.3458403e-10
4.5441106e-10
0
0
2.9470363e-09
4.6174011e-10
5.0255652e-10
5.3764342e-10
5.6712992e-10
5.9389311e-10
6.2069389e-10
6.5708254e-10
0
0
0
3.0723718e-09
5.9190958e-10
6.4279881e-10
6.8584082e-10
7.2494837e-10
7.6411474e-10
8.1729328e-10
0
0
0
0
3.2062364e-09
7.3672165e-10
7.9611219e-10
8.5034155e-10
9.0469459e-10
9.7849686e-10
0
0
0
0
0
3.3646103e-09
9.057739e-10
9.7958675e-10
1.0538589e-09
1.1547509e-09
0
0
0
0
0
0
3.5463657e-09
1.105465e-09
1.2050018e-09
1.3405802e-09
0
0
0
0
0
0
0
3.7696956e-09
1.3637274e-09
1.5463678e-09
0
0
0
0
0
0
0
0
4.0792386e-09
1.7948364e-09
0
0
0
0
0
0
0
0
0
4.7353226e-09
2.6076737e-09
1.0988042e-10
1.2455998e-10
1.3189818e-10
1.3730482e-10
1.4190898e-10
1.4577149e-10
1.4927663e-10
1.5278656e-10
1.5755196e-10
0
2.7433441e-09
2.5023117e-10
2.7426552e-10
2.9212394e-10
3.0734846e-10
3.2012221e-10
3.3171433e-10
3.4332253e-10
3.5908331e-10
0
0
2.8609478e-09
3.6445832e-10
3.9662917e-10
4.2427096e-10
4.4749833e-10
4.6858023e-10
4.8969173e-10
5.1835578e-10
0
0
0
2.9595985e-09
4.665202e-10
5.0628658e-10
5.3990545e-10
5.7044892e-10
6.0103812e-10
6.4257091e-10
0
0
0
0
3.0639978e-09
5.7900057e-10
6.2499422e-10
6.6697671e-10
7.0905297e-10
7.6618523e-10
0
0
0
0
0
3.1863576e-09
7.09058e-10
7.6570403e-10
8.2268969e-10
9.0009742e-10
0
0
0
0
0
0
3.3254694e-09
8.6130967e-10
9.3705647e-10
1.0402099e-09
0
0
0
0
0
0
0
3.494957e-09
1.0565152e-09
1.1942669e-09
0
0
0
0
0
0
0
0
3.7275216e-09
1.378721e-09
0
0
0
0
0
0
0
0
0
4.2145163e-09
2.5907471e-09
8.4178318e-11
9.5773713e-11
1.015706e-10
1.0584163e-10
1.0947873e-10
1.1252996e-10
1.1529888e-10
1.1807159e-10
1.2183608e-10
0
2.6979786e-09
1.9563712e-10
2.1476737e-10
2.2897844e-10
2.4109303e-10
2.5125741e-10
2.6048153e-10
2.6971847e-10
2.8225972e-10
0
0
2.7916177e-09
2.8646882e-10
3.1197318e-10
3.3387867e-10
3.5228427e-10
3.6898963e-10
3.8571843e-10
4.084319e-10
0
0
0
2.8697764e-09
3.6711733e-10
3.9845392e-10
4.2493567e-10
4.489933e-10
4.730868e-10
5.0579997e-10
0
0
0
0
2.9519314e-09
4.5534304e-10
4.9132391e-10
5.2415608e-10
5.5705982e-10
6.0173723e-10
0
0
0
0
0
3.0474704e-09
5.5651495e-10
6.0046955e-10
6.4467511e-10
7.0472082e-10
0
0
0
0
0
0
3.1551559e-09
6.7390275e-10
7.3216677e-10
8.1149705e-10
0
0
0
0
0
0
0
3.2851422e-09
8.2294555e-10
9.2790946e-10
0
0
0
0
0
0
0
0
3.4616486e-09
1.0663001e-09
0
0
0
0
0
0
0
0
0
3.8263377e-09
2.5772522e-09
6.3430797e-11
7.2478287e-11
7.7002637e-11
8.0336107e-11
8.3174804e-11
8.5556239e-11
8.7717342e-11
8.9881408e-11
9.2819549e-11
0
2.661022e-09
1.5117588e-10
1.6633761e-10
1.7759978e-10
1.8720031e-10
1.9525532e-10
2.025652e-10
2.0988524e-10
2.1982387e-10
0
0
2.7353492e-09
2.2333864e-10
2.4357894e-10
2.6095899e-10
2.7556133e-10
2.8881467e-10
3.0208661e-10
3.2010656e-10
0
0
0
2.7973876e-09
2.8728189e-10
3.1208272e-10
3.3303502e-10
3.5206834e-10
3.7112994e-10
3.9701101e-10
0
0
0
0
2.8623684e-09
3.5691953e-10
3.8526142e-10
4.1111579e-10
4.3702529e-10
4.7220569e-10
0
0
0
0
0
2.937532e-09
4.362899e-10
4.7069666e-10
5.0529095e-10
5.5228009e-10
0
0
0
0
0
0
3.0216692e-09
5.2769569e-10
5.7296495e-10
6.3459109e-10
0
0
0
0
0
0
0
3.1224069e-09
6.4273508e-10
7.2358886e-10
0
0
0
0
0
0
0
0
3.2578591e-09
8.2852196e-10
0
0
0
0
0
0
0
0
0
3.5335332e-09
2.5666929e-09
4.6927399e-11
5.3875087e-11
5.7350985e-11
5.9912013e-11
6.2092921e-11
6.3922527e-11
6.5582857e-11
6.7245468e-11
6.9502789e-11
0
2.6311321e-09
1.1511014e-10
1.2701718e-10
1.358626e-10
1.4340296e-10
1.4972946e-10
1.5547072e-10
1.6121997e-10
1.6902591e-10
0
0
2.6896534e-09
1.7209588e-10
1.8809391e-10
2.0183002e-10
2.1337049e-10
2.2384478e-10
2.3433378e-10
2.4857519e-10
0
0
0
2.7387366e-09
2.2271027e-10
2.4232768e-10
2.5889801e-10
2.7395016e-10
2.8902463e-10
3.0949215e-10
0
0
0
0
2.7901477e-09
2.7776705e-10
3.0014621e-10
3.2055702e-10
3.4101064e-10
3.6878287e-10
0
0
0
0
0
2.8494739e-09
3.403126e-10
3.6738162e-10
3.9459257e-10
4.3155212e-10
0
0
0
0
0
0
2.9155951e-09
4.1197357e-10
4.4740026e-10
4.9561981e-10
0
0
0
0
0
0
0
2.9942845e-09
5.0154176e-10
5.6437677e-10
0
0
0
0
0
0
0
0
3.0992159e-09
6.447911e-10
0
0
0
0
0
0
0
0
0
3.3097636e-09
2.5586101e-09
3.4049824e-11
3.9285812e-11
4.1906993e-11
4.3838317e-11
4.5482988e-11
4.6862736e-11
4.811483e-11
4.9368646e-11
5.1070951e-11
0
2.6072789e-09
8.6162712e-11
9.5389428e-11
1.0224545e-10
1.0809009e-10
1.1299385e-10
1.17444e-10
1.2190034e-10
1.2795086e-10
0
0
2.6527806e-09
1.3068293e-10
1.4321656e-10
1.5397892e-10
1.63021e-10
1.7122772e-10
1.7944597e-10
1.9060429e-10
0
0
0
2.6912987e-09
1.7048166e-10
1.8591378e-10
1.9894834e-10
2.107885e-10
2.226462e-10
2.3874612e-10
0
0
0
0
2.7317822e-09
2.1386607e-10
2.3149368e-10
2.4756909e-10
2.6367788e-10
2.855506e-10
0
0
0
0
0
2.7785324e-09
2.6313938e-10
2.8444472e-10
3.0585877e-10
3.3494415e-10
0
0
0
0
0
0
2.8305625e-09
3.1946189e-10
3.4727077e-10
3.8511696e-10
0
0
0
0
0
0
0
2.8922714e-09
3.8955199e-10
4.3864964e-10
0
0
0
0
0
0
0
0
2.9740791e-09
5.0082594e-10
0
0
0
0
0
0
0
0
0
3.1363057e-09
2.5525692e-09
2.4223654e-11
2.8088978e-11
3.0025489e-11
3.1452387e-11
3.2667503e-11
3.3686889e-11
3.4611963e-11
3.553831e-11
3.6796014e-11
0
2.5885877e-09
6.3298191e-11
7.0328721e-11
7.5554959e-11
8.0010447e-11
8.3748708e-11
8.714117e-11
9.0538352e-11
9.5150829e-11
0
0
2.6233974e-09
9.757167e-11
1.0726414e-10
1.1558876e-10
1.22583e-10
1.2893108e-10
1.3528808e-10
1.4391931e-10
0
0
0
2.6532502e-09
1.2851961e-10
1.4053794e-10
1.5068998e-10
1.5991183e-10
1.6914733e-10
1.8168695e-10
0
0
0
0
2.6848315e-09
1.6243154e-10
1.7621688e-10
1.8878824e-10
2.013856e-10
2.1849048e-10
0
0
0
0
0
2.7214357e-09
2.0105095e-10
2.1774699e-10
2.3452713e-10
2.5731836e-10
0
0
0
0
0
0
2.7622345e-09
2.4521969e-10
2.670139e-10
2.9667216e-10
0
0
0
0
0
0
0
2.8105953e-09
3.0010163e-10
3.3850824e-10
0
0
0
0
0
0
0
0
2.8745193e-09
3.8685143e-10
0
0
0
0
0
0
0
0
0
3.0002353e-09
2.5481636e-09
1.6904688e-11
1.9697313e-11
2.1097654e-11
2.2129524e-11
2.3008245e-11
2.3745422e-11
2.4414398e-11
2.5084295e-11
2.5993818e-11
0
2.574257e-09
4.5598413e-11
5.0852782e-11
5.4760802e-11
5.809271e-11
6.088828e-11
6.3425256e-11
6.5965764e-11
6.9415108e-11
0
0
2.600386e-09
7.1516607e-11
7.8890022e-11
8.5225205e-11
9.0548278e-11
9.5379615e-11
1.0021775e-10
1.0678673e-10
0
0
0
2.6231555e-09
9.522659e-11
1.0445703e-10
1.1225577e-10
1.1934013e-10
1.26435e-10
1.3606816e-10
0
0
0
0
2.6474655e-09
1.2141235e-10
1.3207076e-10
1.4179138e-10
1.515322e-10
1.6475843e-10
0
0
0
0
0
2.6758197e-09
1.5139388e-10
1.6436318e-10
1.7739794e-10
1.9510206e-10
0
0
0
0
0
0
2.7075558e-09
1.8579631e-10
2.0277167e-10
2.2587155e-10
0
0
0
0
0
0
0
2.7452567e-09
2.2859941e-10
2.5854022e-10
0
0
0
0
0
0
0
0
2.7950945e-09
2.9617977e-10
0
0
0
0
0
0
0
0
0
2.8926933e-09
2.5450263e-09
1.1585636e-11
1.3560426e-11
1.4551631e-11
1.5282056e-11
1.5904073e-11
1.6425897e-11
1.6899444e-11
1.7373644e-11
1.8017468e-11
0
2.5635295e-09
3.2206899e-11
3.6052318e-11
3.8914294e-11
4.1354579e-11
4.3402071e-11
4.5260169e-11
4.7120856e-11
4.9647184e-11
0
0
2.5827375e-09
5.1416602e-11
5.692062e-11
6.1651982e-11
6.562782e-11
6.9236408e-11
7.2850075e-11
7.7756546e-11
0
0
0
2.599783e-09
6.9260732e-11
7.6230756e-11
8.212163e-11
8.7473126e-11
9.2832586e-11
1.0010947e-10
0
0
0
0
2.6181888e-09
8.9167478e-11
9.7286643e-11
1.0469275e-10
1.1211441e-10
1.2219167e-10
0
0
0
0
0
2.6398397e-09
1.1213538e-10
1.2208346e-10
1.3208258e-10
1.456637e-10
0
0
0
0
0
0
2.6642328e-09
1.386411e-10
1.5172816e-10
1.6953718e-10
0
0
0
0
0
0
0
2.6933469e-09
1.7174952e-10
1.9491166e-10
0
0
0
0
0
0
0
0
2.7319479e-09
2.2412862e-10
0
0
0
0
0
0
0
0
0
2.8075342e-09
2.5427939e-09
7.7612289e-12
9.1288855e-12
9.8160405e-12
1.0322436e-11
1.0753676e-11
1.1115453e-11
1.1443759e-11
1.1772519e-11
1.2218879e-11
0
2.5556431e-09
2.2265586e-11
2.5019384e-11
2.7070459e-11
2.8819507e-11
3.0287042e-11
3.1618832e-11
3.2952478e-11
3.4763224e-11
0
0
2.5694584e-09
3.6200711e-11
4.0225379e-11
4.3687167e-11
4.6596496e-11
4.9237119e-11
5.1881461e-11
5.5471832e-11
0
0
0
2.5819595e-09
4.936531e-11
5.4528317e-11
5.8893834e-11
6.2859889e-11
6.6831869e-11
7.2224891e-11
0
0
0
0
2.5956335e-09
6.4225635e-11
7.0302864e-11
7.5847813e-11
8.1404601e-11
8.8949728e-11
0
0
0
0
0
2.6118846e-09
8.1535724e-11
8.9047507e-11
9.6598971e-11
1.0685575e-10
0
0
0
0
0
0
2.6303512e-09
1.0166841e-10
1.1162076e-10
1.2516486e-10
0
0
0
0
0
0
0
2.652544e-09
1.2697412e-10
1.4468904e-10
0
0
0
0
0
0
0
0
2.682132e-09
1.6720566e-10
0
0
0
0
0
0
0
0
0
2.7402929e-09
2.5413193e-09
5.1594036e-12
6.0894525e-12
6.5571909e-12
6.9019077e-12
7.1954648e-12
7.4417367e-12
7.6652247e-12
7.8890211e-12
8.1928721e-12
0
2.5500789e-09
1.5160215e-11
1.7090958e-11
1.8530173e-11
1.9757603e-11
2.078749e-11
2.1722115e-11
2.2658043e-11
2.3928793e-11
0
0
2.5598039e-09
2.5052431e-11
2.7933477e-11
3.0413313e-11
3.2497681e-11
3.4389561e-11
3.6284108e-11
3.8856444e-11
0
0
0
2.5687785e-09
3.4562601e-11
3.8309479e-11
4.1479256e-11
4.4359214e-11
4.7243494e-11
5.1159679e-11
0
0
0
0
2.5787321e-09
4.5437288e-11
4.9898926e-11
5.3971155e-11
5.8052271e-11
6.3593718e-11
0
0
0
0
0
2.5906992e-09
5.8244372e-11
6.3815656e-11
6.9417562e-11
7.7026508e-11
0
0
0
0
0
0
2.6044359e-09
7.3281357e-11
8.0727448e-11
9.0861865e-11
0
0
0
0
0
0
0
2.6210882e-09
9.2337671e-11
1.056929e-10
0
0
0
0
0
0
0
0
2.6434625e-09
1.2285962e-10
0
0
0
0
0
0
0
0
0
2.6877699e-09
2.540329e-09
3.3875862e-12
4.0097055e-12
4.3228586e-12
4.5536607e-12
4.7502099e-12
4.9150998e-12
5.0647348e-12
5.2145765e-12
5.4180185e-12
0
2.5462011e-09
1.0158047e-11
1.1484817e-11
1.2474636e-11
1.3318905e-11
1.4027307e-11
1.4670185e-11
1.531396e-11
1.6188041e-11
0
0
2.5529075e-09
1.7033824e-11
1.9053106e-11
2.0792495e-11
2.2254721e-11
2.3581932e-11
2.4911017e-11
2.6715594e-11
0
0
0
2.5592144e-09
2.3758937e-11
2.6421524e-11
2.8675345e-11
3.0723283e-11
3.2774314e-11
3.5559141e-11
0
0
0
0
2.5663088e-09
3.1552925e-11
3.4762263e-11
3.7692663e-11
4.0629631e-11
4.4617539e-11
0
0
0
0
0
2.5749437e-09
4.0841592e-11
4.4894014e-11
4.8969805e-11
5.450601e-11
0
0
0
0
0
0
2.5849674e-09
5.1864874e-11
5.7335249e-11
6.4781712e-11
0
0
0
0
0
0
0
2.5972415e-09
6.5971556e-11
7.5873459e-11
0
0
0
0
0
0
0
0
2.6138922e-09
8.8782645e-11
0
0
0
0
0
0
0
0
0
2.6472127e-09
