# Fiducial parameters, omega_b = 0.022237, omega_cdm = 0.12, H0 = 67.36, ln10^{10}A_s = 3.044, n_s = 0.9649, tau_reio = 0.0544, M_tot = 0.3, sigma_NL = 7, beta_0^Euclid = 1, beta_1^Euclid = 1, z_reio = 1, Omega_Lambda = 1, YHe = 1, 100*theta_s = 1, A_s = 0, sigma8 = 0
29019.628 29259.296
27684.132 27900.512
26428.514 26623.988
25247.595 25424.307
24136.476 24296.349
23090.537 23235.297
22105.44 22236.633
21177.123 21296.131
20301.789 20409.85
19475.899 19574.117
18696.154 18785.517
17959.488 18040.877
17263.05 17337.254
16604.192 16671.915
15980.456 16042.328
15389.562 15446.145
14829.392 14881.19
14297.983 14345.445
13793.51 13837.041
13314.283 13354.244
12858.73 12895.445
12425.392 12459.152
12012.914 12043.981
11620.035 11648.644
11245.584 11271.947
10888.471 10912.779
10547.682 10570.106
27655.887 27891.607
26384.051 26596.662
25188.219 25380.097
24063.469 24236.751
23005.141 23161.746
22008.845 22150.494
21070.457 21198.69
20186.115 20302.308
19352.207 19457.594
18565.368 18661.048
17822.462 17909.416
17120.571 17199.677
16456.983 16529.024
15829.18 15894.854
15234.824 15294.756
14671.744 14726.491
14137.926 14187.986
13631.5 13677.319
13150.732 13192.708
12694.01 12732.501
12259.841 12295.166
11846.835 11879.28
11453.7 11483.524
11079.239 11106.672
10722.335 10747.585
10381.95 10405.204
10057.119 10078.545
26253.174 26482.747
25046.693 25253.518
23912.244 24098.675
22845.168 23013.322
21841.054 21992.831
20895.744 21032.848
20005.333 20129.288
19166.163 19278.331
18374.815 18476.413
17628.099 17720.214
16923.046 17006.647
16256.89 16332.843
15627.064 15696.139
15031.181 15094.066
14467.024 14524.333
13932.537 13984.818
13425.81 13473.551
12945.071 12988.71
12488.677 12528.603
12055.099 12091.661
11642.921 11676.431
11250.825 11281.563
10877.587 10905.804
10522.07 10547.99
10183.216 10207.041
9860.0405 9881.9521
9551.6264 9571.7881
24841.456 25062.852
23700.641 23899.819
22627.874 22807.151
21618.76 21780.219
20669.134 20814.645
19775.073 19906.311
18932.892 19051.354
18139.136 18246.161
17390.578 17487.361
16684.208 16771.813
16017.22 16096.597
15387.005 15459.001
14791.135 14856.504
14227.358 14286.771
13693.58 13747.636
13187.857 13237.09
12708.386 12753.271
12253.493 12294.454
11821.623 11859.039
11411.334 11445.543
11021.286 11052.589
10650.234 10678.901
10297.022 10323.295
9960.5729 9984.6679
9639.8877 9661.9989
9334.0352 9354.3367
9042.1488 9060.797
23452.174 23663.68
22375.883 22565.842
21363.732 21534.412
20411.58 20565.021
19515.509 19653.539
18671.824 18796.079
17877.054 17988.998
17127.946 17228.884
16421.46 16512.558
15754.761 15837.055
15125.205 15199.62
14530.334 14597.693
13967.862 14028.896
13435.664 13491.024
12931.768 12982.034
12454.341 12500.03
12001.685 12043.254
11572.22 11610.078
11164.482 11198.993
10777.109 10808.598
10408.838 10437.595
10058.496 10084.778
9724.9915 9749.029
9407.3098 9429.3094
9104.5077 9124.6539
8815.7069 8834.165
8540.0899 8557.008
22116.681 22317.051
21102.329 21281.93
20148.37 20309.41
19250.909 19395.374
18406.262 18535.93
17610.951 17727.414
16861.712 16966.392
16155.484 16249.65
15489.409 15574.188
14860.816 14937.215
14267.218 14336.131
13706.303 13768.524
13175.917 13232.153
12674.061 12724.939
12198.878 12244.956
11748.642 11790.416
11321.754 11359.663
10916.727 10951.162
10532.181 10563.49
10166.833 10195.326
9819.4951 9845.4462
9489.0601 9512.7149
9174.5003 9196.0772
8874.8601 8894.5539
8589.2503 8607.235
8316.8435 8333.2743
8056.8689 8071.885
20863.463 21052.049
19907.172 20075.823
19007.766 19158.625
18161.58 18296.574
17365.147 17486
16615.196 16723.45
15908.653 16005.684
15242.638 15329.674
14614.461 14692.591
14021.608 14091.804
13461.738 13524.861
12932.672 12989.488
12432.384 12483.571
11958.992 12005.152
11510.745 11552.413
11086.019 11123.669
10683.307 10717.359
10301.207 10332.034
9938.4212 9966.3526
9593.7404 9619.0701
9266.0436 9289.032
8954.2886 8975.1672
8657.5066 8676.481
8374.7967 8392.05
8105.321 8121.016
7848.2993 7862.5812
7603.0051 7616.0034
19715.231 19892.061
18812.096 18969.829
17962.639 18103.351
17163.404 17288.96
16411.123 16523.192
15702.712 15802.784
15035.273 15124.678
14406.09 14486.013
13812.626 13884.119
13252.511 13316.509
12723.536 12780.87
12223.647 12275.052
11750.932 11797.059
11303.615 11345.042
10880.046 10917.284
10478.692 10512.193
10098.129 10128.294
9737.0368 9764.2203
9394.1879 9418.7036
9068.4427 9090.5684
8758.7424 8778.7242
8464.1033 8482.1592
8183.6106 8199.934
7916.4139 7931.1763
7661.7219 7675.0754
7418.7978 7430.8776
7186.9556 7197.8819
18686.984 18852.782
17831.426 17978.918
17026.679 17157.874
16269.477 16386.177
15556.725 15660.544
14885.507 14977.887
14253.081 14335.309
13656.88 13730.099
13094.501 13159.727
12563.703 12621.839
12062.397 12114.242
11588.638 11634.9
11140.617 11181.923
10716.653 10753.558
10315.185 10348.179
9934.7625 9964.2779
9574.0374 9600.4574
9231.7592 9255.4219
8906.7664 8927.9705
8597.9799 8616.9892
8304.3972 8321.445
8025.0869 8040.3791
7759.1828 7772.9016
7505.8793 7518.1859
7264.427 7275.4639
7034.1282 7044.0216
6814.3329 6823.1947
17783.163 17939.27
16969.421 17107.919
16203.977 16326.809
15483.725 15592.638
14805.729 14902.283
14167.214 14252.808
13565.578 13641.457
12998.379 13065.652
12463.338 12522.987
11958.322 12011.222
11481.348 11528.273
11030.568 11072.203
10604.264 10641.214
10200.838 10233.638
9818.8061 9847.929
9456.7897 9482.6527
9113.5086 9136.4799
8787.774 8808.1783
8478.4818 8496.6054
8184.6062 8200.7016
7905.1945 7919.4843
7639.3609 7652.0414
7386.2821 7397.5264
7145.1921 7155.153
6915.3784 6924.1905
6696.1774 6703.9597
6486.9712 6493.8286
16995.568 17143.72
16218.269 16349.392
15487.086 15603.06
14799.051 14901.567
14151.36 14241.935
13541.366 13621.356
12966.582 13037.199
12424.681 12487.001
11913.484 11968.465
11430.958 11479.451
10975.208 11017.966
10544.473 10582.162
10137.111 10170.321
9751.5984 9780.8496
9386.5182 9412.2706
9040.5551 9063.214
8712.4869 8732.4099
8401.1789 8418.681
8105.5773 8120.9361
7824.7029 7838.1627
7557.6461 7569.4221
7303.5614 7313.843
7061.6626 7070.6166
6831.2186 6838.9916
6611.5488 6618.2701
6402.0197 6407.8029
6202.0411 6206.9865
16301.936 16443.878
15556.737 15682.118
14855.739 14966.378
14196.097 14293.634
13575.12 13661.027
12990.27 13065.868
12439.164 12505.633
11919.57 11977.961
11429.4 11480.65
10966.708 11011.648
10529.677 10569.045
10116.619 10151.068
9725.9627 9756.0713
9356.247 9382.5258
9006.1154 9029.0154
8674.3076 8694.2266
8359.6527 8376.9419
8061.0638 8076.0322
7777.5313 7790.4512
7508.1172 7519.2282
7251.9499 7261.463
7008.2194 7016.3201
6776.1726 6783.0238
6555.1087 6560.8539
6344.3759 6349.1409
6143.3669 6147.2626
5951.5162 5954.64
15665.956 15802.857
14950.169 15070.923
14276.841 14383.199
13643.233 13736.781
13046.758 13128.924
12484.976 12557.044
11955.597 12018.716
11456.476 11511.675
10985.608 11033.802
10541.122 10583.128
10121.276 10157.819
9724.4481 9756.1692
9349.1293 9376.5986
8993.9175 9017.6391
8657.5105 8677.9297
8338.6986 8356.2086
8036.358 8051.306
7749.4454 7762.1375
7476.9918 7487.6975
7218.0969 7227.0536
6971.9242 6979.3409
6737.6964 6743.7567
6514.6903 6519.5557
6302.2334 6306.0461
6099.7001 6102.5845
5906.5075 5908.5731
5722.1126 5723.4556
15039.983 15171.702
14353.078 14469.12
13706.932 13808.968
13098.91 13188.46
12526.523 12604.961
11987.426 12055.993
11479.418 11539.229
11000.44 11052.493
10548.567 10593.754
10122.003 10161.121
9719.0743 9752.8328
9338.2258 9367.2555
8978.0101 9002.8705
8637.082 8658.2695
8314.1924 8332.1461
8008.1813 8023.2894
7717.9706 7730.5767
7442.5601 7452.967
7181.0206 7189.4953
6932.4887 6939.2668
6696.1624 6701.4512
6471.2962 6475.2781
6257.1968 6260.0322
6053.2194 6055.0493
5858.7639 5859.7121
5673.2715 5673.4467
5496.2215 5495.7191
14371.411 14495.758
13715.224 13824.585
13097.996 13193.939
12517.202 12601.16
11970.458 12043.731
11455.517 11519.286
10970.274 11025.601
10512.758 10560.599
10081.128 10122.341
9673.6675 9709.0199
9288.7781 9318.9544
8924.9728 8950.5829
8580.8691 8602.4555
8255.1823 8273.227
7946.7195 7961.6496
7654.3729 7666.5668
7377.1135 7386.9061
7113.9861 7121.6732
6864.1038 6869.9466
6626.6424 6630.8711
6400.8364 6403.654
6185.9742 6187.5592
5981.3941 5981.9036
5786.4805 5786.0527
5600.6607 5599.4166
5423.4013 5421.4474
5254.2054 5251.6347
13613.031 13725.281
12991.504 13089.878
12406.911 12492.837
11856.849 11931.639
11339.052 11403.904
10851.386 10907.391
10391.853 10439.997
9958.582 9999.7542
9549.8274 9584.8282
9163.9607 9193.5083
8799.4669 8824.2036
8454.937 8475.4358
8129.061 8145.8325
7820.6219 7834.1203
7528.49 7539.1182
7251.6162 7259.7313
6989.0261 6994.9446
6739.8154 6743.8169
6503.1444 6505.4756
6278.233 6279.1116
6064.3565 6063.9741
5860.8415 5859.3665
5667.0615 5664.6422
5482.434 5479.2003
5306.4169 5302.4827
5138.5055 5133.9705
4978.2294 4973.1807
12736.715 12829.784
12155.028 12235.921
11607.945 11677.908
11093.207 11153.39
10608.686 10660.145
10152.378 10196.076
9722.4076 9759.2207
9317.0211 9347.7398
8934.581 8959.9185
8573.5609 8594.1587
8232.5414 8248.9737
7910.2028 7922.982
7605.3183 7614.9013
7316.7481 7323.5415
7043.4349 7047.7991
6784.3966 6786.6509
6538.7212 6539.1482
6305.5625 6304.4115
6084.1349 6081.6255
5873.7085 5870.0339
5673.6052 5668.9351
5483.195 5477.6781
5301.8921 5295.6585
5129.1515 5122.3149
4964.466 4957.1257
4807.3637 4799.6057
4657.4044 4649.3037
11746.082 11811.641
11209.223 11264.978
10704.343 10751.312
10229.346 10268.475
9782.2621 9814.4219
9361.2361 9387.2242
8964.5317 8985.0742
8590.5268 8606.2805
8237.7069 8249.2643
7904.6606 7912.5549
7590.076 7594.784
7292.7336 7294.6803
7011.4998 7011.0634
6745.3219 6742.838
6493.2232 6488.9885
6254.297 6248.5731
6027.7009 6020.7185
5812.654 5804.6154
5608.4309 5599.5133
5414.3578 5404.7159
5229.809 5219.5776
5054.2031 5043.4992
4886.9992 4875.9242
4727.6946 4716.3361
4575.8213 4564.2544
4430.9437 4419.2329
4292.6557 4280.856
10682.852 10713.344
10193.917 10217.574
9734.1482 9751.7245
9301.6317 9313.8319
8894.5664 8902.0401
8511.2569 8514.6016
8150.1174 8149.8771
7809.667 7806.3329
7488.5232 7482.5376
7185.3975 7177.1575
6899.0929 6888.9521
6628.4969 6616.7685
6372.5756 6359.5363
6130.3686 6116.2624
5900.9856 5886.0258
5683.5998 5667.9724
5477.4433 5461.3105
5281.804 5265.3061
5096.0211 5079.2786
4919.4805 4902.5966
4751.6118 4734.6747
4591.8853 4574.9694
4439.8083 4422.9762
4294.9227 4278.2265
4156.8022 4140.2848
4025.0499 4008.7462
3899.2961 3883.2341
9621.0463 9612.0434
9179.8077 9167.2888
8764.9391 8749.3726
8374.7052 8356.534
8007.4751 7987.1081
7661.7133 7639.5276
7335.9838 7312.3223
7028.9464 7004.1166
6739.3497 6713.6264
6466.0277 6439.6558
6207.8974 6181.0918
5963.9528 5936.9004
5733.2586 5706.1215
5514.9463 5487.8643
5308.2111 5281.3027
5112.3055 5085.6705
4926.5354 4900.2576
4750.2572 4724.4056
4582.8737 4557.5038
4423.8301 4398.9861
4272.611 4248.3272
4128.738 4105.0396
3991.7659 3968.6707
3861.2808 3838.8002
3736.898 3715.0374
3618.2591 3597.0191
3505.0298 3484.4074
8648.3048 8600.2983
8250.6332 8202.4006
7876.7848 7828.5112
7525.1873 7477.0551
7194.3642 7146.5433
6882.9251 6835.5738
6589.5704 6542.8316
6313.0875 6267.0861
6052.3443 6007.189
5806.2858 5762.0703
5573.9331 5530.7344
5354.3764 5312.2565
5146.7706 5105.7777
4950.3308 4910.5012
4764.3296 4725.6878
4588.092 4550.6524
4420.9909 4384.7596
4262.4451 4227.4204
4111.9155 4078.0886
3968.901 3936.2576
3832.9366 3801.4576
3703.5904 3673.2525
3580.4607 3551.2374
3463.1741 3435.0362
3351.3834 3324.2995
3244.7653 3218.7023
3143.0184 3117.9423
7838.3648 7757.1113
7476.8757 7398.26
7137.1107 7061.0588
6817.6297 6744.0877
6517.0817 6446.0039
6234.1941 6165.5435
5967.7787 5901.5205
5716.7274 5652.8255
5480.0057 5418.4228
5256.6498 5197.3477
5045.766 4988.7025
4846.5244 4791.6531
4658.1537 4605.425
4479.938 4429.2997
4311.2142 4262.6108
4151.3671 4104.7401
3999.8249 3955.1149
3856.0582 3813.2039
3719.5761 3678.5146
3589.9222 3550.5902
3466.6731 3429.0069
3349.4356 3313.3715
3237.8442 3203.3188
3131.559 3098.5096
3030.2642 2998.6289
2933.6657 2903.3835
2841.4894 2812.5008
7225.3829 7120.4604
6891.2193 6791.0916
6577.22 6481.5924
6282.0381 6190.6596
6004.4129 5917.061
5743.1566 5659.6368
5497.1618 5417.2986
5265.3965 5189.0282
5046.898 4973.8754
4840.7698 4770.9546
4646.1813 4579.4421
4462.3615 4398.5724
4288.5946 4227.6348
4124.2159 4065.9698
3968.6107 3912.9656
3821.2086 3768.0553
3681.4795 3630.713
3548.9332 3500.4511
3423.115 3376.8177
3303.6023 3259.3934
3190.0032 3147.7894
3081.9541 3041.6446
2979.1167 2940.6241
2881.1768 2844.4165
2787.8423 2752.7325
2698.8414 2665.3032
2613.9207 2581.8784
6788.2561 6669.9467
6473.5455 6361.4435
6177.9214 6071.5495
5900.0957 5799.0443
5638.8647 5542.7741
5393.0958 5301.6526
5161.7345 5074.6606
4943.7999 4860.8446
4738.3773 4659.3146
4544.6159 4469.2413
4361.7284 4289.8531
4188.9848 4120.4333
4025.7075 3960.3162
3871.2679 3808.8841
3725.0851 3665.5642
3586.6204 3529.8252
3455.3734 3401.1748
3330.8815 3279.1564
3212.716 3163.3465
3100.4786 3053.3525
2993.8 2948.8101
2892.3376 2849.3813
2795.773 2754.7522
2703.8103 2664.6312
2616.1747 2578.7475
2532.6105 2496.849
2452.8792 2418.7015
6451.145 6326.1507
6151.4075 6033.572
5869.9572 5758.6405
5605.5437 5500.199
5357.0011 5257.1534
5123.2344 5028.4737
4903.2259 4813.1935
4696.0304 4610.4085
4500.7678 4419.2749
4316.6206 4239.0061
4142.8332 4068.8708
3978.7059 3908.1889
3823.5896 3756.3294
3676.883 3612.7065
3538.0308 3476.7769
3406.5184 3348.037
3281.8681 3226.0197
3163.6386 3110.2921
3051.4212 3000.4525
2944.8363 2896.1288
2843.5323 2796.9753
2747.183 2702.6715
2655.4854 2612.9198
2568.1579 2527.4436
2484.9394 2445.986
2405.5867 2368.3082
2329.8731 2294.1878
6106.5638 5973.9962
5822.0872 5697.7243
5555.0833 5438.1147
5304.3402 5194.075
5068.7314 4964.5724
4847.2002 4748.6341
4638.7664 4545.3479
4442.5215 4353.86
4257.6208 4173.3736
4083.2803 4003.1463
3918.7769 3842.4873
3763.4416 3690.7547
3616.6543 3547.3525
3477.8415 3411.7278
3346.4737 3283.3676
3222.0608 3161.7963
3104.1482 3046.5729
2992.3161 2937.2886
2886.1763 2833.5644
2785.3682 2735.0485
2689.5578 2641.4148
2598.4358 2552.3606
2511.7148 2467.6049
2429.1278 2386.8865
2350.4273 2309.9628
2275.383 2236.6083
2203.7803 2166.6131
5665.8961 5516.6291
5400.8849 5261.5253
5152.266 5021.8062
4918.8883 4796.463
4699.6838 4584.5423
4493.6523 4385.146
4299.8673 4197.4318
4117.4716 4020.6115
3945.6688 3853.9494
3783.7209 3696.76
3630.9479 3548.4056
3486.7214 3408.2935
3350.4596 3275.8735
3221.6246 3150.6348
3099.7205 3032.104
2984.2888 2919.8419
2874.9039 2813.4414
2771.1739 2712.5249
2672.7358 2616.7425
2579.2532 2525.7694
2490.4144 2439.3045
2405.9311 2357.0683
2325.5352 2278.8013
2248.9782 2204.2623
2176.0296 2133.2275
2106.475 2065.4884
2040.1144 2000.8513
5117.246 4939.2308
4876.4202 4710.8414
4650.5995 4496.2246
4438.7199 4294.4776
4239.7963 4104.7468
4052.906 3926.2283
3877.1956 3758.1682
3711.8765 3599.8608
3556.2164 3450.6476
3409.5369 3309.9149
3271.2142 3177.0918
3140.6719 3051.6477
3017.3769 2933.09
2900.8363 2820.9617
2790.5967 2714.8387
2686.2384 2614.328
2587.3727 2519.065
2493.6413 2428.7118
2404.7132 2342.955
2320.2812 2261.504
2240.0612 2184.0891
2163.7903 2110.4602
2091.2245 2040.3848
2022.1374 1973.6472
1956.319 1910.0468
1893.5745 1849.3972
1833.722 1791.5247
4540.1442 4327.2462
4324.7008 4127.1659
4122.7871 3939.1504
3933.4359 3762.4089
3755.7534 3596.1936
3588.9017 3439.8006
3432.1072 3292.5691
3284.6552 3153.8812
3145.8824 3023.1601
3015.1747 2899.8681
2891.9676 2783.5051
2775.7404 2673.6064
2666.0113 2569.7405
2562.3353 2471.5069
2464.3032 2378.5343
2371.5367 2290.4783
2283.6852 2207.0195
2200.4261 2127.862
2121.4614 2052.7311
2046.5147 1981.3724
1975.3305 1913.5496
1907.6725 1849.0435
1843.3215 1787.6505
1782.074 1729.1817
1723.7419 1673.4612
1668.1502 1620.3258
1615.1358 1569.6235
4049.5543 3806.7967
3855.634 3630.7894
3674.0007 3465.3948
3503.7679 3309.9172
3344.1173 3163.699
3194.2822 3026.1209
3053.5553 2896.6018
2921.2839 2774.5981
2796.8625 2659.6024
2679.7308 2551.1419
2569.3744 2448.7766
2465.3193 2352.0977
2367.1269 2260.7257
2274.3925 2174.3084
2186.7444 2092.519
2103.8391 2015.0546
2025.3582 1941.6343
1951.0094 1871.9978
1880.5225 1805.9035
1813.6472 1743.1275
1750.1522 1683.462
1689.8238 1626.7142
1632.4637 1572.7051
1577.8881 1521.2682
1525.9272 1472.2492
1476.423 1425.5042
1429.2283 1380.8995
3708.9919 3449.3696
3529.9808 3289.8953
3362.4241 3140.0362
3205.4842 2999.1623
3058.3901 2866.6776
2920.4192 2742.0212
2790.9067 2624.6665
2669.24 2514.1211
2554.8511 2409.9253
2447.215 2311.6506
2345.8508 2218.8985
2250.3154 2131.2987
2160.1994 2048.5071
2075.1256 1970.2048
1994.7474 1896.0957
1918.7455 1825.9053
1846.8236 1759.3791
1778.7101 1696.2813
1714.1543 1636.393
1652.9239 1579.5114
1594.8046 1525.4481
1539.5984 1474.0284
1487.1217 1425.0901
1437.2047 1378.4826
1389.6901 1334.0659
1344.432 1291.7096
1301.2946 1251.2926
3482.3865 3217.1097
3313.2828 3068.3796
3155.1131 2928.6166
3007.0646 2797.233
2868.3907 2673.6732
2738.3933 2557.4139
2616.4311 2447.9643
2501.9146 2344.865
2394.2982 2247.6874
2293.0778 2156.0319
2197.793 2069.5268
2108.0201 1987.8268
2023.3682 1910.6111
1943.4771 1837.5821
1868.0171 1768.4638
1796.6841 1703.0002
1729.1966 1640.954
1665.2965 1582.1051
1604.7462 1526.2496
1547.3255 1473.1982
1492.8314 1422.7752
1441.0767 1374.8178
1391.8877 1329.1747
1345.104 1285.7053
1300.5771 1244.2791
1258.1694 1204.7746
1217.7527 1167.0788
3265.5762 2995.0727
3105.9476 2856.6128
2956.7542 2726.5005
2817.2071 2604.1887
2686.5837 2489.1601
2564.2096 2380.9277
2449.4662 2279.0347
2341.7861 2183.0533
2240.645 2092.5846
2145.5594 2007.2565
2056.0882 1926.7232
1971.8262 1850.6631
1892.4001 1778.7776
1817.4665 1710.7897
1746.7111 1646.4424
1679.8448 1585.4974
1616.5999 1527.7339
1556.7315 1472.9469
1500.0142 1420.9466
1446.2395 1371.5567
1395.2151 1324.6139
1346.764 1279.9664
1300.7222 1237.4734
1256.938 1197.004
1215.2716 1158.4368
1175.5929 1121.6585
1137.7813 1086.5642
2979.0263 2693.396
2831.9227 2568.8867
2694.5462 2451.8835
2566.1516 2341.8947
2446.0579 2238.4551
2333.6295 2141.1269
2228.2847 2049.499
2129.4907 1963.1871
2036.7556 1881.8323
1949.6261 1805.1002
1867.6894 1732.6797
1790.5668 1664.2816
1717.9096 1599.6375
1649.3974 1538.4983
1584.7374 1480.6329
1523.6604 1425.827
1465.9174 1373.8819
1411.2809 1324.6136
1359.5418 1277.8511
1310.5063 1233.4361
1263.9967 1191.2216
1219.8488 1151.0711
1177.9108 1112.8581
1138.0427 1076.4649
1100.1152 1041.7822
1064.0083 1008.7083
1029.6107 977.14862
2658.9232 2351.5499
2525.8009 2242.8466
2401.5893 2140.6964
2285.5983 2044.67
2177.1985 1954.3612
2075.802 1869.3877
1980.8719 1789.391
1891.9168 1714.0352
1808.4829 1643.0072
1730.1527 1576.015
1656.5464 1512.787
1587.3158 1453.0707
1522.1406 1396.6319
1460.7265 1343.253
1402.8052 1292.7322
1348.13 1244.8826
1296.4728 1199.5307
1247.6255 1156.5157
1201.397 1115.6885
1157.6105 1076.9107
1116.1035 1040.0541
1076.7265 1004.9995
1039.3414 971.63643
1003.8203 939.86218
970.04589 909.58128
937.90911 880.70498
907.3087 853.15072
2396.8741 2073.2776
2275.1945 1977.4405
2161.7646 1887.3806
2055.9377 1802.7195
1957.1251 1723.0992
1864.7771 1648.1827
1778.3922 1577.6537
1697.512 1511.2164
1621.7139 1448.5945
1550.6087 1389.5307
1483.8433 1333.7855
1421.0944 1281.1364
1362.0644 1231.3768
1306.4805 1184.3149
1254.0941 1139.7729
1204.6769 1097.5858
1158.0179 1057.6009
1113.9248 1019.6762
1072.2214 983.68036
1032.7444 949.49142
995.34435 916.99626
959.88354 886.08989
926.23477 856.67484
894.28073 828.66054
863.91356 801.96287
835.03327 776.50356
807.54696 752.20983
2219.45 1890.1477
2105.5454 1802.7779
1999.4613 1720.6748
1900.5755 1643.4934
1808.3229 1570.9073
1722.1765 1502.6093
1641.6563 1438.3111
1566.3243 1377.7431
1495.7769 1320.6533
1429.6432 1266.8072
1367.587 1215.9864
1309.3008 1167.9882
1254.5024 1122.6242
1202.9326 1079.7196
1154.3562 1039.1122
1108.5572 1000.6517
1065.336 964.19868
1024.5111 929.62396
985.91623 896.80767
949.39771 865.63865
914.81465 836.01376
882.03768 807.8373
850.94724 781.0204
821.43322 755.48053
793.39446 731.14095
766.73726 707.93035
741.37459 685.78235
2064.0212 1731.3417
1956.9519 1651.3143
1857.3269 1576.111
1764.5456 1505.4155
1678.0634 1438.9291
1597.3727 1376.3704
1522.0122 1317.4753
1451.5617 1261.9968
1385.6343 1209.7042
1323.8747 1160.3827
1265.9619 1113.8323
1211.6021 1069.8672
1160.5262 1028.3149
1112.4876 989.01526
1067.2623 951.81982
1024.6451 916.59086
984.44668 883.20071
946.49495 851.53097
910.63246 821.4719
876.71379 792.92166
844.6058 765.7858
814.18636 739.97665
785.34269 715.41282
757.97099 692.01869
731.97605 669.72402
707.26971 648.46344
683.77014 628.17619
1878.4597 1536.3492
1779.5376 1465.3364
1687.5864 1398.6041
1602.0369 1335.8718
1522.3737 1276.8744
1448.1169 1221.3622
1378.8307 1169.1009
1314.1188 1119.8712
1253.6162 1073.4686
1196.9886 1029.7024
1143.9336 988.3951
1094.1757 949.38189
1047.4619 912.50967
1003.5608 877.63638
962.26284 844.63024
923.37584 813.36908
886.7226 783.73959
852.14247 755.63673
819.48849 728.96311
788.62505 703.62837
759.42811 679.5487
731.78403 656.6463
705.58792 634.84894
680.74335 614.08955
657.16196 594.30576
634.76201 575.4396
613.46763 557.43714
1698.8886 1346.6696
1607.8574 1284.4252
1523.3316 1225.9327
1444.7736 1170.9463
1371.698 1119.2336
1303.6526 1070.5756
1240.2273 1024.7671
1181.0495 981.6159
1125.7767 940.94263
1074.0947 902.58018
1025.7203 866.37304
980.39511 832.1767
937.88264 799.85697
897.96641 769.28934
860.45063 740.35832
825.15603 712.9568
791.91728 686.98549
760.58472 662.35231
731.02164 638.97188
703.1019 616.76502
676.71027 595.65826
651.74129 575.58341
628.09768 556.47716
605.69009 538.28072
584.43678 520.93943
564.26213 504.40247
545.09603 488.62255
1565.2129 1209.5675
1480.1136 1153.6611
1401.1767 1101.1244
1327.8867 1051.7368
1259.779 1005.2894
1196.421 961.58578
1137.4209 920.4414
1082.4232 881.68374
1031.1012 845.15168
983.15578 810.69513
938.31743 778.17441
896.34077 747.45973
857.00111 718.4306
820.09317 690.97515
785.43144 664.98965
752.84629 640.37792
722.18131 617.05077
693.29516 594.9255
666.05884 573.92542
640.35339 553.97942
616.07029 535.0215
593.11032 516.99042
571.38199 499.82933
550.80141 483.48541
531.29185 467.90957
512.78243 453.05616
495.20746 438.88273
1447.3985 1090.2442
1367.5677 1039.8537
1293.5927 992.50038
1224.9782 947.98537
1161.2782 906.12051
1102.0775 866.72862
1047.0007 829.64349
995.70784 794.70956
947.8864 761.78164
903.25052 730.72443
861.54314 701.41206
822.53034 673.72754
785.99815 647.56224
751.75123 622.81536
719.61332 599.3934
689.42334 577.20967
661.03287 556.18378
634.308 536.24119
609.12661 517.31278
585.37617 499.33445
562.95412 482.24672
541.76681 465.9944
521.72795 450.52623
502.75845 435.79461
484.78612 421.7553
467.74426 408.36715
451.57111 395.59189
1322.3822 961.15104
1248.133 916.72768
1179.4048 874.98187
1115.7256 835.73822
1056.671 798.83085
1001.8461 764.10359
950.89445 731.4099
903.49313 700.61265
859.34585 671.58385
818.18157 644.20423
779.75696 618.36281
743.85075 593.95647
710.26066 570.88944
678.80218 549.07286
649.30902 528.42431
621.62933 508.86735
595.62326 490.33113
571.16478 472.74992
548.1391 456.0628
526.44048 440.21325
505.97267 425.14884
486.64784 410.82091
468.38514 397.18428
451.11052 384.19698
434.75648 371.82
419.26072 360.01709
404.56553 348.75448
1214.3338 851.31471
1144.9557 811.96835
1080.8048 774.9935
1021.4295 740.23481
966.42453 707.54538
915.41273 676.78688
868.05404 647.82952
824.0409 620.55186
783.09114 594.84052
744.9468 570.58987
709.37661 547.70163
676.17043 526.08445
645.13629 505.65351
616.09919 486.33011
588.90162 468.04125
563.39986 450.71922
539.46157 434.30126
516.96769 418.72918
495.80986 403.94901
475.88831 389.91068
457.11231 376.56777
439.39918 363.87718
422.67284 351.79887
406.86368 340.29569
391.9083 329.33309
377.74826 318.87894
364.32942 308.90336
1123.1507 761.01771
1057.9464 725.84508
997.71596 692.79239
942.02527 661.72076
890.48547 632.49886
842.73483 605.00305
798.44744 579.11732
757.32893 554.73309
719.1093 531.74903
683.54194 510.0707
650.40597 489.61026
619.50091 470.28604
590.64368 452.02222
563.66752 434.74846
538.42252 418.3995
514.772 402.91481
492.59014 388.23829
471.76388 374.31793
452.19043 361.10546
433.77521 348.55616
416.43228 336.6285
400.08339 325.28397
384.6566 314.48677
370.08614 304.2037
356.31218 294.40386
343.27959 285.05854
330.93735 276.14103
1033.7918 671.96789
972.69053 640.91126
916.30885 611.72645
864.23112 584.29085
816.08539 558.48853
771.52575 534.21028
730.24092 511.35369
691.94996 489.82289
656.39535 469.52839
623.34197 450.38682
592.57949 432.32061
563.91714 415.25766
537.18081 399.13102
512.212 383.87857
488.8684 369.44269
467.02033 355.76995
446.54844 342.81081
427.34566 330.51933
409.3147 318.85291
392.36607 307.77206
376.41856 297.24011
361.39829 287.22304
347.23735 277.68927
333.87374 268.60946
321.25112 259.95634
309.31758 251.70455
298.02513 243.8305
954.6138 594.58734
897.20012 567.10729
844.27452 541.28348
795.43827 517.0075
750.33492 494.17662
708.6332 472.69429
670.03524 452.46987
634.27245 433.41853
601.09878 415.46111
570.28964 398.52385
541.64439 382.5381
514.98114 367.44007
490.13398 353.17052
466.95196 339.6745
445.29969 326.90101
425.0539 314.80278
406.10113 303.33597
388.33973 292.45994
371.67742 282.13699
356.02935 272.33216
341.31859 263.01302
327.4752 254.14948
314.43496 245.71357
302.13926 237.67933
290.5349 230.02265
279.57292 222.72108
269.20803 215.75375
884.02275 527.10472
829.95076 502.74367
780.15362 479.85087
734.24834 458.33015
691.89315 438.09055
652.77033 419.04643
616.59451 401.11745
583.10864 384.22841
552.07726 368.30914
523.28559 353.29424
496.54194 339.12284
471.67265 325.73841
448.51938 313.08843
426.93817 301.12417
406.80002 289.80044
387.9875 279.07533
370.39264 268.90996
353.91874 259.26832
338.47813 250.11698
323.99022 241.42495
310.38197 233.16349
297.5871 225.30591
285.54471 217.82743
274.1993 210.70504
263.50056 203.91734
253.40218 197.44446
243.86136 191.26789
818.05299 464.6045
767.13733 443.13217
720.29155 422.95397
677.14818 403.98513
637.3797 386.14548
600.68171 369.35957
566.78107 353.55655
535.43189 338.67016
506.40907 324.63854
479.50734 311.40404
454.54369 298.91303
431.3524 287.11566
409.78246 275.96565
389.69662 265.42005
370.97201 255.43901
353.49688 245.98561
337.16843 237.02558
321.89477 228.52717
307.59259 220.46093
294.18535 212.79954
281.60375 205.51766
269.78494 198.59176
258.6712 192.00002
248.20999 185.72214
238.35369 179.73927
229.05851 174.03389
220.284 168.58967
759.36423 410.64294
711.31635 391.66461
667.14855 373.8301
626.50798 357.06448
589.08049 341.29689
554.5742 326.46064
522.7274 312.49312
493.3047 299.33576
466.09066 286.93388
440.8889 275.23654
417.52449 264.19633
395.83913 253.76919
375.68862 243.91422
356.94194 234.59345
339.48193 225.77168
323.20205 217.41626
308.00434 209.49691
293.80131 201.98556
280.5137 194.85618
268.0687 188.08463
256.40045 181.64851
245.44925 175.52703
235.16031 169.70089
225.48377 164.15215
216.37452 158.86417
207.79106 153.82143
199.69508 149.00953
705.16593 361.71547
659.80827 344.99847
618.14926 329.28899
579.85028 314.52103
544.61022 300.63219
512.14931 287.5637
482.21695 275.26043
454.58789 263.67079
429.05603 252.7466
405.43358 242.443
383.55339 232.71823
363.26429 223.53349
344.42861 214.85274
326.92132 206.64255
310.6307 198.87189
295.45522 191.51201
281.30151 184.53625
268.08627 177.91987
255.7341 171.63995
244.17572 165.67522
233.34855 160.00596
223.19584 154.61384
213.6656 149.48187
204.7105 144.59426
196.28776 139.93633
188.35806 135.49442
180.8851 131.25585
656.05328 318.72777
613.18748 303.99756
573.84877 290.15512
537.71224 277.14229
504.48927 264.9041
473.91176 253.38876
445.73976 242.54769
419.75769 232.33543
395.76841 222.70955
373.59231 213.6305
353.06966 205.06148
334.05607 196.96832
316.42007 189.31924
300.0423 182.0848
284.81623 175.23765
270.64501 168.75245
257.43965 162.60572
245.12081 156.77566
233.61668 151.24207
222.86133 145.98622
212.79523 140.99071
203.36445 136.23941
194.51956 131.71735
186.21561 127.41059
178.41202 123.30622
171.07148 119.39221
164.15956 115.65736
610.95654 280.35588
570.42634 267.39911
533.25913 255.22323
499.14337 243.77708
467.80256 233.01229
438.97994 222.88333
412.44585 213.34746
387.99413 204.36469
365.43624 195.89769
344.60048 187.91169
325.3343 180.37431
307.4998 173.25549
290.97148 166.5273
275.63545 160.16381
261.39009 154.14099
248.14308 148.43656
235.8096 143.02983
224.31406 137.90166
213.58809 133.03426
203.56895 128.41116
194.19999 124.01706
185.42993 119.83777
177.2118 115.86012
169.50289 112.07186
162.26468 108.46161
155.46175 105.0188
149.06146 101.7336
569.72089 246.49643
531.3777 235.10452
496.24055 224.39919
464.01087 214.33545
434.42398 204.87079
407.23412 195.96515
382.22162 187.58098
359.18938 179.6831
337.95723 172.2387
318.36111 165.2172
300.25533 158.59015
283.50828 152.3311
268.00018 146.4155
253.62238 140.82055
240.27799 135.52514
227.87901 130.50965
216.34457 125.75591
205.60269 121.24709
195.58828 116.96754
186.2416 112.90279
177.50876 109.03938
169.34099 105.36484
161.69364 101.86758
154.52612 98.536837
147.80184 95.362612
141.4872 92.335604
135.55118 89.447159
531.7846 216.4669
495.50174 206.46285
462.27392 197.06173
431.81532 188.22405
403.87276 179.91245
378.21121 172.09178
354.62075 164.72903
332.91309 157.79333
312.91618 151.25587
294.47337 145.08979
277.44564 139.27009
261.70745 133.77356
247.14455 128.57864
233.65334 123.66531
221.14147 119.01501
209.52511 114.61054
198.7272 110.43594
188.6792 106.4764
179.31915 102.71821
170.59021 99.14865
162.4411 95.7559
154.82546 92.52901
147.70082 89.457802
141.02863 86.532827
134.77414 83.745301
128.90543 81.087056
123.39308 78.550494
496.86327 189.95826
462.52573 181.17936
431.09764 172.92953
402.30565 165.17412
375.90784 157.88038
351.6797 151.01743
329.4208 144.55634
308.95147 138.47
290.10752 132.73312
272.73954 127.32214
256.71498 122.21514
241.91416 117.39172
228.2282 112.83297
215.55837 108.52133
203.81674 104.44052
192.92346 100.57542
182.80515 96.912046
173.39658 93.4374
164.6388 90.139445
156.47773 87.007013
148.8646 84.029743
141.75534 81.198019
135.1096 78.502913
128.89072 75.936131
123.06572 73.489966
117.6043 71.157251
112.47851 68.931316
464.60428 166.54718
432.11054 158.85024
402.38539 151.61716
375.16778 144.81759
350.22682 138.42277
327.34829 132.40565
306.34105 126.74086
287.03385 121.40463
269.2702 116.3748
252.90771 111.6307
237.82015 107.1531
223.89353 102.92414
211.02419 98.927235
199.11814 95.14698
188.09169 91.569102
177.86886 88.180357
168.37983 84.968467
159.56255 81.922046
151.36099 79.030539
143.7237 76.284156
136.60433 73.673812
129.96103 71.191077
123.75542 68.828123
117.95272 66.577678
112.5216 64.432984
107.43329 62.387758
102.66128 60.436153
434.72461 145.89535
403.9838 139.15284
375.87501 132.81669
350.14925 126.86028
326.58649 121.25844
304.98261 115.98745
285.15557 111.02509
266.94236 106.35056
250.19403 101.94443
234.77506 97.788593
220.56534 93.866219
207.45647 90.161653
195.34986 86.660362
184.1561 83.348861
173.79563 80.21464
164.19624 77.246098
155.29153 74.432481
147.02256 71.763817
139.33606 69.230858
132.18317 66.825027
125.51987 64.538367
119.30639 62.363491
113.50631 60.293543
108.08661 58.322153
103.01754 56.443401
98.271823 54.651782
93.824299 52.942176
406.97465 127.69964
377.90503 121.79804
351.33474 116.25214
327.02668 111.03861
304.77148 106.13542
284.37496 101.52184
265.66403 97.178389
248.48371 93.086865
232.69245 89.230263
218.16145 85.592746
204.77659 82.159569
192.43492 78.917031
181.04276 75.852417
170.5152 72.953922
160.77669 70.210594
151.75866 67.61228
143.39805 65.149569
135.63891 62.813734
128.43067 60.596679
121.72696 58.490896
115.48599 56.489422
109.67004 54.58579
104.24453 52.774
99.178148 51.048476
94.442689 49.404036
90.012275 47.835863
85.863047 46.339473
381.13148 111.68356
353.65913 106.5221
328.55706 101.67182
305.5998 97.112201
284.5885 92.823997
265.33874 88.78907
247.68622 84.990398
231.48385 81.412047
216.59731 78.03915
202.90439 74.857867
190.29684 71.85529
178.67699 69.019435
167.956 66.339187
158.05333 63.804225
148.89733 61.404966
140.42297 59.132527
132.57044 56.978685
125.28669 54.935807
118.52379 52.996813
112.23774 51.155135
106.38895 49.404683
100.94163 47.739803
95.863032 46.155245
91.123452 44.646134
86.696176 43.207937
82.556679 41.836441
78.682353 40.527725
357.00626 97.609167
331.0637 93.098207
307.36559 88.859129
285.69811 84.874098
265.87273 81.126283
247.71463 77.599827
231.0681 74.279854
215.79383 71.152442
201.76458 68.204594
188.86458 65.424207
176.99132 62.80001
166.05231 60.32153
155.96343 57.979047
146.64837 55.76354
138.03933 53.666637
130.07469 51.680578
122.69783 49.798169
115.85849 48.012738
109.5113 46.318099
103.61459 44.708512
98.130857 43.178654
93.026229 41.723584
88.269684 40.338715
83.8331 39.019783
79.691189 37.76283
75.82073 36.564172
72.200316 35.420382
334.4213 85.243986
309.94663 81.304509
287.59385 77.602419
267.16053 74.122201
248.46831 70.849153
231.3518 67.769423
215.66375 64.870018
201.27245 62.138784
188.0576 59.564369
175.90974 57.136196
164.73197 54.84443
154.43688 52.679925
144.94493 50.634189
136.18398 48.699342
128.08993 46.868077
120.60453 45.133617
113.67424 43.489677
107.25154 41.930428
101.29351 40.450468
95.760768 39.044787
90.617832 37.708734
85.832679 36.437994
81.375966 35.228561
77.221097 34.076714
73.34416 32.978993
69.723196 31.932183
66.337955 30.933291
313.22703 74.388789
290.1627 70.950979
269.10085 67.720325
249.85027 64.683289
232.24257 61.827041
216.1216 59.139494
201.34842 56.609309
187.79877 54.225879
175.35912 51.979298
163.92621 49.860336
153.40862 47.86041
143.72388 45.97154
134.79693 44.186315
126.55972 42.497857
118.95174 40.899791
111.91803 39.386203
105.40803 37.951607
99.3769 36.590917
93.784122 35.29942
88.592497 34.072742
83.768535 32.906826
79.28199 31.797906
75.105152 30.742485
71.212899 29.737317
67.58265 28.779383
64.193663 27.865877
61.026808 26.994186
293.29565 64.869031
271.58754 61.871161
251.76565 59.053953
233.64976 56.405583
217.08126 53.914864
201.91307 51.571255
188.01437 49.36487
175.26818 47.286458
163.56763 45.327382
152.81547 43.479593
142.92566 41.735606
133.82054 40.088462
125.42944 38.531698
117.68826 37.059319
110.54002 35.665763
103.93294 34.345872
97.819397 33.094865
92.157116 31.908307
86.907929 30.782086
82.036767 29.712389
77.512059 28.695679
73.305291 27.72867
69.39033 26.808315
65.743485 25.931781
62.343462 25.096436
59.170694 24.299834
56.207133 23.539695
274.51568 56.528726
254.11256 53.916291
235.48254 51.461304
218.45617 49.153446
202.8844 46.982966
188.62905 44.940682
175.56722 43.017979
163.58905 41.206794
152.59415 39.499601
142.49116 37.889389
133.19928 36.369631
124.64553 34.934263
116.76352 33.577656
109.49301 32.294583
102.78043 31.080199
96.577134 29.930008
90.838302 28.839844
85.524198 27.805843
80.598918 26.824422
76.029464 25.892257
71.78613 25.006266
67.842078 24.163587
64.172706 23.361563
60.755709 22.597726
57.571036 21.869783
54.600261 21.1756
51.826378 20.513193
256.79134 49.228254
237.6441 46.953206
220.16002 44.815274
204.18018 42.805471
189.5649 40.915302
176.18467 39.136774
163.92432 37.462382
152.68092 35.885106
142.3604 34.398392
132.87716 32.996134
124.15544 31.672648
116.12688 30.422653
108.72922 29.241247
101.90597 28.123879
95.606901 27.066327
89.786373 26.064679
84.402332 25.115306
79.417485 24.214842
74.798129 23.360168
70.513277 22.548389
66.535029 21.77682
62.838175 21.04297
59.399596 20.344524
56.198327 19.679334
53.215524 19.045402
50.433859 18.44087
47.837339 17.86401
240.04087 42.842939
222.1018 40.862987
205.7192 39.002364
190.74448 37.253249
177.04705 35.608252
164.50587 34.060414
153.01328 32.603206
142.4731 31.230516
132.79742 29.936642
123.90618 28.716269
115.72858 27.56445
108.2007 26.476591
101.26431 25.448423
94.866551 24.475987
88.960443 23.555609
83.503258 22.683883
78.455622 21.857652
73.782611 21.073985
69.452659 20.33017
65.436727 19.623685
61.708663 18.952195
58.244835 18.313532
55.023559 17.705681
52.025168 17.126772
49.231981 16.575065
46.627738 16.048946
44.19742 15.54691
224.19284 37.26228
207.41536 35.540237
192.09104 33.921976
178.08132 32.400699
165.2645 30.969977
153.52771 29.623759
142.77064 28.356364
132.90362 27.16248
123.84469 26.037144
115.51922 24.975734
107.86118 23.97395
100.81094 23.027794
94.314195 22.133554
88.321596 21.287786
82.789302 20.487295
77.677415 19.72912
72.949149 19.010512
68.571876 18.328925
64.516095 17.681998
60.754653 17.067539
57.263091 16.483517
54.0193 15.928045
51.002985 15.399372
48.195734 14.89587
45.580993 14.416029
43.143527 13.958441
40.869262 13.521799
209.18496 32.388492
193.52342 30.891689
179.2152 29.485091
166.13148 28.162793
154.15918 26.919206
143.19336 25.749069
133.1408 24.647447
123.91814 23.609718
115.4492 22.631573
107.66455 21.708993
100.50278 20.838239
93.908447 20.015837
87.830987 19.238561
82.224473 18.503417
77.048085 17.807628
72.264661 17.148619
67.839915 16.524004
63.743439 15.931566
59.947725 15.369255
56.427442 14.835166
53.159768 14.327532
50.124065 13.844714
47.301378 13.385189
44.674508 12.947544
42.227986 12.530464
39.947572 12.132728
37.8201 11.753197
194.96548 28.135184
180.37474 26.834944
167.04105 25.613064
154.84504 24.464412
143.68193 23.384136
133.45449 22.367665
124.07631 21.410709
115.47014 20.509257
107.56535 19.659564
100.29754 18.858139
93.609763 18.101733
87.450573 17.387331
81.773044 16.712128
76.534531 16.073524
71.697127 15.469108
67.226308 14.896641
63.090198 14.354051
59.260526 13.839414
55.711708 13.350947
52.420168 12.886995
49.364662 12.446024
46.525969 12.02661
43.886429 11.627431
41.43001 11.247258
39.142291 10.88495
37.009988 10.539445
35.020811 10.209755
181.49102 24.426081
167.92617 23.297254
155.52577 22.236457
144.17959 21.239234
133.79086 20.301373
124.26977 19.418906
115.53646 18.588108
107.51957 17.805496
100.15379 17.067819
93.37957 16.372047
87.144249 15.71536
81.40022 15.095138
76.10405 14.508949
71.216247 13.954533
66.701703 13.429798
62.528426 12.932801
58.66686 12.461741
55.090786 12.01495
51.776469 11.590878
48.702023 11.188089
45.847719 10.805252
43.1957 10.44113
40.729552 10.094576
38.434363 9.7645214
36.296723 9.4499766
34.304266 9.1500198
32.445548 8.8637935
168.72311 21.193864
156.13946 20.214411
144.63143 19.293986
134.09759 18.428722
124.44889 17.614966
115.60262 16.849273
107.48524 16.128413
100.03101 15.449361
93.179754 14.809299
86.876549 14.205596
81.072828 13.635806
75.724674 13.097657
70.791996 12.589035
66.238323 12.107984
62.031227 11.652685
58.141143 11.221454
54.540737 10.812728
51.205757 10.425059
48.114241 10.057103
45.245922 9.7076138
42.582525 9.3754363
40.107503 9.0594974
37.805635 8.7588009
35.663088 8.4724215
33.667418 8.1994993
31.807144 7.9392346
30.071633 7.6908836
156.62759 18.379176
144.98067 17.529801
134.32442 16.731615
124.56581 15.981265
115.62322 15.275581
107.42073 14.611578
99.890864 13.986453
92.973249 13.397584
86.612592 12.842527
80.758412 12.319
75.366049 11.824882
70.395107 11.358203
65.808686 10.91713
61.573197 10.499965
57.658772 10.105133
54.038165 9.7311726
50.686162 9.3767285
47.580395 9.0405445
44.700593 8.7214553
42.028039 8.4183809
39.545849 8.1303188
37.23873 7.8563387
35.092601 7.5955766
33.094665 7.3472303
31.233403 7.110554
29.49818 6.8848542
27.879139 6.6694858
145.17585 15.929696
134.42132 15.193522
124.57643 14.501714
115.55623 13.851367
107.28614 13.239733
99.696755 12.664225
92.726352 12.122414
86.319697 11.612027
80.426149 11.130944
74.99945 10.677191
69.998664 10.248927
65.386742 9.8444437
61.129821 9.4621549
57.197058 9.1005879
53.561021 8.758377
50.196669 8.4342559
47.080811 8.1270502
44.192869 7.835671
41.514188 7.5591084
39.027527 7.2964261
36.717329 7.0467555
34.569495 6.8092899
32.571038 6.5832809
30.710144 6.3680328
28.976179 6.1628994
27.35932 5.9672797
25.850451 5.7806145
134.34312 13.799383
124.43675 13.161659
115.363 12.562369
107.04459 11.998994
99.413656 11.469156
92.40699 10.970612
85.968331 10.501258
80.04732 10.059126
74.597743 9.6423801
69.577345 9.2493079
64.948727 8.8783169
60.678017 8.5279265
56.734234 8.1967621
53.089138 7.8835483
49.717609 7.5871021
46.596699 7.3063264
43.705137 7.0402041
41.024047 6.7877916
38.536305 6.5482143
36.226075 6.3206612
34.079061 6.1043795
32.082301 5.8986708
30.223844 5.7028864
28.492818 5.516424
26.879431 5.3387236
25.374628 5.1692645
23.970007 5.0075624
124.10633 11.947792
115.00412 11.395639
106.66158 10.876761
99.008672 10.38898
91.983905 9.9302345
85.52992 9.4985847
79.595643 9.0922084
74.13533 8.7094017
69.106954 8.3485745
64.472057 8.0082446
60.19658 7.687033
56.249658 7.3836578
52.603034 7.0969288
49.230934 6.8257419
46.110421 6.5690727
43.220528 6.3259713
40.541801 6.095557
38.056972 5.877013
35.75037 5.6695821
33.607487 5.4725619
31.615222 5.2853008
29.761691 5.1071939
28.035929 4.9376798
26.427954 4.7762367
24.928773 4.62238
23.530067 4.4756588
22.224104 4.3356538
114.44403 10.339432
106.10234 9.8616072
98.451438 9.4125789
91.428135 8.9904609
84.976931 8.5934701
79.045992 8.2199271
73.589138 7.8682555
68.564973 7.5369807
63.935426 7.2247267
59.665617 6.9302106
55.724639 6.6522392
52.084461 6.3897032
48.719396 6.1415726
45.605992 5.9068917
42.723371 5.6847742
40.052433 5.4743982
37.575438 5.2750013
35.276635 5.0858768
33.141721 4.9063693
31.157445 4.7358712
29.311835 4.5738184
27.594023 4.4196875
25.993977 4.2729927
24.502557 4.1332824
23.111528 4.0001372
21.813264 3.873167
20.600673 3.7520089
105.33751 8.9431837
97.712943 8.5298852
90.714454 8.1414945
84.285229 7.77638
78.375377 7.4329994
72.938244 7.1099
67.93224 6.8057186
63.320054 6.5191798
59.067331 6.249093
55.142552 5.9943488
51.517775 5.7539151
48.167629 5.5268323
45.068843 5.3122095
42.200148 5.1092203
39.542601 4.9170979
37.078855 4.7351313
34.792783 4.5626612
32.670059 4.3990763
30.697667 4.2438098
28.863539 4.0963359
27.156764 3.9561669
25.567433 3.8228501
24.08639 3.6959651
22.705293 3.5751215
21.41662 3.4599564
20.213399 3.3501324
19.089143 3.2453356
96.769285 7.731784
89.818825 7.3744691
83.433931 7.0386883
77.563695 6.7230306
72.163429 6.4261627
67.191301 6.1468289
62.61 5.8838505
58.386032 5.6361249
54.488514 5.4026229
50.889073 5.1823852
47.562542 4.9745195
44.486045 4.7781963
41.63857 4.5926453
39.000894 4.4171521
36.555887 4.2510537
34.287847 4.0937354
32.182154 3.9446273
30.225821 3.8032008
28.40704 3.668966
26.714847 3.5414683
25.139329 3.4202859
23.671478 3.3050276
22.302963 3.1953298
21.026185 3.0908551
19.834296 2.9912897
18.720941 2.896342
17.6802 2.8057405
88.721848 6.6813621
82.40307 6.3725913
76.593545 6.0824291
71.247786 5.8096561
66.3259 5.5531202
61.790509 5.3117361
57.608269 5.0844854
53.749229 4.8704153
50.185737 4.6686365
46.892355 4.4783199
43.846501 4.2986943
41.027627 4.1290431
38.416834 3.9687007
35.996807 3.8170496
33.75211 3.673517
31.668575 3.5375717
29.732994 3.408721
27.933629 3.2865085
26.259798 3.1705105
24.701574 3.0603344
23.249975 2.9556156
21.896834 2.856016
20.634592 2.7612215
19.456349 2.6709405
18.355887 2.5849019
17.327427 2.5028535
16.365583 2.4245609
81.177849 5.7710332
75.449084 5.5043323
70.177422 5.2537045
65.322315 5.0180967
60.848246 4.7965136
56.721928 4.588018
52.91367 4.3917301
49.396792 4.206827
46.146635 4.0325404
43.140483 3.8681543
40.358155 3.7130025
37.781268 3.5664661
35.392887 3.4279703
33.177476 3.2969816
31.121172 3.1730052
29.211238 3.0555823
27.435781 2.9442875
25.784224 2.8387263
24.246935 2.738533
22.814954 2.6433682
21.480165 2.5529173
20.235186 2.4668881
19.073176 2.3850093
17.98789 2.307029
16.973695 2.232713
16.025353 2.1618437
15.137976 2.0942184
74.121576 4.982532
68.941793 4.7522707
64.171108 4.5358865
59.77343 4.3324701
55.717204 4.1411623
51.972867 3.9611537
48.51406 3.7916849
45.317101 3.6320453
42.360079 3.4815717
39.622786 3.3396459
37.08726 3.2056927
34.737117 3.0791777
32.55724 2.9596047
30.533743 2.8465132
28.654224 2.7394758
26.907271 2.6380965
25.28221 2.542008
23.769546 2.4508698
22.360621 2.364366
21.047369 2.2822037
19.822482 2.2041112
18.679308 2.1298362
17.611673 2.0591446
16.61394 1.9918188
15.68102 1.9276567
14.80818 1.8664703
13.990997 1.8080847
67.537244 4.2999052
62.866211 4.1011907
58.560362 3.9144521
54.587595 3.7389046
50.919915 3.5738068
47.531108 3.4184602
44.397831 3.2722094
41.499119 3.1344412
38.815567 3.0045831
36.329259 2.8821017
34.024266 2.7665007
31.886042 2.6573188
29.901146 2.5541278
28.057213 2.4565303
26.343189 2.3641575
24.748888 2.2766676
23.264766 2.1937437
21.882325 2.1150917
20.593811 2.0404393
19.391988 1.9695336
18.270294 1.9021401
17.222752 1.8380411
16.243809 1.7770345
15.32839 1.7189326
14.471913 1.663561
13.67011 1.6107574
12.91899 1.5603708
61.408014 3.7092338
57.206609 3.5378166
53.330452 3.3767299
49.75099 3.2252973
46.443389 3.0828788
43.384429 2.948872
40.553467 2.8227114
37.931983 2.7038683
35.502834 2.5918487
33.250185 2.4861924
31.159958 2.3864714
29.219286 2.2922877
27.416264 2.203272
25.739922 2.1190813
24.180448 2.0393976
22.728785 1.9639261
21.37643 1.8923933
20.115807 1.8245457
18.939994 1.7601481
17.842521 1.6989826
16.817517 1.6408468
15.859627 1.585553
14.963873 1.5329268
14.125698 1.4828063
13.340989 1.435041
12.605909 1.3894909
11.916866 1.3460259
55.716478 3.1983821
51.946912 3.0505733
48.46648 2.9116722
45.24976 2.7810956
42.274709 2.6582916
39.52076 2.5427409
36.969667 2.4339558
34.605091 2.3314803
32.411915 2.2348885
30.376181 2.1437837
28.485484 2.0577968
26.72848 1.9765846
25.094664 1.8998285
23.574343 1.8272329
22.158839 1.7585236
20.840131 1.6934464
19.610674 1.6317654
18.463737 1.5732621
17.393166 1.5177336
16.393197 1.4649921
15.458592 1.414863
14.584572 1.3671845
13.766684 1.3218062
13.000853 1.2785885
12.283395 1.2374017
11.610871 1.198125
10.980059 1.1606461
50.446114 2.7567746
47.071994 2.6293741
43.954499 2.5096515
41.070973 2.397104
38.40183 2.2912559
35.928843 2.1916595
33.635886 2.0978946
31.508549 2.0095682
29.533519 1.926313
27.698512 1.8477873
25.992623 1.7736729
24.40588 1.7036739
22.929042 1.6375157
21.553572 1.5749436
20.271827 1.5157212
19.076729 1.4596293
17.961606 1.4064647
16.920504 1.3560391
15.94797 1.3081776
15.038887 1.2627182
14.188599 1.2195105
13.392855 1.1784151
12.647687 1.1393023
11.949458 1.1020517
11.294882 1.0665516
10.680884 1.0326979
10.104582 1.0003939
45.579698 2.3752036
42.566206 2.2654369
39.780196 2.1622855
37.201459 2.0653159
34.812577 1.9741186
32.597382 1.8883076
30.541612 1.8075209
28.632556 1.73142
26.858493 1.6596884
25.20862 1.5920316
23.673366 1.5281755
22.24398 1.4678653
20.912354 1.4108642
19.670991 1.3569528
18.51318 1.3059275
17.432698 1.2575995
16.423667 1.2117935
15.480838 1.1683474
14.599399 1.1271105
13.774822 1.0879433
13.002986 1.0507161
12.28012 1.0153088
11.602701 0.98160964
10.967497 0.94951502
10.371581 0.91892856
9.8122155 0.88976063
9.2868275 0.86192785
41.09879 2.0456576
38.412887 1.9511205
35.928438 1.8622808
33.627408 1.7787653
31.49429 1.7002212
29.514728 1.626316
27.676094 1.5567381
25.967163 1.4911958
24.37761 1.4294166
22.897935 1.3711468
21.519735 1.3161504
20.235344 1.2642078
19.037656 1.2151153
17.920105 1.1686839
16.876811 1.1247381
15.902322 1.0831152
14.991475 1.0436647
14.139663 1.0062464
13.342651 0.97073095
12.596451 0.93699794
11.897427 0.90493583
11.242248 0.87444107
10.627796 0.84541751
10.051207 0.81777584
9.5098859 0.79143307
9.0014015 0.76631201
8.5234644 0.74234086
36.984246 1.7611705
34.594821 1.6797808
32.383683 1.603296
30.334728 1.531395
28.434138 1.4637739
26.669153 1.4001467
25.028573 1.340245
23.502471 1.2838176
22.081737 1.23063
20.758004 1.1804638
19.523898 1.1331155
18.372697 1.0883964
17.298179 1.0461312
16.294601 1.0061569
15.356825 0.96832263
14.480084 0.93248828
13.65986 0.89852405
12.892119 0.86630956
12.173151 0.83573319
11.499457 0.8066914
10.86784 0.77908813
10.275368 0.75283425
9.7192939 0.72784697
9.1970874 0.70404941
8.7064556 0.68137009
8.2452465 0.65974256
7.8114298 0.63910503
33.217026 1.5156883
31.095039 1.4456432
29.130747 1.3798195
27.309773 1.3179405
25.619797 1.2597449
24.049466 1.2049865
22.588835 1.1534343
21.22911 1.1048722
19.962241 1.0590982
18.780852 1.0159246
17.67846 0.97517586
16.649169 0.93668972
15.687532 0.90031573
14.788527 0.86591339
13.94767 0.83335268
13.1608 0.80251315
12.423974 0.77328307
11.73367 0.74555884
11.086649 0.7192444
10.479848 0.69425064
9.9104681 0.6704949
9.3759401 0.64790044
8.8738481 0.62639605
8.4019679 0.60591555
7.9582799 0.5863974
7.5408855 0.5677844
7.1479902 0.55002345
29.77763 1.3039533
27.896141 1.2436933
26.154068 1.1870649
24.538576 1.1338302
23.038678 1.0837644
21.644271 1.0366556
20.346514 0.99230505
19.137612 0.95052685
18.010439 0.91114739
16.958486 0.874005
15.976043 0.83894858
15.057935 0.80583866
14.199389 0.774546
13.396011 0.74494955
12.643888 0.71693745
11.939394 0.69040609
11.27909 0.66525935
10.659908 0.64140809
10.079025 0.61876968
9.5337708 0.59726746
9.0217018 0.5768303
8.5405726 0.5573922
8.0882685 0.53889188
7.6628397 0.52127244
7.2625143 0.50448088
6.885623 0.48846802
6.5305852 0.47318818
26.646123 1.1214021
24.980281 1.0695785
23.43764 1.020878
22.006748 0.97509621
20.677811 0.93203957
19.441836 0.89152597
18.290966 0.8533845
17.218282 0.81745521
16.217474 0.78358884
15.282788 0.75164638
14.409189 0.72149778
13.592126 0.69302317
12.827408 0.66611145
12.11119 0.64065848
11.440053 0.61656803
10.810833 0.59375103
10.220534 0.57212481
9.6664857 0.5516127
9.1462335 0.53214363
8.6574522 0.51365169
8.198015 0.49607571
7.7659659 0.47935891
7.3594599 0.46344862
6.976794 0.44829587
6.616419 0.43385509
6.2768728 0.420084
5.956768 0.40694331
23.80248 0.96407641
22.329486 0.91952338
20.96532 0.87765536
19.699773 0.83829649
18.524117 0.80128047
17.430354 0.76645072
16.411503 0.7336603
15.46142 0.7027717
14.574514 0.67365661
13.745695 0.6461955
12.970516 0.62027664
12.244964 0.59579692
11.565356 0.57266077
10.928315 0.55077869
10.330852 0.53006798
9.7702014 0.51045208
9.2437503 0.49185989
8.7491759 0.47422551
8.2843439 0.45748784
7.8472336 0.44159021
7.4359976 0.42648003
7.0489364 0.4121085
6.6844455 0.39843032
6.3410421 0.3854034
6.017377 0.37298857
5.7121741 0.36114949
5.4242199 0.34985236
21.226915 0.82854375
19.925989 0.79025419
18.721162 0.75427214
17.603336 0.7204465
16.564743 0.68863435
15.59827 0.65870111
14.697715 0.63052049
13.857628 0.60397433
13.07305 0.57895235
12.339476 0.55535182
11.652972 0.53307682
11.009997 0.51203866
10.407306 0.49215507
9.8419289 0.47334922
9.3112439 0.45555009
8.8128335 0.43869186
8.3444142 0.42271342
7.9039634 0.40755814
7.4896256 0.39317351
7.0996456 0.37951081
6.7324203 0.36652487
6.3864759 0.35417374
6.06042 0.34241847
5.7529655 0.3312229
5.4629406 0.32055339
5.1892354 0.31037869
4.9307922 0.30066976
18.899957 0.71183026
17.752241 0.67893444
16.689357 0.64802109
15.703204 0.61896038
14.786868 0.59162951
13.934029 0.56591288
13.13918 0.54170198
12.397483 0.5188953
11.704546 0.49739809
11.056376 0.47712206
10.449494 0.45798496
9.8807705 0.43991048
9.3473412 0.42282782
8.8465923 0.40667106
8.3762193 0.39137923
7.9341033 0.37689576
7.5182467 0.36316815
7.1268853 0.35014773
6.7584042 0.33778941
6.4112778 0.32605133
6.0841152 0.31489466
5.7756393 0.30428339
5.4846432 0.29418404
5.2100117 0.28456553
4.9507296 0.27539899
4.7058342 0.26665758
4.4744064 0.25831631
16.80261 0.61136074
15.791049 0.58310797
14.854353 0.55655787
13.985311 0.53159891
13.177773 0.50812564
12.426127 0.48603875
11.725483 0.46524508
11.071551 0.44565743
10.460438 0.42719441
9.8886095 0.4097802
9.3529866 0.39334422
8.8508025 0.3778209
8.379529 0.36314934
7.9368614 0.349273
7.5207716 0.33613951
7.1293988 0.32370029
6.7609919 0.31191023
6.4140085 0.30072756
6.0870402 0.29011353
5.778759 0.2800322
5.4879565 0.27045022
5.2135252 0.26133665
4.9544196 0.25266275
4.7096739 0.24440182
4.4784102 0.23652908
4.259795 0.22902146
4.0530318 0.2218575
14.916511 0.52490627
14.025732 0.50064887
13.201006 0.47785336
12.435917 0.45642399
11.724996 0.43627019
11.063258 0.41730673
10.446369 0.39945359
9.8705222 0.38263593
9.3322709 0.36678386
8.8284871 0.35183224
8.3564475 0.33772055
7.9137068 0.32439247
7.4980325 0.31179568
7.1073916 0.29988166
6.739997 0.28860543
6.3942114 0.2779253
6.0684967 0.26780253
5.761501 0.25820124
5.4719924 0.24908818
5.1988119 0.24043249
4.9409075 0.23220554
4.6973171 0.22438075
4.4671339 0.21693346
4.2495215 0.20984074
4.0437212 0.20308132
3.8490123 0.19663538
3.6647059 0.1904845
13.224034 0.45053845
12.440237 0.42971784
11.714704 0.41015202
11.041729 0.39175878
10.416451 0.37446039
9.8344466 0.35818368
9.2918689 0.34285998
8.7853475 0.32842505
8.3118297 0.31481891
7.8685493 0.30198562
7.4530987 0.28987325
7.0633172 0.27843348
6.6972337 0.2676214
6.3530542 0.25739537
6.0292029 0.24771676
5.7242373 0.23854978
5.4368041 0.2298612
5.1657156 0.22162022
4.9098919 0.21379829
4.6683188 0.20636893
4.4400784 0.19930756
4.2243328 0.19259139
4.0202946 0.18619922
3.8272385 0.1801114
3.6445083 0.17430964
3.4714814 0.16877696
3.3075624 0.16349752
11.708425 0.38658994
11.019251 0.36872462
10.381461 0.35193599
9.7899817 0.3361535
9.2404937 0.32131045
8.7290724 0.30734407
8.2523076 0.29419542
7.8072133 0.28180939
7.3910882 0.27013451
7.0014866 0.25912276
6.6362809 0.24872959
6.2935625 0.23891356
5.9715914 0.22963615
5.6687847 0.2208616
5.3837521 0.21255678
5.1152221 0.20469095
4.862003 0.19723562
4.6230496 0.19016436
4.3974136 0.18345267
4.1842056 0.17707783
3.9826226 0.17101874
3.7919337 0.16525585
3.611453 0.15977098
3.4405507 0.15454726
3.2786584 0.14956899
3.1252376 0.14482161
2.9797736 0.14029152
10.35386 0.33161988
9.7482692 0.31629492
9.1879857 0.30189356
8.6685017 0.28835525
8.1859805 0.27562281
7.7369412 0.26364238
7.3183614 0.2523634
6.9275964 0.2417386
6.5622565 0.23172382
6.2201801 0.22227788
5.8994873 0.21336255
5.5984928 0.20494229
5.3156613 0.19698407
5.0495962 0.18945721
4.7990715 0.18233328
4.5629664 0.17558593
4.340231 0.1691907
4.1299452 0.16312492
3.9312751 0.15736759
3.7434397 0.1518992
3.5657349 0.14670168
3.3975213 0.14175823
3.2382002 0.13705327
3.0872229 0.13257232
2.9440959 0.12830193
2.8083523 0.12422959
2.6795466 0.12034364
0.00033739416 1517.4826
0.0003479396 1557.518
0.00035876761 1592.8768
0.00036986982 1624.0215
0.0003812382 1651.3654
0.00039286513 1675.2784
0.00040474332 1696.0917
0.00041686589 1714.1027
0.00042922628 1729.5785
0.0004418183 1742.7593
0.00045463607 1753.8615
0.00046767401 1763.0801
0.00048092687 1770.5911
0.00049438965 1776.5534
0.00050805763 1781.1108
0.00052192635 1784.3934
0.00053599155 1786.519
0.00055024922 1787.5945
0.00056469555 1787.717
0.00057932692 1786.9744
0.00059413989 1785.4468
0.0006091312 1783.2071
0.00062429773 1780.3215
0.00063963654 1776.8505
0.00065514479 1772.8491
0.00067081982 1768.3676
0.00068665904 1763.4517
5.0296086 9.7510026e+09 1.3228757
5.0017598 1.114533e+10 1.3601471
4.9635355 1.2405959e+10 1.396424
4.9176487 1.3528065e+10 1.4317821
4.8662538 1.4513741e+10 1.4662878
4.8110435 1.5369399e+10 1.5
4.7533358 1.6103928e+10 1.532971
4.6941489 1.6727426e+10 1.5652476
4.6342637 1.7250356e+10 1.5968719
4.5742739 1.7683009e+10 1.6278821
4.5146268 1.8035174e+10 1.6583124
4.4556554 1.8315966e+10 1.6881943
4.3976041 1.8533734e+10 1.7175564
7
