# Fiducial parameters, omega_b = 0.022237, omega_cdm = 0.12, H0 = 67.36, ln10^{10}A_s = 3.044, n_s = 0.9649, tau_reio = 0.0544, M_tot = 0.3, sigma_NL = 7, beta_0^Euclid = 1, beta_1^Euclid = 1, z_reio = 1, Omega_Lambda = 1, YHe = 1, 100*theta_s = 1, A_s = 0, sigma8 = 0
1.3902994e-08
1.5205296e-08
1.6391742e-08
1.6980802e-08
1.7414584e-08
1.7783878e-08
1.8093578e-08
1.8374509e-08
1.8655669e-08
1.9037013e-08
0
2.4623105e-08
2.46253e-08
2.5917502e-08
2.6871667e-08
2.7684226e-08
2.8365689e-08
2.898386e-08
2.9602551e-08
3.0441729e-08
0
0
3.0565308e-08
2.9832143e-08
3.118049e-08
3.2331562e-08
3.3297328e-08
3.4173431e-08
3.5050283e-08
3.6239642e-08
0
0
0
3.4526819e-08
3.3627967e-08
3.5037025e-08
3.6221394e-08
3.729608e-08
3.8371712e-08
3.9830709e-08
0
0
0
0
3.8068766e-08
3.7185779e-08
3.8584943e-08
3.985619e-08
4.1128783e-08
4.2854971e-08
0
0
0
0
0
4.162648e-08
4.0713671e-08
4.219705e-08
4.3683452e-08
4.5699849e-08
0
0
0
0
0
0
4.5099987e-08
4.4263555e-08
4.5975279e-08
4.8298776e-08
0
0
0
0
0
0
0
4.8733469e-08
4.8155412e-08
5.0824226e-08
0
0
0
0
0
0
0
0
5.2945532e-08
5.3505504e-08
0
0
0
0
0
0
0
0
0
5.9866659e-08
1.2984644e-08
1.4311046e-08
1.5526545e-08
1.6130265e-08
1.6574848e-08
1.6953338e-08
1.7270752e-08
1.7558681e-08
1.7846847e-08
1.8237696e-08
0
2.398434e-08
2.4147567e-08
2.5524797e-08
2.6542012e-08
2.7408288e-08
2.8134807e-08
2.8793851e-08
2.9453452e-08
3.0348125e-08
0
0
3.0354463e-08
2.9772626e-08
3.1235586e-08
3.2484784e-08
3.3532919e-08
3.448375e-08
3.5435396e-08
3.6726213e-08
0
0
0
3.4667314e-08
3.3924554e-08
3.5468807e-08
3.6767035e-08
3.7945066e-08
3.9124139e-08
4.0723454e-08
0
0
0
0
3.8560351e-08
3.7849732e-08
3.9395403e-08
4.0799924e-08
4.2205959e-08
4.411316e-08
0
0
0
0
0
4.2501081e-08
4.1770463e-08
4.3420724e-08
4.5074486e-08
4.731794e-08
0
0
0
0
0
0
4.6374835e-08
4.574103e-08
4.7657114e-08
5.0258138e-08
0
0
0
0
0
0
0
5.0451844e-08
5.0120103e-08
5.3124899e-08
0
0
0
0
0
0
0
0
5.5206669e-08
5.6177355e-08
0
0
0
0
0
0
0
0
0
6.3078376e-08
1.1954309e-08
1.3210233e-08
1.4426705e-08
1.503119e-08
1.5476346e-08
1.5855323e-08
1.6173147e-08
1.6461449e-08
1.674999e-08
1.7141351e-08
0
2.2984206e-08
2.3261368e-08
2.4700514e-08
2.5763786e-08
2.6669319e-08
2.7428766e-08
2.8117681e-08
2.8807181e-08
2.9742415e-08
0
0
2.9683138e-08
2.9227844e-08
3.0787409e-08
3.2119447e-08
3.323714e-08
3.4251079e-08
3.526589e-08
3.6642392e-08
0
0
0
3.4297976e-08
3.3693935e-08
3.5358809e-08
3.6758725e-08
3.8029067e-08
3.9300537e-08
4.1025191e-08
0
0
0
0
3.8508583e-08
3.7957222e-08
3.9638618e-08
4.1166679e-08
4.2696417e-08
4.4771425e-08
0
0
0
0
0
4.2808064e-08
4.2250913e-08
4.406034e-08
4.587378e-08
4.833388e-08
0
0
0
0
0
0
4.7067056e-08
4.6630783e-08
4.8746335e-08
5.16183e-08
0
0
0
0
0
0
0
5.1580552e-08
5.1493895e-08
5.4833266e-08
0
0
0
0
0
0
0
0
5.6880488e-08
5.826802e-08
0
0
0
0
0
0
0
0
0
6.5729533e-08
1.0958064e-08
1.2048664e-08
1.3235496e-08
1.3825586e-08
1.4260149e-08
1.463011e-08
1.4940373e-08
1.5221817e-08
1.5503495e-08
1.5885551e-08
0
2.1744886e-08
2.2074881e-08
2.3545645e-08
2.4632679e-08
2.5558489e-08
2.6334945e-08
2.7039293e-08
2.774424e-08
2.8700431e-08
0
0
2.8638256e-08
2.8273391e-08
2.99031e-08
3.1295488e-08
3.2463882e-08
3.3523823e-08
3.4584678e-08
3.6023642e-08
0
0
0
3.3480437e-08
3.2987192e-08
3.4749076e-08
3.6230917e-08
3.7575645e-08
3.8921576e-08
4.0747237e-08
0
0
0
0
3.7952226e-08
3.7536372e-08
3.933375e-08
4.0967477e-08
4.2603035e-08
4.4821594e-08
0
0
0
0
0
4.2563411e-08
4.2160718e-08
4.4112241e-08
4.6068313e-08
4.8721945e-08
0
0
0
0
0
0
4.7170861e-08
4.6916546e-08
4.9216172e-08
5.2338236e-08
0
0
0
0
0
0
0
5.209176e-08
5.2237336e-08
5.5894112e-08
0
0
0
0
0
0
0
0
5.7914766e-08
5.9707921e-08
0
0
0
0
0
0
0
0
0
6.7731074e-08
9.7623778e-09
1.0580505e-08
1.1702241e-08
1.2260353e-08
1.2671378e-08
1.30213e-08
1.3314759e-08
1.358096e-08
1.3847384e-08
1.4208752e-08
0
1.9986531e-08
2.0291157e-08
2.1754419e-08
2.2836398e-08
2.3757952e-08
2.4530845e-08
2.5231962e-08
2.5933678e-08
2.6885491e-08
0
0
2.6896927e-08
2.6572364e-08
2.8235285e-08
2.9656589e-08
3.0849327e-08
3.1931359e-08
3.3014329e-08
3.4483295e-08
0
0
0
3.1860366e-08
3.1436745e-08
3.3260655e-08
3.4795104e-08
3.6187629e-08
3.7581407e-08
3.9471978e-08
0
0
0
0
3.6508056e-08
3.6190397e-08
3.8072573e-08
3.9783706e-08
4.1496804e-08
4.3820554e-08
0
0
0
0
0
4.1354678e-08
4.1074123e-08
4.3138554e-08
4.5208075e-08
4.8015656e-08
0
0
0
0
0
0
4.6245443e-08
4.6143727e-08
4.8598201e-08
5.1930761e-08
0
0
0
0
0
0
0
5.1515446e-08
5.1864851e-08
5.5800732e-08
0
0
0
0
0
0
0
0
5.78065e-08
5.9970297e-08
0
0
0
0
0
0
0
0
0
6.8528602e-08
8.6154421e-09
9.085526e-09
1.0112861e-08
1.0624432e-08
1.1001193e-08
1.1321945e-08
1.1590942e-08
1.1834953e-08
1.207917e-08
1.2410419e-08
0
1.8009613e-08
1.8206654e-08
1.962083e-08
2.066709e-08
2.155828e-08
2.2305713e-08
2.2983736e-08
2.3662341e-08
2.4582808e-08
0
0
2.4742024e-08
2.4399304e-08
2.6052143e-08
2.746548e-08
2.8651627e-08
2.972769e-08
3.0804688e-08
3.226556e-08
0
0
0
2.9699865e-08
2.9294948e-08
3.113746e-08
3.2688096e-08
3.409538e-08
3.5503938e-08
3.7414564e-08
0
0
0
0
3.4415663e-08
3.4147654e-08
3.6073923e-08
3.7825548e-08
3.9579239e-08
4.1958065e-08
0
0
0
0
0
3.939626e-08
3.9193541e-08
4.1330746e-08
4.3473566e-08
4.6380637e-08
0
0
0
0
0
0
4.4478889e-08
4.4487216e-08
4.7054039e-08
5.0539472e-08
0
0
0
0
0
0
0
5.0011015e-08
5.052016e-08
5.4675504e-08
0
0
0
0
0
0
0
0
5.668103e-08
5.9155293e-08
0
0
0
0
0
0
0
0
0
6.8191128e-08
7.5925796e-09
7.6746092e-09
8.5869526e-09
9.041696e-09
9.3766167e-09
9.6617502e-09
9.9008752e-09
1.0117791e-08
1.0334889e-08
1.0629355e-08
0
1.596401e-08
1.5974226e-08
1.7298616e-08
1.8279099e-08
1.9114329e-08
1.9814834e-08
2.0450289e-08
2.1086291e-08
2.1948975e-08
0
0
2.2320364e-08
2.1896006e-08
2.3491463e-08
2.4856493e-08
2.6002211e-08
2.7041606e-08
2.8081907e-08
2.9493008e-08
0
0
0
2.7131198e-08
2.6686233e-08
2.8497062e-08
3.0021671e-08
3.1405415e-08
3.2790423e-08
3.4669109e-08
0
0
0
0
3.1788102e-08
3.1510999e-08
3.3431957e-08
3.5179238e-08
3.692865e-08
3.9301682e-08
0
0
0
0
0
3.6777463e-08
3.6596515e-08
3.8755584e-08
4.0920746e-08
4.3858186e-08
0
0
0
0
0
0
4.1934011e-08
4.1996149e-08
4.4619047e-08
4.8181026e-08
0
0
0
0
0
0
0
4.7610954e-08
4.8218784e-08
5.2510844e-08
0
0
0
0
0
0
0
0
5.4533297e-08
5.7229506e-08
0
0
0
0
0
0
0
0
0
6.6648561e-08
6.6315057e-09
6.3081933e-09
7.0926273e-09
7.4840241e-09
7.7723026e-09
8.0177282e-09
8.2235526e-09
8.4102608e-09
8.5971265e-09
8.8505874e-09
0
1.3853581e-08
1.360712e-08
1.4805038e-08
1.5692589e-08
1.6448729e-08
1.708291e-08
1.76582e-08
1.8233986e-08
1.9014994e-08
0
0
1.9648445e-08
1.9078261e-08
2.0568142e-08
2.18437e-08
2.2914448e-08
2.3885842e-08
2.4858085e-08
2.6176873e-08
0
0
0
2.416522e-08
2.3616789e-08
2.5341421e-08
2.6794194e-08
2.8112835e-08
2.9432689e-08
3.1223004e-08
0
0
0
0
2.8623182e-08
2.8270412e-08
3.0129889e-08
3.182182e-08
3.3515894e-08
3.5813874e-08
0
0
0
0
0
3.3476682e-08
3.3251171e-08
3.537173e-08
3.7498772e-08
4.0384565e-08
0
0
0
0
0
0
3.856516e-08
3.8611944e-08
4.1221564e-08
4.4765998e-08
0
0
0
0
0
0
0
4.4240094e-08
4.4868529e-08
4.9191317e-08
0
0
0
0
0
0
0
0
5.1249489e-08
5.4049176e-08
0
0
0
0
0
0
0
0
0
6.3716211e-08
5.8380999e-09
5.1383927e-09
5.7971276e-09
6.1261274e-09
6.3684595e-09
6.5747693e-09
6.7477897e-09
6.9047408e-09
7.0618244e-09
7.2748901e-09
0
1.1919319e-08
1.1374445e-08
1.2422591e-08
1.3199859e-08
1.3862119e-08
1.4417569e-08
1.492144e-08
1.5425747e-08
1.61098e-08
0
0
1.7023677e-08
1.6255323e-08
1.7599737e-08
1.8751654e-08
1.971875e-08
2.0596122e-08
2.1474263e-08
2.266541e-08
0
0
0
2.1120281e-08
2.0410502e-08
2.199883e-08
2.3337589e-08
2.4552849e-08
2.5769237e-08
2.741921e-08
0
0
0
0
2.5247172e-08
2.4753352e-08
2.6495921e-08
2.8082124e-08
2.9670426e-08
3.1824939e-08
0
0
0
0
0
2.9818961e-08
2.9479817e-08
3.1498806e-08
3.3524544e-08
3.6272974e-08
0
0
0
0
0
0
3.4688242e-08
3.4644113e-08
3.7164521e-08
4.0588352e-08
0
0
0
0
0
0
0
4.019749e-08
4.0757389e-08
4.4989714e-08
0
0
0
0
0
0
0
0
4.7101168e-08
4.986268e-08
0
0
0
0
0
0
0
0
0
5.9605741e-08
5.146787e-09
4.1094934e-09
4.6519234e-09
4.9230415e-09
5.1227484e-09
5.2927695e-09
5.4353569e-09
5.5647014e-09
5.6941555e-09
5.8697451e-09
0
1.0163258e-08
9.3074325e-09
1.0196793e-08
1.08569e-08
1.1419404e-08
1.1891193e-08
1.2319173e-08
1.2747522e-08
1.3328548e-08
0
0
1.4515471e-08
1.3514296e-08
1.4686021e-08
1.569084e-08
1.6534576e-08
1.7300045e-08
1.8066187e-08
1.9105415e-08
0
0
0
1.8101355e-08
1.7184431e-08
1.8596316e-08
1.9787175e-08
2.0868289e-08
2.1950417e-08
2.3418275e-08
0
0
0
0
2.1787666e-08
2.1095476e-08
2.2672187e-08
2.4108099e-08
2.5546009e-08
2.7496529e-08
0
0
0
0
0
2.5945426e-08
2.5427342e-08
2.7284878e-08
2.9149253e-08
3.1678839e-08
0
0
0
0
0
0
3.044875e-08
3.0237976e-08
3.2592834e-08
3.5792414e-08
0
0
0
0
0
0
0
3.5624389e-08
3.6021771e-08
4.0035611e-08
0
0
0
0
0
0
0
0
4.221429e-08
4.478059e-08
0
0
0
0
0
0
0
0
0
5.4397009e-08
4.5936273e-09
3.2700481e-09
3.7123187e-09
3.9334649e-09
4.0963674e-09
4.2350554e-09
4.3513654e-09
4.4568732e-09
4.5624704e-09
4.7057012e-09
0
8.6878825e-09
7.5420711e-09
8.2807231e-09
8.8293719e-09
9.2969507e-09
9.6891286e-09
1.004489e-08
1.0400959e-08
1.0883942e-08
0
0
1.2312054e-08
1.107012e-08
1.2061461e-08
1.29123e-08
1.3626861e-08
1.4275147e-08
1.4924004e-08
1.5804144e-08
0
0
0
1.5354653e-08
1.4207246e-08
1.5421433e-08
1.6446283e-08
1.737679e-08
1.830818e-08
1.9571571e-08
0
0
0
0
1.8537184e-08
1.7608882e-08
1.8986937e-08
2.0242596e-08
2.1500098e-08
2.3205905e-08
0
0
0
0
0
2.2187478e-08
2.1440538e-08
2.3090442e-08
2.4747063e-08
2.6994854e-08
0
0
0
0
0
0
2.6207308e-08
2.5765925e-08
2.7890412e-08
3.0777659e-08
0
0
0
0
0
0
0
3.0902215e-08
3.1051257e-08
3.4729335e-08
0
0
0
0
0
0
0
0
3.6981838e-08
3.9199033e-08
0
0
0
0
0
0
0
0
0
4.8474249e-08
4.1196266e-09
2.5450708e-09
2.900334e-09
3.0780253e-09
3.2089203e-09
3.3203586e-09
3.413816e-09
3.4985936e-09
3.5834432e-09
3.6985324e-09
0
7.4132306e-09
6.0141962e-09
6.6194104e-09
7.0691363e-09
7.4524395e-09
7.7739353e-09
8.0655782e-09
8.3574739e-09
8.7534098e-09
0
0
1.0388258e-08
8.9209021e-09
9.7415923e-09
1.0446421e-08
1.1038441e-08
1.157556e-08
1.2113153e-08
1.284237e-08
0
0
0
1.2910688e-08
1.1533839e-08
1.2549811e-08
1.3407909e-08
1.4187097e-08
1.4967033e-08
1.6024984e-08
0
0
0
0
1.5580203e-08
1.440304e-08
1.5570459e-08
1.6634745e-08
1.770068e-08
1.9146632e-08
0
0
0
0
0
1.8682784e-08
1.7680236e-08
1.9097152e-08
2.0520417e-08
2.2451659e-08
0
0
0
0
0
0
2.2149217e-08
2.1434826e-08
2.3285468e-08
2.5801196e-08
0
0
0
0
0
0
0
2.6259207e-08
2.6094623e-08
2.9347186e-08
0
0
0
0
0
0
0
0
3.1670885e-08
3.3408293e-08
0
0
0
0
0
0
0
0
0
4.2139714e-08
3.7557273e-09
1.9673082e-09
2.2476023e-09
2.3878794e-09
2.4912153e-09
2.5791911e-09
2.6529717e-09
2.7199001e-09
2.7868853e-09
2.8777437e-09
0
6.361279e-09
4.7475438e-09
5.2392486e-09
5.604684e-09
5.9161572e-09
6.1774071e-09
6.4143985e-09
6.6515956e-09
6.9733371e-09
0
0
8.7863333e-09
7.1244939e-09
7.796648e-09
8.3740869e-09
8.859145e-09
9.2992264e-09
9.7396963e-09
1.0337171e-08
0
0
0
1.085418e-08
9.2709044e-09
1.0107236e-08
1.0813899e-08
1.1455627e-08
1.2097977e-08
1.2969299e-08
0
0
0
0
1.3054051e-08
1.1642212e-08
1.2609734e-08
1.3492142e-08
1.4375976e-08
1.5574912e-08
0
0
0
0
0
1.5629773e-08
1.4373727e-08
1.5558449e-08
1.6748913e-08
1.8364328e-08
0
0
0
0
0
0
1.8535767e-08
1.7536613e-08
1.9100478e-08
2.1226903e-08
0
0
0
0
0
0
0
2.2021607e-08
2.1511933e-08
2.4294861e-08
0
0
0
0
0
0
0
0
2.6677581e-08
2.7852162e-08
0
0
0
0
0
0
0
0
0
3.5882582e-08
3.4730024e-09
1.507161e-09
1.7230243e-09
1.8311788e-09
1.9108542e-09
1.9786867e-09
2.0355742e-09
2.0871784e-09
2.1388264e-09
2.2088815e-09
0
5.4858086e-09
3.6830883e-09
4.0758581e-09
4.367854e-09
4.6167397e-09
4.8254949e-09
5.0148661e-09
5.2044018e-09
5.4614943e-09
0
0
7.4338219e-09
5.6070882e-09
6.1530661e-09
6.6221544e-09
7.0162075e-09
7.373724e-09
7.7315564e-09
8.2169382e-09
0
0
0
9.1175731e-09
7.3589122e-09
8.0418545e-09
8.6189882e-09
9.1431075e-09
9.6677364e-09
1.0379376e-08
0
0
0
0
1.0916078e-08
9.300293e-09
1.0093084e-08
1.0816276e-08
1.1540664e-08
1.2523313e-08
0
0
0
0
0
1.302842e-08
1.1544254e-08
1.2518976e-08
1.3498647e-08
1.4828061e-08
0
0
0
0
0
0
1.5422073e-08
1.4156022e-08
1.5449943e-08
1.7209659e-08
0
0
0
0
0
0
0
1.8311787e-08
1.7463465e-08
1.9784024e-08
0
0
0
0
0
0
0
0
2.2208254e-08
2.2799016e-08
0
0
0
0
0
0
0
0
0
3.0045055e-08
3.2567199e-09
1.1527077e-09
1.3164338e-09
1.3985411e-09
1.4590318e-09
1.5105312e-09
1.553721e-09
1.5928997e-09
1.6321116e-09
1.6852984e-09
0
4.7851681e-09
2.8137367e-09
3.1185381e-09
3.3453442e-09
3.538683e-09
3.700849e-09
3.8479572e-09
3.9951932e-09
4.1949091e-09
0
0
6.303826e-09
4.3312189e-09
4.7663549e-09
5.1403552e-09
5.454547e-09
5.7396081e-09
6.0249215e-09
6.4119353e-09
0
0
0
7.6514895e-09
5.7423537e-09
6.2938752e-09
6.7600045e-09
7.1833229e-09
7.6070538e-09
8.1818295e-09
0
0
0
0
9.1084597e-09
7.3201981e-09
7.9649139e-09
8.5530598e-09
9.1421867e-09
9.9413521e-09
0
0
0
0
0
1.0829587e-08
9.1517761e-09
9.947601e-09
1.0747524e-08
1.1833033e-08
0
0
0
0
0
0
1.278606e-08
1.128914e-08
1.2348642e-08
1.378968e-08
0
0
0
0
0
0
0
1.5154418e-08
1.4004026e-08
1.591077e-08
0
0
0
0
0
0
0
0
1.8361237e-08
1.8407659e-08
0
0
0
0
0
0
0
0
0
2.4874766e-08
3.0936154e-09
8.8569487e-10
1.0099571e-09
1.0722631e-09
1.1181672e-09
1.1572483e-09
1.1900235e-09
1.2197547e-09
1.2495112e-09
1.2898727e-09
0
4.2529125e-09
2.1425711e-09
2.3734759e-09
2.5454885e-09
2.6921437e-09
2.8151552e-09
2.9267446e-09
3.038431e-09
3.1899262e-09
0
0
5.4034275e-09
3.2995909e-09
3.6353577e-09
3.9242547e-09
4.1669945e-09
4.3872315e-09
4.6076635e-09
4.9066689e-09
0
0
0
6.4462793e-09
4.4015467e-09
4.8353383e-09
5.2021775e-09
5.5353471e-09
5.8688431e-09
6.3212188e-09
0
0
0
0
7.5973654e-09
5.6572848e-09
6.1721796e-09
6.6419954e-09
7.1126056e-09
7.7510015e-09
0
0
0
0
0
8.9776885e-09
7.1336924e-09
7.7761233e-09
8.421905e-09
9.2982477e-09
0
0
0
0
0
0
1.0561962e-08
8.8697072e-09
9.730617e-09
1.0901575e-08
0
0
0
0
0
0
0
1.2490355e-08
1.1084239e-08
1.2639862e-08
0
0
0
0
0
0
0
0
1.5110362e-08
1.4687249e-08
0
0
0
0
0
0
0
0
0
2.0455304e-08
2.970457e-09
6.8359365e-10
7.780169e-10
8.2535335e-10
8.6022777e-10
8.899186e-10
9.148187e-10
9.3740624e-10
9.6001294e-10
9.9067646e-10
0
3.8514455e-09
1.637378e-09
1.8119239e-09
1.9419569e-09
2.0528303e-09
2.1458302e-09
2.2301947e-09
2.3146325e-09
2.4291668e-09
0
0
4.7203435e-09
2.5087505e-09
2.7617789e-09
2.9796999e-09
3.162846e-09
3.3290177e-09
3.4953367e-09
3.7209404e-09
0
0
0
5.5053599e-09
3.3410468e-09
3.6708512e-09
3.9500414e-09
4.203646e-09
4.4575022e-09
4.8018493e-09
0
0
0
0
6.3820409e-09
4.3042192e-09
4.7017582e-09
5.0647305e-09
5.4283468e-09
5.9216045e-09
0
0
0
0
0
7.4519203e-09
5.4576471e-09
5.96196e-09
6.4690749e-09
7.1572617e-09
0
0
0
0
0
0
8.7016351e-09
6.8363983e-09
7.5219545e-09
8.4545163e-09
0
0
0
0
0
0
0
1.024445e-08
8.6174494e-09
9.8700382e-09
0
0
0
0
0
0
0
0
1.2362762e-08
1.154141e-08
0
0
0
0
0
0
0
0
0
1.6718152e-08
2.8772636e-09
5.3136242e-10
6.0313272e-10
6.3911928e-10
6.6563184e-10
6.8820364e-10
7.0713339e-10
7.2430505e-10
7.4149126e-10
7.6480245e-10
0
3.5466189e-09
1.2537471e-09
1.3860223e-09
1.4845245e-09
1.568507e-09
1.6389506e-09
1.7028533e-09
1.7668116e-09
1.8535666e-09
0
0
4.2055043e-09
1.9146138e-09
2.1058483e-09
2.270493e-09
2.4088665e-09
2.5344164e-09
2.6600778e-09
2.8305313e-09
0
0
0
4.7986352e-09
2.5413678e-09
2.7891948e-09
2.9990614e-09
3.1897164e-09
3.380563e-09
3.6394399e-09
0
0
0
0
5.456345e-09
3.2634835e-09
3.5622846e-09
3.8352879e-09
4.1088075e-09
4.4798486e-09
0
0
0
0
0
6.2601918e-09
4.1330904e-09
4.5152264e-09
4.8997207e-09
5.421535e-09
0
0
0
0
0
0
7.209327e-09
5.1869364e-09
5.7135723e-09
6.4302002e-09
0
0
0
0
0
0
0
8.4000121e-09
6.572178e-09
7.5500452e-09
0
0
0
0
0
0
0
0
1.0064959e-08
8.8892093e-09
0
0
0
0
0
0
0
0
0
1.3557038e-08
2.8058703e-09
4.1630414e-10
4.7132843e-10
4.9890376e-10
5.1921949e-10
5.3651555e-10
5.5102081e-10
5.6417889e-10
5.7734812e-10
5.9521068e-10
0
3.3182355e-09
9.6476319e-10
1.0644268e-09
1.1386791e-09
1.201988e-09
1.2550907e-09
1.3032625e-09
1.3514762e-09
1.4168748e-09
0
0
3.8136941e-09
1.462056e-09
1.6065652e-09
1.7309639e-09
1.8355031e-09
1.9303533e-09
2.0252876e-09
2.1540613e-09
0
0
0
4.2622977e-09
1.9369939e-09
2.1246367e-09
2.2834538e-09
2.4277224e-09
2.5721356e-09
2.7680272e-09
0
0
0
0
4.7606851e-09
2.4831499e-09
2.7084067e-09
2.9141724e-09
3.1203287e-09
3.3999893e-09
0
0
0
0
0
5.3660473e-09
3.1360092e-09
3.4224925e-09
3.7107983e-09
4.1020863e-09
0
0
0
0
0
0
6.0763386e-09
3.9239232e-09
4.3183503e-09
4.8552458e-09
0
0
0
0
0
0
0
6.9678799e-09
4.9640869e-09
5.7010408e-09
0
0
0
0
0
0
0
0
8.2271759e-09
6.7297108e-09
0
0
0
0
0
0
0
0
0
1.0931973e-08
2.7505612e-09
3.2852106e-10
3.7116071e-10
3.9251961e-10
4.0825494e-10
4.2165138e-10
4.3288624e-10
4.4307766e-10
4.532777e-10
4.6711288e-10
0
3.1469836e-09
7.4923818e-10
8.2483077e-10
8.8112393e-10
9.2912087e-10
9.6938029e-10
1.0059015e-09
1.0424543e-09
1.0920357e-09
0
0
3.5218061e-09
1.123403e-09
1.2317317e-09
1.3250306e-09
1.4034441e-09
1.4745904e-09
1.5457997e-09
1.6423916e-09
0
0
0
3.8573574e-09
1.4784302e-09
1.6191332e-09
1.7382739e-09
1.8465021e-09
1.9548384e-09
2.1017927e-09
0
0
0
0
4.2310194e-09
1.8891303e-09
2.0589492e-09
2.2140535e-09
2.3694443e-09
2.5802384e-09
0
0
0
0
0
4.6881333e-09
2.3829532e-09
2.5994382e-09
2.8172295e-09
3.1128063e-09
0
0
0
0
0
0
5.2253082e-09
2.9779258e-09
3.2749821e-09
3.6792804e-09
0
0
0
0
0
0
0
5.8958839e-09
3.7578363e-09
4.3096224e-09
0
0
0
0
0
0
0
0
6.836521e-09
5.0749491e-09
0
0
0
0
0
0
0
0
0
8.8632605e-09
2.7068813e-09
2.6039591e-10
2.9380704e-10
3.1053299e-10
3.2285489e-10
3.3334526e-10
3.4214295e-10
3.5012355e-10
3.5811089e-10
3.689448e-10
0
3.0169392e-09
5.8644672e-10
6.4431992e-10
6.8740411e-10
7.2413563e-10
7.5494535e-10
7.8289425e-10
8.1086737e-10
8.488109e-10
0
0
3.3030106e-09
8.7072843e-10
9.5271514e-10
1.0232796e-09
1.08258e-09
1.1363845e-09
1.1902366e-09
1.2632843e-09
0
0
0
3.5566399e-09
1.1379931e-09
1.2434957e-09
1.3328161e-09
1.4139591e-09
1.4951836e-09
1.6053618e-09
0
0
0
0
3.8362393e-09
1.4441676e-09
1.5707009e-09
1.6863179e-09
1.8021564e-09
1.9592965e-09
0
0
0
0
0
4.1761377e-09
1.811392e-09
1.9728582e-09
2.1353496e-09
2.3558784e-09
0
0
0
0
0
0
4.576914e-09
2.2566715e-09
2.4795307e-09
2.782838e-09
0
0
0
0
0
0
0
5.0810802e-09
2.844447e-09
3.2601555e-09
0
0
0
0
0
0
0
0
5.7905066e-09
3.8364199e-09
0
0
0
0
0
0
0
0
0
7.3077125e-09
2.6718442e-09
2.0660969e-10
2.3305064e-10
2.4627977e-10
2.5602528e-10
2.6432219e-10
2.7128035e-10
2.7759227e-10
2.8390952e-10
2.9247814e-10
0
2.9168229e-09
4.6221878e-10
5.0702316e-10
5.4035953e-10
5.6877894e-10
5.9261651e-10
6.1424063e-10
6.3588347e-10
6.6524042e-10
0
0
3.1375776e-09
6.8018558e-10
7.4269457e-10
7.9648541e-10
8.4168752e-10
8.8269989e-10
9.2374856e-10
9.7942891e-10
0
0
0
3.3304911e-09
8.8274553e-10
9.6259891e-10
1.0301836e-09
1.091575e-09
1.1530276e-09
1.2363858e-09
0
0
0
0
3.5417645e-09
1.1136013e-09
1.2088103e-09
1.2957634e-09
1.3828783e-09
1.5010534e-09
0
0
0
0
0
3.7972018e-09
1.3885614e-09
1.5090709e-09
1.6303301e-09
1.7949021e-09
0
0
0
0
0
0
4.0956097e-09
1.7188469e-09
1.88403e-09
2.1088868e-09
0
0
0
0
0
0
0
4.468423e-09
2.1532911e-09
2.4612558e-09
0
0
0
0
0
0
0
0
4.9944596e-09
2.8917061e-09
0
0
0
0
0
0
0
0
0
6.1314277e-09
2.6433993e-09
1.6344382e-10
1.8450751e-10
1.9504125e-10
2.0280093e-10
2.0940718e-10
2.1494748e-10
2.1997322e-10
2.2500321e-10
2.3182581e-10
0
2.8383194e-09
3.6572862e-10
4.0081583e-10
4.2690878e-10
4.4915136e-10
4.6780773e-10
4.8473174e-10
5.0167041e-10
5.2464648e-10
0
0
3.0107039e-09
5.3491412e-10
5.8314716e-10
6.246289e-10
6.594831e-10
6.9110642e-10
7.2275771e-10
7.6569099e-10
0
0
0
3.1592386e-09
6.9013944e-10
7.5109869e-10
8.0267101e-10
8.4951596e-10
8.9640748e-10
9.6001402e-10
0
0
0
0
3.3201408e-09
8.651743e-10
9.3719809e-10
1.0029735e-09
1.0688704e-09
1.1582621e-09
0
0
0
0
0
3.5128848e-09
1.0720703e-09
1.1627118e-09
1.2539046e-09
1.3776665e-09
0
0
0
0
0
0
3.7369765e-09
1.3197129e-09
1.4434166e-09
1.6117663e-09
0
0
0
0
0
0
0
4.0158209e-09
1.6436028e-09
1.8726056e-09
0
0
0
0
0
0
0
0
4.4056568e-09
2.1882914e-09
0
0
0
0
0
0
0
0
0
5.241995e-09
2.6201791e-09
1.2840093e-10
1.4521714e-10
1.536241e-10
1.5981695e-10
1.6508928e-10
1.6951089e-10
1.7352184e-10
1.7753618e-10
1.8298118e-10
0
2.7756908e-09
2.8943818e-10
3.1717742e-10
3.3779565e-10
3.5537001e-10
3.701107e-10
3.8348262e-10
3.9686611e-10
4.1501984e-10
0
0
2.9116994e-09
4.2224181e-10
4.5988223e-10
4.9223684e-10
5.1941942e-10
5.4408199e-10
5.6876635e-10
6.0224934e-10
0
0
0
3.0273888e-09
5.4257865e-10
5.896675e-10
6.2948912e-10
6.6565776e-10
7.0186203e-10
7.5097171e-10
0
0
0
0
3.1513878e-09
6.7691142e-10
7.3204107e-10
7.8236819e-10
8.3278501e-10
9.011771e-10
0
0
0
0
0
3.298574e-09
8.3425723e-10
9.0299779e-10
9.7213772e-10
1.0659693e-09
0
0
0
0
0
0
3.4680761e-09
1.0207629e-09
1.1137442e-09
1.2402816e-09
0
0
0
0
0
0
0
3.6770426e-09
1.2627481e-09
1.4338114e-09
0
0
0
0
0
0
0
0
3.9676625e-09
1.6681657e-09
0
0
0
0
0
0
0
0
0
4.587021e-09
2.6012494e-09
9.9805779e-11
1.1319323e-10
1.198852e-10
1.2481466e-10
1.2901139e-10
1.3253096e-10
1.3572365e-10
1.3891905e-10
1.4325324e-10
0
2.7250485e-09
2.2816916e-10
2.502243e-10
2.6661117e-10
2.8057795e-10
2.9229265e-10
3.0291956e-10
3.1355567e-10
3.2798279e-10
0
0
2.8330892e-09
3.3330163e-10
3.6295861e-10
3.8843851e-10
4.098431e-10
4.2926313e-10
4.4870029e-10
4.7506575e-10
0
0
0
2.9241145e-09
4.2761509e-10
4.6439475e-10
4.9548374e-10
5.237186e-10
5.5198107e-10
5.9031799e-10
0
0
0
0
3.0207735e-09
5.319029e-10
5.7457343e-10
6.1351284e-10
6.5251972e-10
7.0543366e-10
0
0
0
0
0
3.1344271e-09
6.5287928e-10
7.0559393e-10
7.5860272e-10
8.3054037e-10
0
0
0
0
0
0
3.26406e-09
7.9495212e-10
8.6564739e-10
9.6183763e-10
0
0
0
0
0
0
0
3.4224987e-09
9.7769815e-10
1.1066189e-09
0
0
0
0
0
0
0
0
3.6406981e-09
1.2804812e-09
0
0
0
0
0
0
0
0
0
4.0998304e-09
2.585941e-09
7.6518147e-11
8.7094326e-11
9.2381414e-11
9.6275998e-11
9.9591675e-11
1.0237235e-10
1.0489478e-10
1.0741935e-10
1.1084365e-10
0
2.683801e-09
1.7845372e-10
1.9600526e-10
2.0904277e-10
2.2015435e-10
2.2947418e-10
2.379286e-10
2.4639034e-10
2.578681e-10
0
0
2.7698064e-09
2.6203026e-10
2.8553403e-10
3.0571956e-10
3.226751e-10
3.3805843e-10
3.5345533e-10
3.7434039e-10
0
0
0
2.8418993e-09
3.365278e-10
3.6549868e-10
3.8997715e-10
4.1220684e-10
4.3445813e-10
4.6464111e-10
0
0
0
0
2.9179303e-09
4.1828891e-10
4.5165264e-10
4.820888e-10
5.1257603e-10
5.5393268e-10
0
0
0
0
0
3.0066238e-09
5.123408e-10
5.5321865e-10
5.9431283e-10
6.500795e-10
0
0
0
0
0
0
3.1069049e-09
6.2180435e-10
6.7614399e-10
7.5006575e-10
0
0
0
0
0
0
0
3.2283301e-09
7.6122748e-10
8.593788e-10
0
0
0
0
0
0
0
0
3.393782e-09
9.8967086e-10
0
0
0
0
0
0
0
0
0
3.7372397e-09
2.5737307e-09
5.7717052e-11
6.5972345e-11
7.0100312e-11
7.3141081e-11
7.572986e-11
7.7900931e-11
7.9870368e-11
8.1841478e-11
8.4515079e-11
0
2.6502057e-09
1.3797672e-10
1.518862e-10
1.6221752e-10
1.7102248e-10
1.7840761e-10
1.8510699e-10
1.9181218e-10
2.0090729e-10
0
0
2.7184646e-09
2.0436181e-10
2.2300966e-10
2.3902086e-10
2.5246922e-10
2.646705e-10
2.7688254e-10
2.9344752e-10
0
0
0
2.7756721e-09
2.6340878e-10
2.8632897e-10
3.056891e-10
3.232697e-10
3.4086728e-10
3.6473769e-10
0
0
0
0
2.8357861e-09
3.2791626e-10
3.5418441e-10
3.7814067e-10
4.0213598e-10
4.3468608e-10
0
0
0
0
0
2.9055302e-09
4.0166167e-10
4.336418e-10
4.657827e-10
5.0939811e-10
0
0
0
0
0
0
2.9838359e-09
4.8684317e-10
5.2903482e-10
5.8642038e-10
0
0
0
0
0
0
0
3.0778732e-09
5.9437568e-10
6.6992048e-10
0
0
0
0
0
0
0
0
3.2047332e-09
7.6862113e-10
0
0
0
0
0
0
0
0
0
3.4641024e-09
2.5641683e-09
4.2754599e-11
4.9098215e-11
5.2271695e-11
5.4609401e-11
5.6599625e-11
5.8268721e-11
5.9782805e-11
6.1298177e-11
6.3353622e-11
0
2.6230335e-09
1.0514606e-10
1.1607106e-10
1.2418636e-10
1.3110271e-10
1.3690378e-10
1.4216618e-10
1.4743315e-10
1.5457744e-10
0
0
2.6767796e-09
1.575664e-10
1.7230398e-10
1.8495666e-10
1.9558378e-10
2.0522539e-10
2.1487551e-10
2.2796539e-10
0
0
0
2.7220335e-09
2.0429483e-10
2.2242003e-10
2.3772718e-10
2.5162683e-10
2.6553986e-10
2.8441234e-10
0
0
0
0
2.7695804e-09
2.552784e-10
2.7601241e-10
2.9491764e-10
3.1385299e-10
3.3953912e-10
0
0
0
0
0
2.8246072e-09
3.1336531e-10
3.3851305e-10
3.6378189e-10
3.9807104e-10
0
0
0
0
0
0
2.8861141e-09
3.8010913e-10
4.1310769e-10
4.5798223e-10
0
0
0
0
0
0
0
2.9595237e-09
4.6377545e-10
5.2244228e-10
0
0
0
0
0
0
0
0
3.0577238e-09
5.9801512e-10
0
0
0
0
0
0
0
0
0
3.255629e-09
2.5568393e-09
3.1068773e-11
3.5854314e-11
3.8249821e-11
4.0014487e-11
4.151685e-11
4.2776805e-11
4.3919746e-11
4.5063661e-11
4.6615267e-11
0
2.601341e-09
7.87897e-11
8.7258842e-11
9.3551458e-11
9.8914541e-11
1.0341282e-10
1.0749341e-10
1.1157754e-10
1.171174e-10
0
0
2.6431429e-09
1.1975061e-10
1.3129784e-10
1.412122e-10
1.495394e-10
1.5709437e-10
1.6465601e-10
1.74913e-10
0
0
0
2.6786574e-09
1.5649241e-10
1.7074958e-10
1.8278952e-10
1.9372221e-10
2.0466541e-10
2.1950944e-10
0
0
0
0
2.7160935e-09
1.9665979e-10
2.1298803e-10
2.2787439e-10
2.4278414e-10
2.6300944e-10
0
0
0
0
0
2.7594448e-09
2.4240632e-10
2.6219266e-10
2.8207142e-10
3.0904591e-10
0
0
0
0
0
0
2.8078255e-09
2.9484129e-10
3.2073202e-10
3.5593618e-10
0
0
0
0
0
0
0
2.8653648e-09
3.6027597e-10
4.0608922e-10
0
0
0
0
0
0
0
0
2.9418749e-09
4.6447606e-10
0
0
0
0
0
0
0
0
0
3.0942286e-09
2.5513526e-09
2.2139974e-11
2.567743e-11
2.7449531e-11
2.8755003e-11
2.9866431e-11
3.0798529e-11
3.1644063e-11
3.2490319e-11
3.3638181e-11
0
2.5843292e-09
5.7959034e-11
6.4416998e-11
6.921721e-11
7.3308538e-11
7.6740152e-11
7.9853125e-11
8.2968805e-11
8.7195023e-11
0
0
2.6163287e-09
8.9507615e-11
9.8440634e-11
1.0611217e-10
1.125558e-10
1.1840189e-10
1.2425315e-10
1.3219009e-10
0
0
0
2.6438622e-09
1.1808471e-10
1.291899e-10
1.3856884e-10
1.470853e-10
1.5560995e-10
1.6717331e-10
0
0
0
0
2.6730696e-09
1.4948329e-10
1.6225258e-10
1.7389409e-10
1.8555381e-10
2.0137039e-10
0
0
0
0
0
2.707011e-09
1.8533447e-10
2.0083793e-10
2.1641272e-10
2.3754675e-10
0
0
0
0
0
0
2.7449411e-09
2.2644417e-10
2.4672936e-10
2.7430929e-10
0
0
0
0
0
0
0
2.7900194e-09
2.7766057e-10
3.1348268e-10
0
0
0
0
0
0
0
0
2.8497748e-09
3.5884971e-10
0
0
0
0
0
0
0
0
0
2.9677553e-09
2.5473433e-09
1.5477971e-11
1.8037744e-11
1.93212e-11
2.0266738e-11
2.1071733e-11
2.1746841e-11
2.2359253e-11
2.2972188e-11
2.3803577e-11
0
2.5712698e-09
4.1816717e-11
4.6648273e-11
5.0241489e-11
5.3304278e-11
5.5873219e-11
5.8203626e-11
6.0536061e-11
6.3699862e-11
0
0
2.5953126e-09
6.5693763e-11
7.2494147e-11
7.8336331e-11
8.3243719e-11
8.7696056e-11
9.2152331e-11
9.8197056e-11
0
0
0
2.6163264e-09
8.7598848e-11
9.6131957e-11
1.0334014e-10
1.0988564e-10
1.1643744e-10
1.2532472e-10
0
0
0
0
2.6388182e-09
1.1185165e-10
1.2172725e-10
1.307314e-10
1.3974969e-10
1.5198315e-10
0
0
0
0
0
2.6651156e-09
1.3968819e-10
1.5173247e-10
1.6383226e-10
1.8025089e-10
0
0
0
0
0
0
2.694622e-09
1.7170757e-10
1.8750692e-10
2.0898711e-10
0
0
0
0
0
0
0
2.7297605e-09
2.116451e-10
2.3956557e-10
0
0
0
0
0
0
0
0
2.776336e-09
2.7487131e-10
0
0
0
0
0
0
0
0
0
2.8678823e-09
2.5444822e-09
1.0626739e-11
1.2440016e-11
1.3350058e-11
1.4020528e-11
1.4591344e-11
1.5070058e-11
1.5504315e-11
1.5938943e-11
1.6528476e-11
0
2.5614778e-09
2.9585603e-11
3.3126363e-11
3.5761332e-11
3.8007524e-11
3.9891557e-11
4.1600653e-11
4.3311238e-11
4.5631542e-11
0
0
2.5791748e-09
4.7302637e-11
5.2384051e-11
5.6751615e-11
6.042066e-11
6.3749511e-11
6.708131e-11
7.1600742e-11
0
0
0
2.594921e-09
6.3802356e-11
7.0250873e-11
7.5699899e-11
8.0648186e-11
8.5601262e-11
9.2319939e-11
0
0
0
0
2.6119625e-09
8.2251265e-11
8.9778547e-11
9.6642781e-11
1.0351795e-10
1.1284425e-10
0
0
0
0
0
2.6320534e-09
1.0358537e-10
1.1282768e-10
1.2211332e-10
1.3471341e-10
0
0
0
0
0
0
2.6547405e-09
1.2826168e-10
1.4044502e-10
1.5700928e-10
0
0
0
0
0
0
0
2.6818807e-09
1.5915667e-10
1.8075747e-10
0
0
0
0
0
0
0
0
2.7179549e-09
2.0815651e-10
0
0
0
0
0
0
0
0
0
2.7888354e-09
2.5424417e-09
7.1310802e-12
8.3891351e-12
9.0211538e-12
9.4868163e-12
9.8832666e-12
1.021575e-11
1.0517356e-11
1.0819221e-11
1.1228673e-11
0
2.5542651e-09
2.0489142e-11
2.3028749e-11
2.4920088e-11
2.6532538e-11
2.7885025e-11
2.9111931e-11
3.0339907e-11
3.2005584e-11
0
0
2.567013e-09
3.3359578e-11
3.7080045e-11
4.0279773e-11
4.2968065e-11
4.5407125e-11
4.7848347e-11
5.1159757e-11
0
0
0
2.5785755e-09
4.5546311e-11
5.0328198e-11
5.4370639e-11
5.8041829e-11
6.1716593e-11
6.6701289e-11
0
0
0
0
2.591249e-09
5.9331289e-11
6.4970527e-11
7.0114351e-11
7.5266547e-11
8.2255619e-11
0
0
0
0
0
2.6063417e-09
7.5422063e-11
8.240589e-11
8.9423497e-11
9.8946121e-11
0
0
0
0
0
0
2.623528e-09
9.4175882e-11
1.0344598e-10
1.160502e-10
0
0
0
0
0
0
0
2.644226e-09
1.177991e-10
1.3432597e-10
0
0
0
0
0
0
0
0
2.6718852e-09
1.5544243e-10
0
0
0
0
0
0
0
0
0
2.7264265e-09
2.5410914e-09
4.7480331e-12
5.6050484e-12
6.0360099e-12
6.3535539e-12
6.6239017e-12
6.8506291e-12
7.056301e-12
7.2621494e-12
7.5413643e-12
0
2.5491657e-09
1.397461e-11
1.5758185e-11
1.7087549e-11
1.8221023e-11
1.9171769e-11
2.0034237e-11
2.0897458e-11
2.2068368e-11
0
0
2.5581542e-09
2.3125571e-11
2.5792867e-11
2.8088415e-11
3.0017309e-11
3.1767397e-11
3.3519041e-11
3.5895069e-11
0
0
0
2.5664672e-09
3.1941585e-11
3.5416514e-11
3.8355612e-11
4.1024998e-11
4.3697002e-11
4.7321491e-11
0
0
0
0
2.5757045e-09
4.204154e-11
4.6186454e-11
4.9968486e-11
5.3756853e-11
5.8895878e-11
0
0
0
0
0
2.5868309e-09
5.3958784e-11
5.9143657e-11
6.4354706e-11
7.1426041e-11
0
0
0
0
0
0
2.5996272e-09
6.7977944e-11
7.4919366e-11
8.4358342e-11
0
0
0
0
0
0
0
2.6151697e-09
8.5779512e-11
9.8247332e-11
0
0
0
0
0
0
0
0
2.6360978e-09
1.1435191e-10
0
0
0
0
0
0
0
0
0
2.6776611e-09
2.5401827e-09
3.1219089e-12
3.6961102e-12
3.9851128e-12
4.1980693e-12
4.3793749e-12
4.5314272e-12
4.6693588e-12
4.8074089e-12
4.9946616e-12
0
2.5456044e-09
9.3787542e-12
1.0606477e-11
1.1522298e-11
1.2303265e-11
1.2958341e-11
1.3552594e-11
1.4147365e-11
1.4954139e-11
0
0
2.5518134e-09
1.5749906e-11
1.7622401e-11
1.9235129e-11
2.0590471e-11
2.1820194e-11
2.3051012e-11
2.4720563e-11
0
0
0
2.5576647e-09
2.1993808e-11
2.4466867e-11
2.655981e-11
2.8460864e-11
3.0363799e-11
3.2945074e-11
0
0
0
0
2.5642582e-09
2.9242778e-11
3.2228397e-11
3.4953711e-11
3.7683749e-11
4.1387135e-11
0
0
0
0
0
2.5722972e-09
3.7897017e-11
4.1673029e-11
4.5469117e-11
5.0620499e-11
0
0
0
0
0
0
2.5816458e-09
4.8185607e-11
5.3290768e-11
6.0233778e-11
0
0
0
0
0
0
0
2.5931137e-09
6.1376039e-11
7.0628618e-11
0
0
0
0
0
0
0
0
2.6087015e-09
8.2746541e-11
0
0
0
0
0
0
0
0
0
2.6399773e-09
