# Fiducial parameters, omega_b = 0.022237, omega_cdm = 0.12, H0 = 67.36, ln10^{10}A_s = 3.044, n_s = 0.9649, tau_reio = 0.0544, M_tot = 0.06, sigma_NL = 7, beta_0^Euclid = 1, beta_1^Euclid = 1, z_reio = 1, Omega_Lambda = 1, YHe = 1, 100*theta_s = 1, A_s = 0, sigma8 = 0
1.4375589e-08
1.5769124e-08
1.6979432e-08
1.7580257e-08
1.8022669e-08
1.8399276e-08
1.8715074e-08
1.9001498e-08
1.9288103e-08
1.9676699e-08
0
2.5308512e-08
2.534261e-08
2.6650407e-08
2.7615975e-08
2.8438168e-08
2.9127635e-08
2.9752981e-08
3.0378739e-08
3.1227211e-08
0
0
3.1315796e-08
3.0598536e-08
3.1958431e-08
3.3119225e-08
3.4093033e-08
3.4976312e-08
3.5860183e-08
3.7058656e-08
0
0
0
3.5308926e-08
3.4421362e-08
3.5839871e-08
3.7032028e-08
3.8113633e-08
3.9195989e-08
4.0663609e-08
0
0
0
0
3.8873104e-08
3.7999205e-08
3.9405816e-08
4.0683643e-08
4.1962587e-08
4.3696799e-08
0
0
0
0
0
4.2448594e-08
4.1542848e-08
4.3032428e-08
4.4524763e-08
4.6548519e-08
0
0
0
0
0
0
4.5935854e-08
4.5105255e-08
4.6822508e-08
4.9152713e-08
0
0
0
0
0
0
0
4.9580647e-08
4.9007739e-08
5.1682645e-08
0
0
0
0
0
0
0
0
5.380264e-08
5.4368142e-08
0
0
0
0
0
0
0
0
0
6.0734234e-08
1.3472673e-08
1.4913676e-08
1.6160584e-08
1.6779809e-08
1.7235776e-08
1.7623923e-08
1.7949399e-08
1.8244602e-08
1.8539993e-08
1.8940505e-08
0
2.475299e-08
2.4964219e-08
2.6365121e-08
2.7399685e-08
2.8280654e-08
2.9019412e-08
2.9689468e-08
3.0359967e-08
3.1269112e-08
0
0
3.1224822e-08
3.0669374e-08
3.2151625e-08
3.3417129e-08
3.4478819e-08
3.5441817e-08
3.6405463e-08
3.7712113e-08
0
0
0
3.5591649e-08
3.4868981e-08
3.643018e-08
3.7742468e-08
3.8933093e-08
4.0124551e-08
4.1740115e-08
0
0
0
0
3.9525352e-08
3.8832028e-08
4.0392014e-08
4.1809327e-08
4.3227905e-08
4.5151465e-08
0
0
0
0
0
4.3500889e-08
4.2784718e-08
4.4447854e-08
4.6114196e-08
4.8373946e-08
0
0
0
0
0
0
4.740359e-08
4.678267e-08
4.8711299e-08
5.1328451e-08
0
0
0
0
0
0
0
5.1506342e-08
5.1187081e-08
5.4207788e-08
0
0
0
0
0
0
0
0
5.6286041e-08
5.7272423e-08
0
0
0
0
0
0
0
0
0
6.4188902e-08
1.2445994e-08
1.3838472e-08
1.5093922e-08
1.5717671e-08
1.6176977e-08
1.6567967e-08
1.6895829e-08
1.7193196e-08
1.7490755e-08
1.789421e-08
0
2.3824972e-08
2.4168462e-08
2.5640548e-08
2.6728002e-08
2.7654042e-08
2.8430599e-08
2.9134941e-08
2.9839752e-08
3.0795427e-08
0
0
3.0668513e-08
3.0252405e-08
3.1840754e-08
3.3197184e-08
3.4335206e-08
3.5367446e-08
3.6400385e-08
3.7800998e-08
0
0
0
3.5365108e-08
3.4792376e-08
3.6483775e-08
3.7905778e-08
3.9195981e-08
4.0487094e-08
4.2237794e-08
0
0
0
0
3.9640237e-08
3.9117013e-08
4.0821824e-08
4.2370917e-08
4.392142e-08
4.6023881e-08
0
0
0
0
0
4.3997366e-08
4.346476e-08
4.5296213e-08
4.7131362e-08
4.9620064e-08
0
0
0
0
0
0
4.8306385e-08
4.7892962e-08
5.0031001e-08
5.2932483e-08
0
0
0
0
0
0
0
5.2866314e-08
5.2802842e-08
5.6172533e-08
0
0
0
0
0
0
0
0
5.8213309e-08
5.9631967e-08
0
0
0
0
0
0
0
0
0
6.7125706e-08
1.1449997e-08
1.2695707e-08
1.392846e-08
1.4541268e-08
1.4992527e-08
1.5376667e-08
1.5698785e-08
1.5990945e-08
1.6283293e-08
1.6679686e-08
0
2.2649295e-08
2.3065025e-08
2.4578633e-08
2.569716e-08
2.66497e-08
2.7448484e-08
2.8172988e-08
2.8897977e-08
2.9881016e-08
0
0
2.9734086e-08
2.9422967e-08
3.1092311e-08
3.2518343e-08
3.3714821e-08
3.4800091e-08
3.5886099e-08
3.7358679e-08
0
0
0
3.469018e-08
3.4241545e-08
3.6041348e-08
3.7554836e-08
3.8928089e-08
4.0302317e-08
4.2165727e-08
0
0
0
0
3.9255197e-08
3.8880788e-08
4.0712779e-08
4.2377692e-08
4.4044158e-08
4.6303872e-08
0
0
0
0
0
4.395246e-08
4.3587118e-08
4.5572297e-08
4.7561698e-08
5.025962e-08
0
0
0
0
0
0
4.8637026e-08
4.8418586e-08
5.0753725e-08
5.3922891e-08
0
0
0
0
0
0
0
5.363177e-08
5.3814961e-08
5.7521537e-08
0
0
0
0
0
0
0
0
5.9532187e-08
6.1378011e-08
0
0
0
0
0
0
0
0
0
6.9457868e-08
1.0225215e-08
1.1209663e-08
1.2382446e-08
1.2965841e-08
1.339545e-08
1.3761162e-08
1.4067828e-08
1.4345973e-08
1.4624299e-08
1.5001682e-08
0
2.0909493e-08
2.1318194e-08
2.2833783e-08
2.3954267e-08
2.4908524e-08
2.5708753e-08
2.6434569e-08
2.7160874e-08
2.8145702e-08
0
0
2.8057435e-08
2.7801746e-08
2.9515638e-08
3.0980265e-08
3.2209205e-08
3.3323927e-08
3.4439411e-08
3.5951965e-08
0
0
0
3.3168884e-08
3.280437e-08
3.467866e-08
3.6255224e-08
3.7685764e-08
3.9117329e-08
4.1058493e-08
0
0
0
0
3.7941592e-08
3.7680425e-08
3.9609918e-08
4.1363765e-08
4.3119295e-08
4.5499791e-08
0
0
0
0
0
4.2906914e-08
4.2678689e-08
4.4790413e-08
4.6906901e-08
4.9777216e-08
0
0
0
0
0
0
4.7906909e-08
4.7856779e-08
5.0362514e-08
5.3763466e-08
0
0
0
0
0
0
0
5.3284263e-08
5.3689225e-08
5.7699194e-08
0
0
0
0
0
0
0
0
5.9691037e-08
6.1935213e-08
0
0
0
0
0
0
0
0
0
7.0583116e-08
9.0393662e-09
9.6792507e-09
1.0760511e-08
1.1298818e-08
1.1695237e-08
1.2032697e-08
1.2315673e-08
1.2572331e-08
1.2829158e-08
1.3177391e-08
0
1.8921562e-08
1.9238111e-08
2.0712761e-08
2.1803564e-08
2.2732603e-08
2.3511691e-08
2.4218334e-08
2.4925453e-08
2.5884273e-08
0
0
2.5932619e-08
2.5673235e-08
2.7387961e-08
2.8853958e-08
3.0084143e-08
3.1200003e-08
3.231663e-08
3.383074e-08
0
0
0
3.1071894e-08
3.0740766e-08
3.2646331e-08
3.4249742e-08
3.5704711e-08
3.7160731e-08
3.9135064e-08
0
0
0
0
3.5945496e-08
3.5749864e-08
3.7736904e-08
3.9543463e-08
4.1351812e-08
4.3803945e-08
0
0
0
0
0
4.1079768e-08
4.0945762e-08
4.3145215e-08
4.5349973e-08
4.8340047e-08
0
0
0
0
0
0
4.6307238e-08
4.6384879e-08
4.9020775e-08
5.2598718e-08
0
0
0
0
0
0
0
5.1985032e-08
5.2570601e-08
5.6828352e-08
0
0
0
0
0
0
0
0
5.8815979e-08
6.1403946e-08
0
0
0
0
0
0
0
0
0
7.0570631e-08
7.9735532e-09
8.2214376e-09
9.1880828e-09
9.6697825e-09
1.0024528e-08
1.0326513e-08
1.0579741e-08
1.080942e-08
1.1039249e-08
1.1350878e-08
0
1.6838591e-08
1.6978842e-08
1.8369493e-08
1.9398833e-08
2.0275592e-08
2.1010845e-08
2.167773e-08
2.2345067e-08
2.3249946e-08
0
0
2.3504557e-08
2.3175711e-08
2.4842358e-08
2.6268026e-08
2.7464483e-08
2.8549761e-08
2.9635787e-08
3.1108408e-08
0
0
0
2.8526013e-08
2.8168273e-08
3.0053824e-08
3.1641043e-08
3.3081402e-08
3.4522811e-08
3.6477338e-08
0
0
0
0
3.3371476e-08
3.3182115e-08
3.5176913e-08
3.6991017e-08
3.8806989e-08
4.1269469e-08
0
0
0
0
0
3.8549018e-08
3.8453344e-08
4.0689824e-08
4.2932122e-08
4.5973167e-08
0
0
0
0
0
0
4.3886992e-08
4.4037022e-08
4.6747705e-08
5.0427569e-08
0
0
0
0
0
0
0
4.9750352e-08
5.0457206e-08
5.4882419e-08
0
0
0
0
0
0
0
0
5.6883356e-08
5.9730638e-08
0
0
0
0
0
0
0
0
0
6.9328807e-08
6.9607886e-09
6.7919946e-09
7.6284242e-09
8.0456674e-09
8.3529576e-09
8.6145459e-09
8.8339005e-09
9.0328554e-09
9.2319417e-09
9.5018865e-09
0
1.4657638e-08
1.4544936e-08
1.5811542e-08
1.6749796e-08
1.7549048e-08
1.8219311e-08
1.882725e-08
1.9435602e-08
2.0260503e-08
0
0
2.0777679e-08
2.0311037e-08
2.1878406e-08
2.3220036e-08
2.4346098e-08
2.5367534e-08
2.6389675e-08
2.7775676e-08
0
0
0
2.5525757e-08
2.5074919e-08
2.6883384e-08
2.840647e-08
2.9788729e-08
3.1172005e-08
3.3047711e-08
0
0
0
0
3.0197009e-08
2.9944974e-08
3.1889423e-08
3.3658325e-08
3.5429129e-08
3.7830374e-08
0
0
0
0
0
3.5268764e-08
3.5143505e-08
3.7355248e-08
3.9573255e-08
4.2581426e-08
0
0
0
0
0
0
4.057253e-08
4.0724886e-08
4.3440157e-08
4.7126745e-08
0
0
0
0
0
0
0
4.6473431e-08
4.7223344e-08
5.1709922e-08
0
0
0
0
0
0
0
0
5.3743853e-08
5.6733329e-08
0
0
0
0
0
0
0
0
0
6.6631916e-08
6.1194636e-09
5.5590904e-09
6.2657108e-09
6.6185459e-09
6.8784131e-09
7.0996319e-09
7.2851351e-09
7.4533867e-09
7.6217498e-09
7.8500369e-09
0
1.2639672e-08
1.2225455e-08
1.334124e-08
1.4168494e-08
1.4873271e-08
1.5464313e-08
1.6000399e-08
1.6536849e-08
1.7264257e-08
0
0
1.8067814e-08
1.7405798e-08
1.8830151e-08
2.0050306e-08
2.1074555e-08
2.200365e-08
2.2933389e-08
2.4194098e-08
0
0
0
2.240501e-08
2.1798706e-08
2.3476182e-08
2.488979e-08
2.6172803e-08
2.7456771e-08
2.919782e-08
0
0
0
0
2.6760549e-08
2.637638e-08
2.8211674e-08
2.9881945e-08
3.1554105e-08
3.3821599e-08
0
0
0
0
0
3.1572379e-08
3.1345044e-08
3.3465936e-08
3.5593428e-08
3.8478918e-08
0
0
0
0
0
0
3.6684067e-08
3.6760303e-08
3.9401396e-08
4.2987851e-08
0
0
0
0
0
0
0
4.245337e-08
4.3154782e-08
4.7578347e-08
0
0
0
0
0
0
0
0
4.9664252e-08
5.2652172e-08
0
0
0
0
0
0
0
0
0
6.2679456e-08
5.3806904e-09
4.4650934e-09
5.0500727e-09
5.3423952e-09
5.5577036e-09
5.7409912e-09
5.8946872e-09
6.0340898e-09
6.1735849e-09
6.3627298e-09
0
1.0788474e-08
1.0054277e-08
1.1007082e-08
1.1714133e-08
1.2316578e-08
1.2821808e-08
1.3280062e-08
1.3738628e-08
1.4360429e-08
0
0
1.5447066e-08
1.4549372e-08
1.5799261e-08
1.6870884e-08
1.7770594e-08
1.8586733e-08
1.9403439e-08
2.0510879e-08
0
0
0
1.926987e-08
1.8456782e-08
1.9958425e-08
2.1224724e-08
2.2374154e-08
2.352445e-08
2.5084245e-08
0
0
0
0
2.3188125e-08
2.2608924e-08
2.4281449e-08
2.5804306e-08
2.7328988e-08
2.9396508e-08
0
0
0
0
0
2.7595835e-08
2.7195877e-08
2.9161307e-08
3.1133511e-08
3.3808478e-08
0
0
0
0
0
0
3.2357782e-08
3.2277104e-08
3.4762659e-08
3.8138566e-08
0
0
0
0
0
0
0
3.7817237e-08
3.8371025e-08
4.2596675e-08
0
0
0
0
0
0
0
0
4.4750317e-08
4.7573076e-08
0
0
0
0
0
0
0
0
0
5.7521116e-08
4.7868218e-09
3.5673653e-09
4.0465547e-09
4.2861154e-09
4.4625681e-09
4.612779e-09
4.7387386e-09
4.8529844e-09
4.967306e-09
5.1223179e-09
0
9.2213956e-09
8.1847259e-09
8.9806511e-09
9.5717263e-09
1.007541e-08
1.0497822e-08
1.0880958e-08
1.1264356e-08
1.1784232e-08
0
0
1.3123806e-08
1.1977948e-08
1.3042186e-08
1.3955405e-08
1.472225e-08
1.5417876e-08
1.6113987e-08
1.7057903e-08
0
0
0
1.6388542e-08
1.534013e-08
1.6640182e-08
1.7737278e-08
1.8733231e-08
1.9729945e-08
2.1081487e-08
0
0
0
0
1.9794351e-08
1.8976439e-08
2.0448383e-08
2.1789315e-08
2.3131957e-08
2.4952635e-08
0
0
0
0
0
2.369126e-08
2.3062559e-08
2.4820716e-08
2.6585614e-08
2.8979495e-08
0
0
0
0
0
0
2.7972471e-08
2.766433e-08
2.9922953e-08
3.2991349e-08
0
0
0
0
0
0
0
3.2960932e-08
3.3273877e-08
3.7174364e-08
0
0
0
0
0
0
0
0
3.9404175e-08
4.189702e-08
0
0
0
0
0
0
0
0
0
5.1539793e-08
4.2752848e-09
2.7873045e-09
3.1737655e-09
3.3670283e-09
3.5093824e-09
3.6305661e-09
3.7321849e-09
3.8243536e-09
3.9165837e-09
4.0416412e-09
0
7.8571687e-09
6.5533629e-09
7.2087455e-09
7.6956666e-09
8.1106291e-09
8.4586395e-09
8.7742922e-09
9.0901608e-09
9.5184689e-09
0
0
1.1077028e-08
9.6955039e-09
1.0581554e-08
1.1342371e-08
1.1981334e-08
1.2560963e-08
1.3140998e-08
1.3927516e-08
0
0
0
1.3799332e-08
1.2512724e-08
1.3607206e-08
1.4531429e-08
1.5370537e-08
1.6210294e-08
1.7349005e-08
0
0
0
0
1.6673955e-08
1.5599482e-08
1.6854493e-08
1.7998401e-08
1.914386e-08
2.0697158e-08
0
0
0
0
0
2.0007885e-08
1.9117703e-08
2.0637744e-08
2.2164238e-08
2.4234839e-08
0
0
0
0
0
0
2.3724894e-08
2.3139856e-08
2.5121001e-08
2.781313e-08
0
0
0
0
0
0
0
2.8122545e-08
2.8120667e-08
3.1594463e-08
0
0
0
0
0
0
0
0
3.3899177e-08
3.5917312e-08
0
0
0
0
0
0
0
0
0
4.5035035e-08
3.881251e-09
2.1631592e-09
2.4691812e-09
2.6223102e-09
2.7351045e-09
2.8311244e-09
2.9116422e-09
2.9846723e-09
3.057751e-09
3.1568407e-09
0
6.7252817e-09
5.1929071e-09
5.7276018e-09
6.1249274e-09
6.4635482e-09
6.7475361e-09
7.0051194e-09
7.2628791e-09
7.6123936e-09
0
0
9.3611807e-09
7.7740652e-09
8.5032458e-09
9.1295708e-09
9.6556264e-09
1.0132838e-08
1.0610385e-08
1.1257931e-08
0
0
0
1.1603855e-08
1.0100172e-08
1.1005903e-08
1.1771064e-08
1.2465814e-08
1.3161108e-08
1.4103927e-08
0
0
0
0
1.3985567e-08
1.2665586e-08
1.3711646e-08
1.46655e-08
1.5620712e-08
1.6916032e-08
0
0
0
0
0
1.6769505e-08
1.5615621e-08
1.6894309e-08
1.8178899e-08
1.9921441e-08
0
0
0
0
0
0
1.9904904e-08
1.902544e-08
2.0710307e-08
2.3000414e-08
0
0
0
0
0
0
0
2.365903e-08
2.3302865e-08
2.6294926e-08
0
0
0
0
0
0
0
0
2.8662756e-08
3.010852e-08
0
0
0
0
0
0
0
0
0
3.8523557e-08
3.5740241e-09
1.6641676e-09
1.9006869e-09
2.0191719e-09
2.1064508e-09
2.18075e-09
2.2430539e-09
2.2995638e-09
2.3561113e-09
2.432786e-09
0
5.7788988e-09
4.0438048e-09
4.4724806e-09
4.7911267e-09
5.0627018e-09
5.2904621e-09
5.4970458e-09
5.7037712e-09
5.984085e-09
0
0
7.904134e-09
6.1411191e-09
6.7358e-09
7.246658e-09
7.6757459e-09
8.0649957e-09
8.4545184e-09
8.9827068e-09
0
0
0
9.7376841e-09
8.0476586e-09
8.7905211e-09
9.418188e-09
9.9881167e-09
1.0558495e-08
1.1331928e-08
0
0
0
0
1.1693576e-08
1.0157741e-08
1.1018993e-08
1.1804494e-08
1.2591146e-08
1.3657894e-08
0
0
0
0
0
1.3987854e-08
1.259354e-08
1.3651038e-08
1.471367e-08
1.6155169e-08
0
0
0
0
0
0
1.6584199e-08
1.5424697e-08
1.6826519e-08
1.8732281e-08
0
0
0
0
0
0
0
1.9714116e-08
1.900447e-08
2.1514278e-08
0
0
0
0
0
0
0
0
2.392721e-08
2.4767739e-08
0
0
0
0
0
0
0
0
0
3.2377384e-08
3.3381963e-09
1.2784826e-09
1.4585294e-09
1.5488068e-09
1.6153112e-09
1.6719256e-09
1.7193998e-09
1.762459e-09
1.805547e-09
1.8639714e-09
0
5.0185764e-09
3.1014248e-09
3.4352507e-09
3.6836206e-09
3.8953211e-09
4.0728681e-09
4.2339074e-09
4.3950572e-09
4.613572e-09
0
0
6.6811845e-09
4.7614205e-09
5.237062e-09
5.6458212e-09
5.9891716e-09
6.3006456e-09
6.6123382e-09
7.0349904e-09
0
0
0
8.1540023e-09
6.3027808e-09
6.9049247e-09
7.4137619e-09
7.8758003e-09
8.3382042e-09
8.9652253e-09
0
0
0
0
9.7444282e-09
8.0243603e-09
8.7275218e-09
9.3688791e-09
1.0011185e-08
1.0882194e-08
0
0
0
0
0
1.162131e-08
1.0020786e-08
1.0887873e-08
1.1759243e-08
1.2941303e-08
0
0
0
0
0
0
1.3752689e-08
1.234814e-08
1.3501284e-08
1.5069121e-08
0
0
0
0
0
0
0
1.6330038e-08
1.5300988e-08
1.7373528e-08
0
0
0
0
0
0
0
0
1.981533e-08
2.00832e-08
0
0
0
0
0
0
0
0
0
2.6878999e-08
3.1596992e-09
9.8699782e-10
1.1241693e-09
1.1929368e-09
1.2435973e-09
1.286724e-09
1.322888e-09
1.355689e-09
1.3885118e-09
1.4330172e-09
0
4.4390637e-09
2.3713103e-09
2.6250717e-09
2.8140856e-09
2.9752201e-09
3.1103614e-09
3.2329377e-09
3.3555981e-09
3.5219223e-09
0
0
5.7029385e-09
3.641328e-09
4.0096133e-09
4.326446e-09
4.5926258e-09
4.8340969e-09
5.0757376e-09
5.4034003e-09
0
0
0
6.8465715e-09
4.8491396e-09
5.3243861e-09
5.7262222e-09
6.0911255e-09
6.4563191e-09
6.9515234e-09
0
0
0
0
8.1074528e-09
6.2240478e-09
6.7875908e-09
7.3017136e-09
7.8166097e-09
8.5148434e-09
0
0
0
0
0
9.6179958e-09
7.8390841e-09
8.5415751e-09
9.2475881e-09
1.0205339e-08
0
0
0
0
0
0
1.1350206e-08
9.7364705e-09
1.0677029e-08
1.1955871e-08
0
0
0
0
0
0
0
1.3456871e-08
1.21547e-08
1.3852445e-08
0
0
0
0
0
0
0
0
1.6316284e-08
1.6084506e-08
0
0
0
0
0
0
0
0
0
2.2140029e-08
3.0243512e-09
7.6562318e-10
8.7030625e-10
9.2277627e-10
9.6142969e-10
9.9433494e-10
1.0219277e-09
1.0469545e-09
1.0719979e-09
1.105955e-09
0
4.000703e-09
1.8201276e-09
2.0126051e-09
2.1559779e-09
2.2782139e-09
2.380733e-09
2.4737203e-09
2.5667713e-09
2.692946e-09
0
0
4.9583683e-09
2.7797109e-09
3.0581638e-09
3.2979494e-09
3.4994466e-09
3.6822435e-09
3.8651691e-09
4.1132145e-09
0
0
0
5.8220944e-09
3.6950059e-09
4.0575449e-09
4.3643999e-09
4.6430948e-09
4.9220149e-09
5.300232e-09
0
0
0
0
6.7856495e-09
4.7531757e-09
5.189755e-09
5.5883088e-09
5.9874951e-09
6.5288208e-09
0
0
0
0
0
7.9604612e-09
6.0192228e-09
6.5725661e-09
7.1288723e-09
7.8835574e-09
0
0
0
0
0
0
9.3315474e-09
7.5313021e-09
8.2828571e-09
9.3048397e-09
0
0
0
0
0
0
0
1.1022795e-08
9.4829309e-09
1.085474e-08
0
0
0
0
0
0
0
0
1.3342841e-08
1.2683613e-08
0
0
0
0
0
0
0
0
0
1.8106521e-08
2.9214373e-09
5.982197e-10
6.7818694e-10
7.1827465e-10
7.4780626e-10
7.7294616e-10
7.9402728e-10
8.1314793e-10
8.3228127e-10
8.5822469e-10
0
3.6669008e-09
1.4004672e-09
1.5468885e-09
1.655909e-09
1.7488504e-09
1.8267999e-09
1.897502e-09
1.9682525e-09
2.0641882e-09
0
0
4.3957553e-09
2.1306869e-09
2.3418122e-09
2.5235589e-09
2.6762873e-09
2.8148431e-09
2.9534964e-09
3.141509e-09
0
0
0
5.0503851e-09
2.8220445e-09
3.0953158e-09
3.326697e-09
3.5368676e-09
3.7472109e-09
4.0324374e-09
0
0
0
0
5.7754965e-09
3.6178581e-09
3.9470484e-09
4.2477699e-09
4.5490038e-09
4.9575017e-09
0
0
0
0
0
6.6610145e-09
4.5754869e-09
4.9961554e-09
5.4193348e-09
5.9934543e-09
0
0
0
0
0
0
7.7057925e-09
5.7351248e-09
6.3143982e-09
7.1023767e-09
0
0
0
0
0
0
0
9.0154433e-09
7.2581787e-09
8.3327342e-09
0
0
0
0
0
0
0
0
1.0845114e-08
9.8030606e-09
0
0
0
0
0
0
0
0
0
1.4677504e-08
2.8421567e-09
4.7110828e-10
5.3276045e-10
5.6364983e-10
5.8640526e-10
6.0577669e-10
6.2202063e-10
6.3675393e-10
6.51497e-10
6.714875e-10
0
3.4159368e-09
1.0833534e-09
1.1941846e-09
1.2767419e-09
1.3471246e-09
1.406154e-09
1.459695e-09
1.5132727e-09
1.5859225e-09
0
0
3.9664614e-09
1.6351244e-09
1.7952723e-09
1.9331118e-09
2.0489318e-09
2.1540029e-09
2.259148e-09
2.4017237e-09
0
0
0
4.463411e-09
2.1608092e-09
2.3683876e-09
2.5440524e-09
2.7036033e-09
2.8632848e-09
3.0798137e-09
0
0
0
0
5.0145788e-09
2.7644756e-09
3.0133689e-09
3.2406923e-09
3.468405e-09
3.7772029e-09
0
0
0
0
0
5.6833379e-09
3.4854365e-09
3.8017152e-09
4.119945e-09
4.5516985e-09
0
0
0
0
0
0
6.4674454e-09
4.3549845e-09
4.7901368e-09
5.3822615e-09
0
0
0
0
0
0
0
7.4510512e-09
5.5022123e-09
6.3146006e-09
0
0
0
0
0
0
0
0
8.8394189e-09
7.4478655e-09
0
0
0
0
0
0
0
0
0
1.1817709e-08
2.7803166e-09
3.73555e-10
4.2162074e-10
4.456913e-10
4.6342283e-10
4.7851745e-10
4.9117506e-10
5.0265555e-10
5.1414363e-10
5.297206e-10
0
3.2269276e-09
8.4591727e-10
9.3042172e-10
9.9333898e-10
1.0469782e-09
1.0919651e-09
1.1327693e-09
1.1736015e-09
1.2289686e-09
0
0
3.6455312e-09
1.2630747e-09
1.3836811e-09
1.487535e-09
1.574808e-09
1.6539819e-09
1.7332114e-09
1.8406458e-09
0
0
0
4.0189284e-09
1.6577447e-09
1.8140432e-09
1.9463655e-09
2.0665506e-09
2.1868336e-09
2.3499378e-09
0
0
0
0
4.4338427e-09
2.1134231e-09
2.3017352e-09
2.4737014e-09
2.6459529e-09
2.87954e-09
0
0
0
0
0
4.9405718e-09
2.6604933e-09
2.9002204e-09
3.141347e-09
3.4684821e-09
0
0
0
0
0
0
5.5352792e-09
3.3188827e-09
3.6474914e-09
4.0945798e-09
0
0
0
0
0
0
0
6.2770076e-09
4.18125e-09
4.7910999e-09
0
0
0
0
0
0
0
0
7.3167581e-09
5.6365883e-09
0
0
0
0
0
0
0
0
0
9.5550383e-09
2.7311079e-09
2.9731534e-10
3.3521293e-10
3.5417976e-10
3.6815131e-10
3.8004508e-10
3.9001861e-10
3.9906463e-10
4.0811663e-10
4.2039045e-10
0
3.0825957e-09
6.6568583e-10
7.3077053e-10
7.7921219e-10
8.2050674e-10
8.5513988e-10
8.8655293e-10
9.1798745e-10
9.6061164e-10
0
0
3.4039715e-09
9.8441711e-10
1.0761772e-09
1.1551375e-09
1.2214847e-09
1.2816746e-09
1.3419068e-09
1.4235809e-09
0
0
0
3.687661e-09
1.2829786e-09
1.4007334e-09
1.500408e-09
1.5909438e-09
1.6815541e-09
1.8044219e-09
0
0
0
0
3.9995673e-09
1.6242109e-09
1.7651466e-09
1.8938991e-09
2.0228737e-09
2.1977738e-09
0
0
0
0
0
4.3780001e-09
2.0327472e-09
2.2122777e-09
2.3929083e-09
2.6379712e-09
0
0
0
0
0
0
4.8234684e-09
2.5273364e-09
2.7747444e-09
3.1113424e-09
0
0
0
0
0
0
0
5.3830194e-09
3.1792642e-09
3.6400746e-09
0
0
0
0
0
0
0
0
6.1693207e-09
4.2780381e-09
0
0
0
0
0
0
0
0
0
7.8487555e-09
2.6913252e-09
2.3664618e-10
2.6681662e-10
2.8190781e-10
2.9302409e-10
3.024872e-10
3.104225e-10
3.1761983e-10
3.2482193e-10
3.3458742e-10
0
2.9707079e-09
5.2726986e-10
5.7798332e-10
6.1570718e-10
6.4786337e-10
6.7483216e-10
6.9929345e-10
7.2377144e-10
7.5696278e-10
0
0
3.2203089e-09
7.7320054e-10
8.4359154e-10
9.0415087e-10
9.5503353e-10
1.0011936e-09
1.047386e-09
1.1100223e-09
0
0
0
3.4374021e-09
1.0008171e-09
1.0904502e-09
1.166295e-09
1.2351793e-09
1.3041195e-09
1.3976025e-09
0
0
0
0
3.6744022e-09
1.2594685e-09
1.3660526e-09
1.4633751e-09
1.5608601e-09
1.6930576e-09
0
0
0
0
0
3.9601951e-09
1.5667848e-09
1.7013896e-09
1.8368021e-09
2.0205196e-09
0
0
0
0
0
0
4.2933468e-09
1.9352217e-09
2.1193869e-09
2.3699923e-09
0
0
0
0
0
0
0
4.7088547e-09
2.4190593e-09
2.7618097e-09
0
0
0
0
0
0
0
0
5.2941677e-09
3.2399503e-09
0
0
0
0
0
0
0
0
0
6.5564748e-09
2.6587939e-09
1.8756536e-10
2.1172608e-10
2.238058e-10
2.3270358e-10
2.4027811e-10
2.4662973e-10
2.5239067e-10
2.5815542e-10
2.6597199e-10
0
2.8822755e-09
4.1894448e-10
4.5892028e-10
4.8864141e-10
5.1397393e-10
5.3521961e-10
5.5448989e-10
5.7377334e-10
5.9992103e-10
0
0
3.0784876e-09
6.1112141e-10
6.6579721e-10
7.1280818e-10
7.5230253e-10
7.8813093e-10
8.2398444e-10
8.7260129e-10
0
0
0
3.2467498e-09
7.8668804e-10
8.5555223e-10
9.1379845e-10
9.6669737e-10
1.0196391e-09
1.0914281e-09
0
0
0
0
3.428392e-09
9.8401819e-10
1.0651407e-09
1.1392089e-09
1.2133993e-09
1.3140072e-09
0
0
0
0
0
3.6453446e-09
1.2166156e-09
1.3184329e-09
1.4208442e-09
1.5597831e-09
0
0
0
0
0
0
3.8969138e-09
1.4943113e-09
1.632924e-09
1.8214937e-09
0
0
0
0
0
0
0
4.2091854e-09
1.8566462e-09
2.1126399e-09
0
0
0
0
0
0
0
0
4.644763e-09
2.4646049e-09
0
0
0
0
0
0
0
0
0
5.5768859e-09
2.6320817e-09
1.4742615e-10
1.6679333e-10
1.7647375e-10
1.836041e-10
1.8967403e-10
1.9476399e-10
1.9938059e-10
2.0400025e-10
2.1026417e-10
0
2.8111328e-09
3.3257986e-10
3.6437898e-10
3.8800942e-10
4.0814907e-10
4.2503948e-10
4.4035944e-10
4.5568985e-10
4.7647738e-10
0
0
2.9669314e-09
4.8443649e-10
5.2739371e-10
5.6430928e-10
5.9531924e-10
6.2345047e-10
6.516014e-10
6.8977363e-10
0
0
0
3.0988835e-09
6.214824e-10
6.7504309e-10
7.2032644e-10
7.614493e-10
8.0260506e-10
8.5841226e-10
0
0
0
0
3.23983e-09
7.7396117e-10
8.3647309e-10
8.9352583e-10
9.5066893e-10
1.0281591e-09
0
0
0
0
0
3.4066108e-09
9.5201076e-10
1.0297236e-09
1.1078681e-09
1.2138833e-09
0
0
0
0
0
0
3.5981023e-09
1.162444e-09
1.267269e-09
1.4098699e-09
0
0
0
0
0
0
0
3.8335256e-09
1.4347312e-09
1.6270459e-09
0
0
0
0
0
0
0
0
4.1600289e-09
1.8895483e-09
0
0
0
0
0
0
0
0
0
4.8533054e-09
2.6102214e-09
1.1447894e-10
1.2993604e-10
1.3766152e-10
1.4335184e-10
1.4819591e-10
1.5225792e-10
1.5594217e-10
1.5962886e-10
1.6462776e-10
0
2.7531467e-09
2.6264114e-10
2.8805733e-10
3.0693764e-10
3.2302789e-10
3.3652212e-10
3.4876167e-10
3.6100957e-10
3.7761733e-10
0
0
2.8776007e-09
3.8358669e-10
4.1764837e-10
4.4690571e-10
4.7148006e-10
4.9377288e-10
5.1608128e-10
5.4633115e-10
0
0
0
2.9820993e-09
4.9171988e-10
5.3383964e-10
5.6943368e-10
6.0175493e-10
6.341018e-10
6.7796414e-10
0
0
0
0
3.0927289e-09
6.1092437e-10
6.5964766e-10
7.040999e-10
7.4862028e-10
8.089929e-10
0
0
0
0
0
3.2224206e-09
7.4878518e-10
8.0879838e-10
8.6913052e-10
9.509781e-10
0
0
0
0
0
0
3.3698972e-09
9.1019673e-10
9.9044134e-10
1.0995819e-09
0
0
0
0
0
0
0
3.5496016e-09
1.1171774e-09
1.2630489e-09
0
0
0
0
0
0
0
0
3.7962783e-09
1.4589038e-09
0
0
0
0
0
0
0
0
0
4.3130981e-09
2.5925183e-09
8.754601e-11
9.9765802e-11
1.0587413e-10
1.1037331e-10
1.1420338e-10
1.174151e-10
1.2032814e-10
1.2324312e-10
1.2719564e-10
0
2.7056032e-09
2.0546982e-10
2.2577502e-10
2.4085557e-10
2.5370708e-10
2.6448506e-10
2.7426091e-10
2.8404344e-10
2.9730825e-10
0
0
2.8051022e-09
3.0209473e-10
3.2923613e-10
3.5254093e-10
3.7211392e-10
3.8986956e-10
4.0763761e-10
4.3173083e-10
0
0
0
2.8883351e-09
3.8802359e-10
4.2140716e-10
4.4960757e-10
4.7521331e-10
5.008392e-10
5.3558787e-10
0
0
0
0
2.9759123e-09
4.8209995e-10
5.2045278e-10
5.5543205e-10
5.9046305e-10
6.3796727e-10
0
0
0
0
0
3.0778169e-09
5.9003071e-10
6.3689608e-10
6.8399696e-10
7.4789274e-10
0
0
0
0
0
0
3.1927147e-09
7.152872e-10
7.774082e-10
8.618821e-10
0
0
0
0
0
0
0
3.3314259e-09
8.7432882e-10
9.8617421e-10
0
0
0
0
0
0
0
0
3.5197902e-09
1.1339373e-09
0
0
0
0
0
0
0
0
0
3.9088988e-09
2.5784148e-09
6.5775037e-11
7.5301399e-11
8.0065009e-11
8.3573755e-11
8.6560689e-11
8.9065392e-11
9.133717e-11
9.3610465e-11
9.6692902e-11
0
2.666701e-09
1.5865836e-10
1.7478533e-10
1.8676242e-10
1.9696903e-10
2.0552883e-10
2.1329276e-10
2.2106199e-10
2.3159684e-10
0
0
2.7458789e-09
2.3567125e-10
2.5729243e-10
2.7585351e-10
2.9144159e-10
3.0558222e-10
3.1973274e-10
3.3892066e-10
0
0
0
2.8122126e-09
3.0410705e-10
3.3065319e-10
3.5307157e-10
3.7342624e-10
3.9379682e-10
4.2141932e-10
0
0
0
0
2.8818264e-09
3.7875579e-10
4.0913016e-10
4.3682521e-10
4.6455995e-10
5.0216987e-10
0
0
0
0
0
2.9624494e-09
4.639255e-10
5.0082868e-10
5.3790784e-10
5.88207e-10
0
0
0
0
0
0
3.0527688e-09
5.620681e-10
6.1063633e-10
6.766688e-10
0
0
0
0
0
0
0
3.160953e-09
6.856142e-10
7.7231856e-10
0
0
0
0
0
0
0
0
3.306431e-09
8.8507146e-10
0
0
0
0
0
0
0
0
0
3.6023641e-09
2.5674101e-09
4.8473432e-11
5.5770649e-11
5.9421551e-11
6.2110761e-11
6.4400041e-11
6.6319725e-11
6.8060891e-11
6.9803221e-11
7.2165711e-11
0
2.6351707e-09
1.2056321e-10
1.3323313e-10
1.4264419e-10
1.5066417e-10
1.5739014e-10
1.6349076e-10
1.6959555e-10
1.7787347e-10
0
0
2.69756e-09
1.8147231e-10
1.9859941e-10
2.1330194e-10
2.2564926e-10
2.3685004e-10
2.4805865e-10
2.6325738e-10
0
0
0
2.7501715e-09
2.3580473e-10
2.5687239e-10
2.7466163e-10
2.908128e-10
3.0697655e-10
3.2889459e-10
0
0
0
0
2.8054455e-09
2.9505944e-10
3.1914456e-10
3.4110108e-10
3.6308834e-10
3.929043e-10
0
0
0
0
0
2.869365e-09
3.624981e-10
3.9167518e-10
4.2098566e-10
4.6074546e-10
0
0
0
0
0
0
2.9407127e-09
4.3986102e-10
4.7808025e-10
5.3003429e-10
0
0
0
0
0
0
0
3.0257044e-09
5.3662508e-10
6.0440987e-10
0
0
0
0
0
0
0
0
3.1390952e-09
6.9137988e-10
0
0
0
0
0
0
0
0
0
3.3665396e-09
2.5590242e-09
3.501319e-11
4.0491293e-11
4.3234013e-11
4.5254326e-11
4.6974188e-11
4.8416387e-11
4.9724471e-11
5.1033433e-11
5.2808305e-11
0
2.6100144e-09
8.9959451e-11
9.9764088e-11
1.0704918e-10
1.1325767e-10
1.1846445e-10
1.2318711e-10
1.2791302e-10
1.3432123e-10
0
0
2.6584756e-09
1.3753324e-10
1.5095794e-10
1.6248372e-10
1.7216331e-10
1.8094407e-10
1.8973099e-10
2.0164595e-10
0
0
0
2.6997935e-09
1.8031104e-10
1.9691193e-10
2.1092949e-10
2.2365617e-10
2.3639276e-10
2.5366358e-10
0
0
0
0
2.7434043e-09
2.2711694e-10
2.4613959e-10
2.6347961e-10
2.8084361e-10
3.0439015e-10
0
0
0
0
0
2.7939243e-09
2.8042582e-10
3.0347324e-10
3.2662321e-10
3.5802578e-10
0
0
0
0
0
0
2.8502849e-09
3.4148806e-10
3.7162072e-10
4.125774e-10
0
0
0
0
0
0
0
2.9172467e-09
4.1758627e-10
4.708201e-10
0
0
0
0
0
0
0
0
3.0061221e-09
5.3847402e-10
0
0
0
0
0
0
0
0
0
3.1824114e-09
2.5527916e-09
2.478979e-11
2.8814018e-11
3.0830546e-11
3.2315997e-11
3.3580543e-11
3.4640934e-11
3.5602717e-11
3.6565146e-11
3.7870145e-11
0
2.5903498e-09
6.5819679e-11
7.326862e-11
7.8806008e-11
8.3525338e-11
8.7483256e-11
9.1073181e-11
9.4665573e-11
9.9536769e-11
0
0
2.6273251e-09
1.0237183e-10
1.1274067e-10
1.2164543e-10
1.2912417e-10
1.3590849e-10
1.4269756e-10
1.5190348e-10
0
0
0
2.6593162e-09
1.3562173e-10
1.4855003e-10
1.5946801e-10
1.693807e-10
1.7930111e-10
1.9275321e-10
0
0
0
0
2.6933457e-09
1.7223514e-10
1.8712706e-10
2.0070206e-10
2.1429579e-10
2.3272964e-10
0
0
0
0
0
2.7329542e-09
2.1409236e-10
2.3219045e-10
2.503683e-10
2.7502608e-10
0
0
0
0
0
0
2.777252e-09
2.621099e-10
2.8579479e-10
3.1798541e-10
0
0
0
0
0
0
0
2.8298999e-09
3.2191374e-10
3.6371362e-10
0
0
0
0
0
0
0
0
2.8996341e-09
4.1658664e-10
0
0
0
0
0
0
0
0
0
3.0369484e-09
2.548274e-09
1.7218327e-11
2.0109797e-11
2.1560096e-11
2.262849e-11
2.3538002e-11
2.4300679e-11
2.4992434e-11
2.5684655e-11
2.6623267e-11
0
2.5753366e-09
4.7195343e-11
5.273869e-11
5.6862026e-11
6.0376487e-11
6.3323956e-11
6.5997381e-11
6.8672646e-11
7.2300246e-11
0
0
2.6029777e-09
7.4739668e-11
8.2605537e-11
8.9363687e-11
9.5040022e-11
1.0018932e-10
1.0534224e-10
1.1232955e-10
0
0
0
2.6273145e-09
1.0015971e-10
1.1007249e-10
1.1844609e-10
1.2604895e-10
1.3365774e-10
1.4397531e-10
0
0
0
0
2.6534717e-09
1.2840471e-10
1.3991163e-10
1.5040226e-10
1.6090751e-10
1.7515324e-10
0
0
0
0
0
2.6841424e-09
1.6090375e-10
1.7496774e-10
1.8909422e-10
2.0825647e-10
0
0
0
0
0
0
2.7186241e-09
1.9834634e-10
2.1681932e-10
2.4192594e-10
0
0
0
0
0
0
0
2.7597359e-09
2.4508686e-10
2.7774768e-10
0
0
0
0
0
0
0
0
2.8142497e-09
3.1907311e-10
0
0
0
0
0
0
0
0
0
2.9212725e-09
2.5450764e-09
1.1749708e-11
1.3782956e-11
1.4803825e-11
1.555591e-11
1.6196154e-11
1.6733035e-11
1.7219991e-11
1.7707276e-11
1.8368007e-11
0
2.5641602e-09
3.3173239e-11
3.720903e-11
4.0213174e-11
4.2773964e-11
4.4921641e-11
4.686964e-11
4.881898e-11
5.1462245e-11
0
0
2.5843752e-09
5.3491336e-11
5.9338728e-11
6.4365492e-11
6.8588034e-11
7.241856e-11
7.6251781e-11
8.1449606e-11
0
0
0
2.602521e-09
7.2554172e-11
8.0015897e-11
8.6321452e-11
9.2046923e-11
9.77769e-11
1.0554678e-10
0
0
0
0
2.6222669e-09
9.3972438e-11
1.0271895e-10
1.106947e-10
1.186818e-10
1.2951279e-10
0
0
0
0
0
2.6456414e-09
1.1883182e-10
1.2960668e-10
1.4043062e-10
1.5511319e-10
0
0
0
0
0
0
2.6721203e-09
1.4766588e-10
1.6190408e-10
1.8125586e-10
0
0
0
0
0
0
0
2.7038707e-09
1.8383893e-10
2.091236e-10
0
0
0
0
0
0
0
0
2.7461413e-09
2.4127782e-10
0
0
0
0
0
0
0
0
0
2.8292366e-09
2.5428145e-09
7.8430374e-12
9.2437815e-12
9.9477963e-12
1.0466481e-11
1.0908034e-11
1.1278302e-11
1.1614139e-11
1.1950202e-11
1.2405887e-11
0
2.555997e-09
2.2827421e-11
2.5701131e-11
2.784198e-11
2.9667092e-11
3.1197793e-11
3.2586179e-11
3.3975523e-11
3.5859447e-11
0
0
2.5704531e-09
3.7484775e-11
4.1738737e-11
4.5398151e-11
4.84725e-11
5.1261465e-11
5.4052395e-11
5.7836885e-11
0
0
0
2.5836937e-09
5.1481908e-11
5.6985088e-11
6.1637838e-11
6.5862862e-11
7.009124e-11
7.5824951e-11
0
0
0
0
2.5983014e-09
6.7408987e-11
7.3932742e-11
7.9883417e-11
8.5842806e-11
9.3924123e-11
0
0
0
0
0
2.6157877e-09
8.6089571e-11
9.4204172e-11
1.0235723e-10
1.1341696e-10
0
0
0
0
0
0
2.6357851e-09
1.0794712e-10
1.1875603e-10
1.3344811e-10
0
0
0
0
0
0
0
2.6599524e-09
1.3556728e-10
1.5489018e-10
0
0
0
0
0
0
0
0
2.6923403e-09
1.7969079e-10
0
0
0
0
0
0
0
0
0
2.7563473e-09
2.5413266e-09
5.1983598e-12
6.1465118e-12
6.6235098e-12
6.9749591e-12
7.2741472e-12
7.5250337e-12
7.7525904e-12
7.9803008e-12
8.289065e-12
0
2.5502711e-09
1.5476282e-11
1.7479638e-11
1.8973357e-11
2.0246939e-11
2.1315094e-11
2.2283941e-11
2.3253456e-11
2.4568101e-11
0
0
2.5603877e-09
2.5820061e-11
2.8848074e-11
3.1454834e-11
3.3645153e-11
3.563218e-11
3.762061e-11
4.0316916e-11
0
0
0
2.5698392e-09
3.5875979e-11
3.9848942e-11
4.3209869e-11
4.6262097e-11
4.9316773e-11
5.345894e-11
0
0
0
0
2.5804177e-09
4.7474391e-11
5.2241894e-11
5.6592237e-11
6.0949188e-11
6.6857516e-11
0
0
0
0
0
2.5932367e-09
6.1238221e-11
6.7233393e-11
7.3258458e-11
8.1431725e-11
0
0
0
0
0
0
2.6080576e-09
7.7509435e-11
8.5571656e-11
9.6531657e-11
0
0
0
0
0
0
0
2.6261403e-09
9.8258592e-11
1.1279427e-10
0
0
0
0
0
0
0
0
2.6505874e-09
1.3168929e-10
0
0
0
0
0
0
0
0
0
2.6993305e-09
2.540331e-09
3.4058202e-12
4.0376536e-12
4.3557902e-12
4.590204e-12
4.7897608e-12
4.9571008e-12
5.10888e-12
5.2607618e-12
5.4667063e-12
0
2.5463038e-09
1.0332412e-11
1.1701833e-11
1.272374e-11
1.3595157e-11
1.4326027e-11
1.4988947e-11
1.5652324e-11
1.6551854e-11
0
0
2.553242e-09
1.7481033e-11
1.9591198e-11
2.1409235e-11
2.2937081e-11
2.4323145e-11
2.5710189e-11
2.7591019e-11
0
0
0
2.5598453e-09
2.4550734e-11
2.7358079e-11
2.9734458e-11
3.1892785e-11
3.4052865e-11
3.6981955e-11
0
0
0
0
2.5673424e-09
3.281752e-11
3.6228748e-11
3.9342855e-11
4.2461896e-11
4.6691552e-11
0
0
0
0
0
2.5765436e-09
4.2749975e-11
4.7089936e-11
5.1452848e-11
5.7371509e-11
0
0
0
0
0
0
2.5873081e-09
5.4625987e-11
6.0524586e-11
6.8544626e-11
0
0
0
0
0
0
0
2.6005841e-09
6.9930738e-11
8.067158e-11
0
0
0
0
0
0
0
0
2.6187217e-09
9.4851041e-11
0
0
0
0
0
0
0
0
0
2.6553163e-09
