# Fiducial parameters, omega_b = 0.022237, omega_cdm = 0.12, H0 = 67.36, ln10^{10}A_s = 3.044, n_s = 0.9649, tau_reio = 0.0544, M_tot = 0.06, sigma_NL = 7, beta_0^Euclid = 1, beta_1^Euclid = 1, z_reio = 1, Omega_Lambda = 1, YHe = 1, 100*theta_s = 1, A_s = 0, sigma8 = 0
31328.071 31611.248
29884.741 30140.855
28527.429 28759.174
27250.605 27460.42
26049.032 26239.115
24917.766 25090.096
23852.158 24008.516
22847.85 22989.836
21900.767 22029.816
21007.105 21124.502
20163.317 20270.218
19366.103 19463.54
18612.394 18701.293
17899.335 17980.526
17224.279 17298.503
16584.763 16652.688
15978.504 16040.725
15403.38 15460.433
14857.424 14909.787
14338.806 14386.911
13845.829 13890.061
13376.915 13417.623
12930.598 12968.093
12505.515 12540.079
12100.398 12132.285
11714.067 11743.505
11345.424 11372.619
29893.879 30173.014
28517.292 28769.535
27222.692 27450.731
26004.813 26211.079
24858.664 25045.35
23779.536 23948.618
22763.002 22916.255
21804.909 21943.928
20901.375 21027.592
20048.776 20163.474
19243.733 19348.061
18483.102 18578.089
17763.957 17850.525
17083.579 17162.553
16439.445 16511.563
15829.209 15895.132
15250.692 15311.013
14701.875 14757.124
14180.879 14231.532
13685.963 13732.445
13215.507 13258.201
12768.008 12807.257
12342.067 12378.18
11936.386 11969.64
11549.754 11580.398
11181.047 11209.306
10829.216 10855.293
28411.617 28684.129
27103.916 27349.918
25874.05 26096.203
24717.018 24917.732
23628.088 23809.536
22602.792 22766.93
21636.928 21785.516
20726.558 20861.175
19867.998 19990.061
19057.809 19168.587
18292.784 18393.414
17569.941 17661.44
16886.501 16969.78
16239.887 16315.759
15627.7 15696.894
15047.715 15110.881
14497.865 14555.586
13976.23 14029.029
13481.03 13529.373
13010.609 13054.914
12563.43 12604.071
12138.065 12175.379
11733.186 11767.475
11347.56 11379.093
10980.036 11009.058
10629.548 10656.277
10295.1 10319.732
26914.29 27177.795
25676.091 25913.66
24511.537 24725.792
23415.905 23609.215
22384.716 22559.222
21413.747 21571.374
20499.024 20641.504
19636.823 19765.709
18823.66 18940.345
18056.283 18162.013
17331.66 17427.551
16646.968 16734.018
15999.581 16078.683
15387.058 15459.009
14807.133 14872.644
14257.7 14317.407
13736.801 13791.275
13242.622 13292.37
12773.477 12818.954
12327.799 12369.411
11904.134 11942.245
11501.129 11536.065
11117.529 11149.582
10752.164 10781.596
10403.948 10430.993
10071.869 10096.737
9754.9837 9777.8656
25436.728 25689.206
24267.039 24494.32
23166.871 23371.523
22131.769 22316.112
21157.51 21323.636
20240.106 20389.9
19375.811 19510.965
18561.11 18683.144
17792.718 17902.99
17067.564 17167.292
16382.788 16473.061
15735.727 15817.516
15123.902 15198.076
14545.01 14612.345
13996.912 14058.097
13477.618 13533.273
12985.284 13035.958
12518.194 12564.38
12074.757 12116.894
11653.494 11691.974
11253.032 11288.204
10872.093 10904.272
10509.492 10538.957
10164.124 10191.126
9834.9634 9859.7261
9521.0534 9543.7783
9221.5042 9242.3718
24013.003 24252.963
22909.26 23124.89
21871.076 22064.874
20894.249 21068.475
19974.801 20131.492
19108.974 19249.965
18293.238 18420.174
17524.28 17638.639
16799.003 16902.105
16114.514 16207.541
15468.118 15552.125
14857.303 14933.232
14279.733 14348.426
13733.238 13795.442
13215.799 13272.183
12725.543 12776.701
12260.728 12307.191
11819.737 11861.978
11401.07 11439.511
11003.333 11038.347
10625.229 10657.152
10265.554 10294.685
9923.1881 9949.7943
9597.0914 9621.4104
9286.2945 9308.5389
8989.8954 9010.2556
8707.0539 8725.7002
22674.505 22901.141
21632.706 21835.952
20652.748 20835.026
19730.669 19894.17
18862.717 19009.417
18045.352 18177.029
17275.243 17393.492
16549.27 16655.521
15864.511 15960.042
15218.24 15304.195
14607.915 14685.312
14031.168 14100.917
13485.797 13548.708
12969.753 13026.548
12481.136 12532.455
12018.176 12064.592
11579.231 11621.252
11162.778 11200.855
10767.399 10801.936
10391.779 10423.134
10034.696 10063.186
9695.0124 9720.9225
9371.6731 9395.2553
9063.6952 9085.1745
8770.1643 8789.7413
8490.2294 8508.0831
8223.0977 8239.3877
21446.451 21659.73
20461.443 20652.288
19534.871 19705.624
18662.994 18815.774
17842.268 17978.985
17069.348 17191.722
16341.09 16450.663
15654.545 15752.698
15006.954 15094.922
14395.743 14474.629
13818.509 13889.296
13273.017 13336.581
12757.187 12814.308
12269.083 12320.454
11806.909 11853.146
11368.994 11410.645
10953.787 10991.338
10559.848 10593.731
10185.836 10216.436
9830.5108 9858.1674
9492.7156 9517.7317
9171.3767 9194.0211
8865.4956 8886.0071
8574.1439 8592.7347
8296.4572 8313.3159
8031.6306 8046.9252
7778.9148 7792.7948
20345.723 20546.41
19411.586 19590.756
18532.844 18692.756
17705.949 17848.649
16927.542 17054.875
16194.454 16308.081
15503.705 15605.115
14852.499 14943.027
14238.225 14319.064
13658.441 13730.655
13110.872 13175.411
12593.4 12651.107
12104.052 12155.679
11640.997 11687.21
11202.53 11243.922
10787.069 10824.166
10393.144 10426.413
10019.389 10049.243
9664.5349 9691.3412
9327.4042 9351.4877
9006.9015 9028.5505
8702.0089 8721.4787
8411.7798 8429.2967
8135.3337 8151.0985
7871.8511 7886.0418
7620.5691 7633.3436
7380.7769 7392.2753
19377.585 19567.141
18488.168 18657.039
17651.481 17801.842
16864.145 16997.97
16122.961 16242.031
15424.913 15530.832
14767.163 14861.372
14147.052 14230.843
13562.094 13636.62
13009.966 13076.257
12488.503 12547.477
11995.689 12048.163
11529.648 11576.349
11088.637 11130.209
10671.034 10708.049
10275.334 10308.3
9900.1378 9929.5035
9544.1452 9570.3101
9206.1498 9229.4666
8885.0302 8905.811
8579.7441 8598.2654
8289.3229 8305.829
8012.8655 8027.5727
7749.5339 7762.6336
7498.5483 7510.2097
7259.1823 7269.5553
7030.7593 7039.9765
18533.482 18713.809
17683.039 17843.401
16883.013 17025.504
16130.173 16256.695
15421.455 15533.727
14753.974 14853.547
14125.016 14213.285
13532.037 13610.255
12972.662 13041.947
12444.669 12506.023
11945.99 12000.304
11474.697 11522.766
11028.999 11071.528
10607.227 10644.844
10207.835 10241.096
9829.3815 9858.7795
9470.5302 9496.503
9130.0393 9152.9742
8806.7557 8826.995
8499.6074 8517.4542
8207.5986 8223.3205
7929.8034 7943.6371
7665.3609 7677.5155
7413.4701 7424.1303
7173.3855 7182.7145
6944.413 6952.5549
6725.9059 6732.9879
17789.529 17962.513
16973.406 17127.052
16205.68 16341.993
15483.241 15604.047
14803.145 14910.105
14162.62 14257.232
13559.058 13642.676
12990.019 13063.857
12453.219 12518.366
11946.526 12003.959
11467.957 11518.544
11015.662 11060.18
10587.92 10627.059
10183.132 10217.506
9799.8135 9829.967
9436.5835 9463.0001
9092.1593 9115.2681
8765.3502 8785.5313
8455.0506 8472.6397
8160.232 8175.5264
7879.9396 7893.2018
7613.286 7624.7482
7359.4449 7369.3119
7117.6472 7126.0999
6887.1785 6894.3766
6667.3732 6673.4575
6457.6107 6462.7054
17106.407 17273.249
16321.752 16469.849
15583.657 15714.916
14889.121 15005.289
14235.306 14337.976
13619.539 13710.157
13039.311 13119.183
12492.269 12562.575
11976.219 12038.016
11489.109 11543.349
11029.029 11076.561
10594.201 10635.785
10182.972 10219.284
9793.8037 9825.4483
9425.2687 9452.7812
9076.0402 9099.8968
8744.8849 8765.5088
8430.6584 8448.4248
8132.2986 8147.5394
7848.8176 7861.8267
7579.2981 7590.3355
7322.8879 7332.1833
7078.7925 7086.5488
6846.2729 6852.6693
6624.6431 6629.8377
6413.2639 6417.3962
6211.5388 6214.7317
16432.339 16592.711
15678.656 15820.967
14969.738 15095.781
14302.69 14414.115
13674.775 13773.096
13083.418 13170.014
12526.201 12602.326
12000.861 12067.649
11505.285 11563.759
11037.501 11088.581
10595.671 10640.185
10178.088 10216.775
9783.1624 9816.6838
9409.4169 9438.3635
9055.4809 9080.3782
8720.0802 8741.3961
8402.0306 8420.182
8100.2335 8115.5905
7813.669 7826.5593
7541.3889 7552.1032
7282.5125 7291.3081
7036.2207 7043.3253
6801.7523 6807.367
6578.3988 6582.7015
6365.5009 6368.6487
6162.4449 6164.5761
5968.6587 5969.8955
15709.971 15861.176
14989.36 15123.459
14311.606 14430.246
13673.924 13778.635
13073.686 13165.878
12508.418 12589.386
11975.802 12046.726
11473.669 11535.623
10999.992 11053.949
10552.884 10599.721
10130.585 10171.094
9731.4608 9766.3516
9353.9903 9383.8999
8996.7613 9022.2594
8658.4624 8680.0573
8337.8755 8356.0205
8033.8683 8048.9682
7745.391 7757.8057
7471.4688 7481.5174
7211.1957 7219.1616
6963.7298 6969.8642
6728.2891 6732.8143
6504.1459 6507.2588
6290.6237 6292.4981
6087.0926 6087.8821
5892.9663 5892.8064
5707.6984 5706.7086
14887.983 15024.433
14204.863 14325.635
13562.433 13668.994
12958.038 13051.76
12389.173 12471.33
11853.483 11925.251
11348.759 11411.22
10872.94 10927.081
10424.101 10470.818
10000.445 10040.553
9600.3047 9634.538
9222.1275 9251.1478
8864.4696 8888.8722
8525.9916 8546.3099
8205.4499 8222.1606
7901.6894 7915.2182
7613.6366 7624.3644
7340.2962 7348.5619
7080.7447 7086.8491
6834.1233 6838.3336
6599.6347 6602.1877
6376.5376 6377.6431
6164.1429 6163.9865
5961.8098 5960.5552
5768.9415 5766.7335
5584.9828 5581.9488
5409.4161 5405.6683
13935.856 14049.298
13296.013 13395.856
12694.35 12781.834
12128.362 12204.661
11595.691 11661.904
11094.12 11151.268
10621.573 10670.601
10176.111 10217.884
9755.9274 9791.234
9359.3346 9388.8952
8984.7673 9009.2324
8630.7691 8650.7257
8295.9858 8311.9633
7979.1616 7991.6346
7679.1309 7688.5238
7394.811 7401.5032
7125.196 7129.5269
6869.3536 6871.625
6626.4188 6626.8982
6395.5873 6394.5123
6176.1124 6173.693
5967.3002 5963.7221
5768.5054 5763.9325
5579.1281 5573.7046
5398.6098 5392.4625
5226.4306 5219.6709
5062.1062 5054.8315
12857.802 12938.615
12266.819 12336.832
11711.164 11771.353
11188.51 11239.81
10696.669 10739.961
10233.584 10269.695
9797.3295 9827.0274
9386.1094 9410.1018
8998.2486 9017.1823
8632.1851 8646.6517
8286.4698 8297.0044
7959.755 7966.8407
7650.7877 7654.8603
7358.4065 7359.8563
7081.5332 7080.7086
6819.1669 6816.3787
6570.3782 6565.9036
6334.3053 6328.3905
6110.149 6103.0108
5897.1663 5888.9963
5694.6673 5685.6341
5502.0112 5492.2626
5318.6019 5308.2676
5143.8852 5133.0783
4977.3456 4966.1645
4818.503 4807.033
4666.9101 4655.2252
11699.732 11739.233
11161.101 11193.235
10654.729 10680.176
10178.486 10197.906
9730.3661 9744.3933
9308.4886 9317.7201
8911.0915 8916.0872
8536.5322 8537.8095
8183.2801 8181.3127
7849.9072 7845.1294
7535.0897 7527.8936
7237.5964 7228.3351
6956.2832 6945.2744
6690.0896 6677.6164
6438.0317 6424.3451
6199.1959 6184.5182
5972.7338 5957.262
5757.8592 5741.7659
5553.8429 5537.2786
5360.0071 5343.1029
5175.7228 5158.592
5000.4054 4983.1457
4833.5115 4816.2066
4674.5357 4657.257
4523.0082 4505.8157
4378.4911 4361.4354
4240.5768 4223.6998
10542.816 10535.936
10056.354 10045.905
9599.0876 9585.4369
9169.0868 9152.6053
8764.5293 8745.5814
8383.7105 8362.6467
8025.031 8002.1842
7687.0011 7662.6805
7368.237 7342.7255
7067.4439 7041.0019
6783.423 6756.2834
6515.0597 6487.4304
6261.3177 6233.384
6021.2371 5993.1614
5793.9276 5765.8509
5578.5624 5550.6067
5374.3738 5346.6445
5180.6506 5153.2372
4996.7332 4969.7102
4822.0087 4795.4378
4655.9083 4629.8396
4497.9032 4472.3767
4347.5024 4322.549
4204.249 4179.8919
4067.7183 4043.9735
3937.5146 3914.3922
3813.2696 3790.7746
9483.0831 9430.3873
9044.2747 8991.7763
8631.8711 8579.6253
8244.1187 8192.2081
7879.369 7827.8917
7536.0753 7485.1362
7212.7894 7162.4961
6908.1626 6858.6177
6620.9391 6572.2363
6349.9464 6302.1731
6094.0996 6047.3308
5852.3897 5806.6891
5623.8786 5579.3004
5407.6984 5364.2849
5203.0434 5160.8266
5009.166 4968.1684
4825.3721 4785.6085
4651.0186 4612.4958
4485.5094 4448.2266
4328.2907 4292.241
4178.8485 4144.0194
4036.7052 4003.0795
3901.4172 3868.9736
3772.5719 3741.2858
3649.7857 3619.6297
3532.7015 3503.6457
3420.9867 3392.9996
8601.1615 8509.2264
8201.8833 8113.4625
7826.7141 7741.5716
7474.0474 7391.9987
7142.3712 7063.2698
6830.2683 6753.9959
6536.4117 6462.8725
6259.5662 6188.6776
5998.583 5930.2701
5752.3894 5686.5869
5519.9937 5456.6377
5300.4739 5239.5021
5092.9725 5034.3248
4896.697 4840.3121
4710.9117 4656.7277
4534.9343 4482.8884
4368.1312 4318.1608
4209.9161 4161.9577
4059.7452 4013.7343
3917.1136 3872.9853
3781.5529 3739.2418
3652.6277 3612.0689
3529.9339 3491.0624
3413.0957 3375.847
3301.7635 3266.0741
3195.6124 3161.4192
3094.3395 3061.5809
7934.238 7813.9761
7564.7171 7450.5457
7217.6165 7109.0399
6891.4285 6788.0291
6584.7375 6486.1592
6296.2175 6202.1546
6024.6284 5934.8173
5768.8175 5683.0256
5527.7138 5445.732
5300.3163 5221.9593
5085.7017 5010.7984
4883.0118 4811.404
4691.4491 4622.9909
4510.2767 4444.8303
4338.8113 4276.2458
4176.4191 4116.6103
4022.512 3965.342
3876.5458 3821.9016
3738.0163 3685.789
3606.4555 3556.54
3481.4291 3433.7242
3362.534 3316.942
3249.3956 3205.8224
3141.6661 3100.0209
3039.022 2999.217
2941.1624 2903.1131
2847.8071 2811.4322
7458.9906 7322.0585
7110.5449 6981.5087
6783.3698 6661.5033
6476.0179 6360.7018
6187.1322 6077.8359
5915.4449 5811.7104
5659.771 5561.2029
5419.0109 5325.2625
5192.1445 5102.9072
4978.2189 4893.2219
4776.3567 4695.3544
4585.743 4508.5127
4405.621 4331.9609
4235.2922 4165.0161
4074.1096 4007.0446
3921.4733 3857.4587
3776.8268 3715.7133
3639.6559 3581.3029
3509.4844 3453.759
3385.8702 3332.6467
3268.4035 3217.5626
3156.704 3108.1322
3050.4186 3004.0079
2949.2194 2904.8669
2852.8015 2810.4089
2760.8816 2720.3551
2673.1958 2634.4457
7092.2682 6946.1752
6759.9664 6623.1084
6448.0982 6319.5305
6155.2525 6034.1708
5880.11 5765.8263
5621.4392 5513.3629
5378.0918 5275.7157
5149.0043 5051.8876
4933.1918 4840.9473
4729.7355 4642.0264
4537.7906 4454.3166
4356.5738 4277.0666
4185.358 4109.5783
4023.4732 3951.2038
3870.2994 3801.3419
3725.2619 3659.435
3587.8286 3524.9661
3457.5078 3397.4558
3333.8446 3276.4594
3216.4171 3161.5644
3104.8342 3052.3882
2998.7334 2948.5754
2897.778 2849.7965
2801.6557 2755.7449
2710.0763 2666.136
2622.7699 2580.7051
2539.4855 2499.206
6716.3992 6560.0228
6400.6131 6254.9157
6104.4023 5968.2148
5826.3934 5698.7194
5565.3054 5445.2932
5319.9456 5206.8652
5089.2033 4982.4295
4872.0526 4771.0445
4667.5452 4571.8308
4474.7969 4383.9685
4292.9968 4206.6941
4121.3935 4039.2978
3959.2903 3881.1205
3806.0465 3731.5502
3661.0696 3590.0193
3523.811 3456.0013
3393.763 3329.0079
3270.4569 3208.5862
3153.4597 3094.3162
3042.3697 2985.8085
2936.8152 2882.7015
2836.4515 2784.66
2740.959 2691.3723
2650.041 2602.5492
2563.4222 2517.9219
2480.8466 2437.2402
2402.0762 2360.2718
6234.7021 6057.7055
5940.1767 5775.9623
5664.0548 5511.2151
5405.0293 5262.3561
5161.8817 5028.336
4933.4797 4808.1656
4718.77 4600.9158
4516.7815 4405.7168
4326.6184 4221.7574
4147.4458 4048.28
3978.4995 3884.5798
3819.0718 3730.0014
3668.5077 3583.9362
3526.2046 3445.819
3391.6065 3315.1255
3264.1989 3191.3696
3143.5059 3074.1004
3029.0886 2962.8996
2920.5418 2857.3796
2817.49 2757.1805
2719.5858 2661.9687
2626.5072 2571.4344
2537.9561 2485.2899
2453.6555 2403.2682
2373.3488 2325.1209
2296.7975 2250.6173
2223.7797 2179.5424
5634.7666 5423.6754
5366.8189 5171.4199
5115.7429 4934.382
4880.3282 4711.5692
4659.4489 4502.042
4452.0591 4304.915
4257.1875 4119.3567
4073.9388 3944.5886
3901.4879 3779.8834
3739.066 3624.5631
3585.9706 3477.9967
3441.5518 3339.5974
3305.2079 3208.8202
3176.3865 3085.1591
3054.5778 2968.1448
2939.3105 2857.3419
2830.1488 2752.3468
2726.6915 2652.785
2628.5678 2558.3093
2535.4349 2468.5977
2446.9754 2383.3513
2362.8955 2302.2929
2282.923 2225.1649
2206.8057 2151.728
2134.3096 2081.7602
2065.2173 2015.0545
1999.3269 1951.4188
5004.1839 4752.2673
4764.1847 4531.2393
4539.415 4323.5448
4328.7753 4128.3145
4131.2424 3944.7251
3945.8668 3772.0009
3771.7663 3609.4133
3608.1292 3456.2801
3454.2075 3311.9641
3309.3041 3175.8713
3172.7831 3047.4487
3044.0563 2926.1821
2922.5791 2811.5941
2807.8524 2703.2413
2699.4155 2600.7125
2596.8426 2503.6261
2499.7406 2411.6286
2407.7474 2324.3918
2320.5289 2241.6114
2237.776 2163.0054
2159.2029 2088.3119
2084.5452 2017.2879
2013.558 1949.7077
1946.0145 1885.3618
1881.7044 1824.0554
1820.4325 1765.6074
1762.0174 1709.8492
4468.8309 4181.9173
4252.4872 3987.4165
4049.9944 3804.6491
3860.3437 3632.8499
3682.5976 3471.2945
3515.8864 3319.3002
3359.4023 3176.226
3212.4031 3041.4714
3074.2052 2914.4757
2944.1715 2794.7164
2821.722 2681.7066
2706.3202 2574.9941
2597.4695 2474.1585
2494.7154 2378.8099
2397.6385 2288.5862
2305.8516 2203.1518
2218.9973 2122.1955
2136.7466 2045.4285
2058.7963 1972.5832
1984.8659 1903.4111
1914.6963 1837.682
1848.048 1775.182
1784.6991 1715.7126
1724.4444 1659.0892
1667.0935 1605.1405
1612.47 1553.7072
1560.4101 1504.6409
4097.7153 3790.5578
3897.6597 3614.2592
3710.5451 3448.596
3535.4166 3292.8744
3371.3883 3146.438
3217.6393 3008.668
3073.408 2878.9831
2937.9957 2756.8393
2810.7601 2641.7284
2691.1026 2533.1766
2578.4795 2430.7427
2472.3883 2334.0167
2372.3641 2242.6177
2277.9821 2156.1921
2188.8509 2074.4119
2104.609 1996.9728
2024.9233 1923.5926
1949.4877 1854.0098
1878.0198 1787.9816
1810.259 1725.283
1745.9647 1665.705
1684.9144 1609.054
1626.9025 1555.1499
1571.7386 1503.8256
1519.2465 1454.9256
1469.2629 1408.3056
1421.6361 1363.8312
3850.7129 3535.9461
3661.3924 3371.4895
3484.4599 3216.9537
3318.9855 3071.692
3164.1085 2935.0917
3019.0328 2806.5756
2883.0214 2685.6017
2755.3994 2571.6623
2635.5479 2464.2834
2522.8903 2363.023
2416.9042 2267.4697
2317.1077 2177.2408
2223.0551 2091.9811
2134.3403 2011.3607
2050.5892 1935.0737
1971.4567 1862.8361
1896.6256 1794.385
1825.8041 1729.476
1758.724 1667.8829
1695.1375 1609.3958
1634.8163 1553.8197
1577.5494 1500.9739
1523.1419 1450.6906
1471.4137 1402.8137
1422.198 1357.1984
1375.3405 1313.7098
1330.6978 1272.2227
3613.5603 3291.6443
3434.5519 3138.5501
3267.397 2994.6916
3111.1906 2859.4662
2965.0969 2732.3038
2828.3446 2612.6671
2700.2204 2500.0514
2580.073 2393.9843
2467.3057 2294.0244
2361.3637 2199.7602
2261.7452 2110.8087
2167.9879 2026.8139
2079.6648 1947.4448
1996.3877 1872.3946
1917.799 1801.3783
1843.5698 1734.1318
1773.3975 1670.4099
1707.0047 1609.9856
1644.1361 1552.648
1584.5567 1498.2018
1528.0498 1446.4655
1474.4153 1397.2709
1423.4687 1350.4617
1375.0397 1305.8926
1328.9705 1263.4289
1285.1152 1222.945
1243.3388 1184.3243
3299.7061 2959.6487
3134.4918 2821.9957
2980.3448 2692.6467
2836.41 2571.0602
2701.8983 2456.7234
2576.0822 2349.1533
2458.2899 2247.896
2347.9084 2152.5269
2244.3776 2062.6489
2147.176 1977.8922
2055.8334 1897.9124
1969.9169 1822.3893
1889.0269 1751.0255
1812.8004 1683.5448
1740.9037 1619.6912
1673.0298 1559.2272
1608.897 1501.9323
1548.2467 1447.6024
1490.8417 1396.0479
1436.4634 1347.0931
1384.9107 1300.575
1335.9981 1256.3422
1289.5544 1214.2541
1245.4218 1174.1803
1203.4544 1135.9995
1163.5174 1099.5988
1125.4857 1064.8734
2949.5505 2584.1558
2799.7921 2463.967
2660.1835 2351.0286
2529.9333 2244.8679
2408.3119 2145.0371
2294.6467 2051.1145
2188.3169 1962.7039
2088.7568 1879.4343
1995.4498 1800.9592
1907.9148 1726.9557
1825.719 1657.123
1748.4639 1591.1816
1675.7816 1528.8717
1607.3388 1469.9524
1542.8288 1414.2
1481.97 1361.407
1424.5039 1311.3812
1370.1937 1263.9442
1318.8222 1218.9305
1270.1895 1176.1866
1224.1115 1135.5703
1180.4189 1096.9493
1138.9556 1060.201
1099.5774 1025.2114
1062.1516 991.87459
1026.5552 960.0921
992.67453 929.77231
2663.3581 2278.9887
2526.2118 2172.9932
2398.4765 2073.3919
2279.4106 1979.7679
2168.331 1891.7264
2064.6086 1808.8952
1967.6629 1730.9252
1876.9657 1657.489
1792.0352 1588.2812
1712.4225 1523.0169
1637.7248 1461.4308
1567.5712 1403.2765
1501.6195 1348.3249
1439.5602 1296.3635
1381.1086 1247.195
1326.0036 1200.6364
1274.0056 1156.5183
1224.8956 1114.6831
1178.4725 1074.9852
1134.5515 1037.289
1092.963 1001.4691
1053.5505 967.40893
1016.1701 935.00028
980.68929 904.14266
946.98566 874.74266
914.94625 846.71341
884.46657 819.97413
2469.5749 2078.105
2340.9425 1981.4525
2221.2499 1890.6307
2109.7829 1805.2593
2005.8847 1724.9782
1908.9513 1649.4483
1818.4256 1578.351
1733.802 1511.388
1654.6197 1448.2806
1580.4497 1388.769
1510.9077 1332.6116
1445.6405 1279.5833
1384.3222 1229.4755
1326.6585 1182.0943
1272.3794 1137.2598
1221.2368 1094.8052
1173.004 1054.5759
1127.4735 1016.4283
1084.4553 980.22959
1043.775 945.8562
1005.2722 913.19368
968.79973 882.13578
934.22193 852.58383
901.41404 824.44619
870.2611 797.63768
840.65699 772.0791
812.50364 747.69678
2299.2677 1903.3363
2178.1394 1814.8123
2065.5373 1731.6287
1960.7709 1653.437
1863.2062 1579.9076
1772.2609 1510.7298
1687.3987 1445.6118
1608.1333 1384.2803
1534.0225 1326.4802
1464.6546 1271.9736
1399.6617 1220.539
1338.7057 1171.9705
1281.4753 1126.0767
1227.6897 1082.6802
1177.0912 1041.6163
1129.4439 1002.7321
1084.5319 965.88611
1042.1582 930.94678
1002.1423 897.79234
964.31892 866.30976
928.53621 836.39416
894.65475 807.94823
862.54639 780.8816
832.09328 755.11034
803.18692 730.55642
775.72728 707.14732
749.62197 684.81555
2095.8135 1688.7582
1983.7083 1610.2143
1879.5963 1536.4085
1782.8236 1467.032
1692.7901 1401.7922
1608.945 1340.4133
1530.7815 1282.6366
1457.8405 1228.2195
1389.7048 1176.9357
1325.9864 1128.5741
1266.3388 1082.9381
1210.444 1039.8451
1158.0093 999.12528
1108.7709 960.62124
1062.4871 924.18677
1018.9366 889.68635
977.91733 856.99426
939.24475 825.99392
902.75019 796.57725
868.27918 768.64394
835.69004 742.10096
804.85273 716.86197
775.64786 692.84677
747.96573 669.9809
721.70544 648.19514
696.77402 627.42513
673.08568 607.611
1899.2566 1480.4945
1795.896 1411.6369
1700.0028 1346.9331
1610.9601 1286.1124
1528.2023 1228.9182
1451.2108 1175.1088
1379.5083 1124.4573
1312.6632 1076.7511
1250.2837 1031.7918
1192.0048 989.3943
1137.5019 949.38631
1086.4767 911.60766
1038.6547 875.9096
993.78925 842.15401
951.65407 810.21278
912.04226 779.96707
874.76519 751.30668
839.65068 724.12943
806.5414 698.34052
775.29347 673.85205
745.77502 650.58245
717.86512 628.45602
691.45281 607.40247
666.43627 587.3565
642.72189 568.25744
620.22351 550.04886
598.8617 532.67828
1752.874 1329.9955
1656.0649 1268.1376
1566.3392 1210.0113
1483.1057 1155.3732
1405.8225 1103.993
1333.9932 1055.6536
1267.1615 1010.1511
1204.9151 967.29445
1146.8802 926.90548
1092.7087 888.81788
1042.0913 852.87689
994.7442 818.93861
950.40645 786.86941
908.84357 756.54523
869.84095 727.85098
833.20233 700.67989
798.74903 674.93297
766.31807 650.5184
735.76068 627.35106
706.94094 605.35195
679.73438 584.44781
654.02694 564.57064
629.71411 545.65727
606.70001 527.64907
584.89663 510.49151
564.223 494.13392
544.60454 478.52914
1623.4847 1198.6861
1532.5116 1142.9353
1448.278 1090.5478
1370.2153 1041.3042
1297.8032 994.99671
1230.5654 951.42981
1168.0644 910.4197
1109.9053 871.7943
1055.7305 835.3929
1005.207 801.06566
958.03946 768.67309
913.95705 738.08552
872.71077 709.18249
834.07733 681.8522
797.85241 655.99091
763.84935 631.5024
731.89837 608.29745
701.84476 586.29331
673.54738 565.41326
646.87745 545.58611
621.71713 526.74582
597.9585 508.8311
575.5028 491.78504
554.2595 475.55477
534.14555 460.09116
515.08463 445.34854
497.0065 431.28441
1486.22 1056.7246
1401.4575 1007.5765
1323.0545 961.39325
1250.4697 917.98156
1183.2081 877.15835
1120.8169 838.75113
1062.8802 802.59788
1009.0232 768.54693
958.9068 736.45658
912.21495 706.19475
868.66805 677.63846
828.00972 650.67341
790.00427 625.1934
754.44067 601.09986
721.12588 578.30134
689.88367 556.71303
660.55395 536.25626
632.99089 516.8581
607.06155 498.45089
582.64476 480.97188
559.62972 464.36287
537.91506 448.5698
517.40805 433.54252
498.02379 419.23442
479.68447 405.60218
462.31862 392.60554
445.86053 380.20704
1367.6086 936.10219
1288.2645 892.56421
1214.9467 851.65269
1147.1379 813.19634
1084.3652 777.033
1026.1965 743.00987
972.23486 710.98342
922.12313 680.81929
875.53829 652.39198
832.17941 625.58446
791.7806 600.28781
754.09818 576.40075
718.90817 553.82921
686.01031 532.48589
655.22148 512.28977
626.37464 493.1657
599.31819 475.04402
573.91409 457.86011
550.03664 441.55404
527.57133 426.07021
506.41357 411.35707
486.46772 397.36675
467.64636 384.05479
449.86953 371.37992
433.06401 359.30377
417.1626 347.79066
402.10354 336.80741
1267.2487 836.79179
1192.5558 797.87289
1123.6018 761.30165
1059.8898 726.92512
1000.9663 694.59838
946.41654 664.1848
895.86022 635.55605
848.95531 608.592
805.39278 583.18051
764.88469 559.21697
727.17703 536.60401
692.03709 515.25111
659.25105 495.07417
628.62797 475.99516
599.99331 457.94164
573.18796 440.84643
548.06769 424.64726
524.50124 409.28637
502.36914 394.71019
481.56269 380.86904
461.98266 367.7168
443.53836 355.2107
426.14701 343.31099
409.73291 331.98079
394.22682 321.18578
379.56523 310.89409
365.68983 301.07605
1168.8504 738.86637
1098.7436 704.50181
1034.086 672.21031
974.40202 641.85668
919.25784 613.31292
868.25732 586.45843
821.03706 561.17993
777.27067 537.37136
736.66343 514.93366
698.94068 493.77445
663.86053 473.80778
631.20138 454.9537
600.75973 437.13797
572.35402 420.29166
545.81836 404.35084
521.00163 389.2562
497.76696 374.95274
475.98982 361.38947
455.55698 348.51907
436.36548 336.29767
418.32139 324.68458
401.33895 313.642
385.3399 303.13486
370.25277 293.13057
356.01221 283.59885
342.55832 274.51155
329.83618 265.84246
1081.5826 653.8296
1015.6032 623.42008
954.80875 594.84504
898.74348 567.98486
846.99171 542.72627
799.1742 518.96249
754.94322 496.59331
713.98675 475.52489
676.02321 455.66956
640.79014 436.94558
608.05674 419.27689
577.61165 402.59274
549.26075 386.82743
522.83108 371.91998
498.16468 357.8138
475.11769 344.45642
453.55995 331.79917
433.37309 319.7969
414.44955 308.40777
396.69158 297.59294
380.01009 287.31641
364.32378 277.54473
349.5585 268.24686
335.64661 259.39397
322.52627 250.95927
310.14088 242.91783
298.43855 235.24647
1003.6024 579.61124
941.37335 552.65362
884.08532 527.32224
831.30097 503.51108
782.62169 481.11965
737.68406 460.05337
696.15496 440.22339
657.73571 421.54651
622.15699 403.94502
589.1677 387.34647
558.54734 371.68341
530.094 356.89313
503.62232 342.91741
478.96729 329.70216
455.97824 317.19722
434.51805 305.35607
414.46275 294.13558
395.69966 283.49572
378.1264 273.39941
361.65006 263.81221
346.18597 254.70219
331.6569 246.03973
317.99252 237.7973
305.12864 229.94933
293.00667 222.47207
281.57302 215.34344
270.77854 208.54289
930.66117 510.90031
871.9823 487.13842
818.00948 464.80998
768.32337 443.82151
722.54215 424.0845
680.31784 405.51556
641.3316 388.03636
605.29779 371.57357
571.959 356.05868
541.07522 341.42783
512.43592 327.62157
485.84838 314.58463
461.13572 302.26568
438.14061 290.61705
416.71942 279.59453
396.74152 269.15712
378.08888 259.26678
360.65428 249.88824
344.34033 240.98881
329.05871 232.53815
314.72899 224.5081
301.27785 216.87254
288.63852 209.60722
276.75017 202.68961
265.55727 196.09875
255.00904 189.8152
245.059 183.82083
865.62158 451.56684
810.1768 430.56455
759.22004 410.82923
712.34896 392.27825
669.19749 374.83341
629.43217 358.42099
592.74754 342.97175
558.87018 328.42086
527.55386 314.7078
498.56891 301.7761
471.71414 289.57324
446.80541 278.05034
423.67371 267.16205
402.16887 256.86623
382.15382 247.12381
363.50393 237.89855
346.10672 229.15682
329.85999 220.86746
314.67098 213.00157
300.45562 205.53232
287.13739 198.43484
274.64656 191.68604
262.91969 185.26447
251.89898 179.15024
241.53172 173.32482
231.76974 167.77101
222.56896 162.47279
805.45427 397.76695
753.05124 379.26687
704.92739 361.88283
660.69693 345.54203
620.00907 330.17557
582.54445 315.71852
548.01062 302.1099
516.14603 289.29263
486.71521 277.21335
459.49852 265.82235
434.30377 255.07334
410.95507 244.92329
389.29102 235.33223
369.16832 226.26306
350.45619 217.68136
333.03577 209.5552
316.79986 201.85497
301.65108 194.55321
287.50107 187.62446
274.26983 181.04511
261.88454 174.79322
250.27888 168.84848
239.39255 163.19198
229.17065 157.8062
219.56314 152.67482
210.5243 147.78269
202.01231 143.1157
750.80493 350.49901
701.22727 334.19736
655.7309 318.87912
613.94599 304.48016
575.53642 290.93976
540.19637 278.20069
507.6459 266.20923
477.63478 254.91507
449.93786 244.27121
424.3451 234.23384
400.67289 224.76217
378.75321 215.81828
358.43189 207.36697
339.57216 199.37552
322.04922 191.81361
305.74968 184.65311
290.57133 177.8679
276.42134 171.43382
263.21555 165.32844
250.87775 159.53093
239.33861 154.02198
228.53504 148.78367
218.40968 143.79935
208.91034 139.05358
199.98946 134.53198
191.60364 130.2212
183.71317 126.10881
700.50942 308.30442
653.58732 293.96519
610.55695 280.49104
571.0639 267.8255
534.78635 255.91515
501.43163 244.70967
470.73191 234.1618
442.44793 224.22728
416.36453 214.86478
392.28096 206.03575
370.02186 197.70433
349.42682 189.83715
330.34864 182.40324
312.65681 175.37384
296.23228 168.72227
280.96688 162.42376
266.76319 156.45535
253.53277 150.7958
241.19544 145.42542
229.6786 140.32584
218.91627 135.48008
208.84839 130.87238
199.42041 126.4881
190.58271 122.31365
182.29009 118.33638
174.50131 114.54455
167.17868 110.92723
654.39907 271.07229
609.97098 258.46477
569.25285 246.6178
531.90541 235.48179
497.62071 225.00978
466.11885 215.15752
437.14374 205.88345
410.46677 197.14866
385.88242 188.91681
363.19891 181.15401
342.24888 173.82871
322.87921 166.9116
304.94942 160.37544
288.33506 154.19494
272.92255 148.34663
258.6088 142.80878
245.30095 137.56118
232.9147 132.58514
221.37365 127.8633
210.60869 123.37957
200.55702 119.119
191.16149 115.06775
182.37019 111.21293
174.13594 107.5426
166.41577 104.04564
159.17051 100.71173
152.36434 97.531245
611.86357 238.05071
569.79182 226.97902
531.25493 216.57523
495.92836 206.79579
463.51773 197.59947
433.75559 188.94739
406.39729 180.80308
381.2246 173.13235
358.04136 165.90329
336.66451 159.08614
316.93444 152.65321
298.70511 146.57873
281.84254 140.8388
266.2281 135.4112
251.75355 130.27532
238.32061 125.41208
225.84088 120.80375
214.23403 116.43387
203.42728 112.2872
193.35491 108.34964
183.95714 104.6081
175.17958 101.05036
166.97286 97.665132
159.29212 94.441914
152.09652 91.370951
145.34884 88.443169
139.01506 85.65013
572.59339 208.8997
532.75304 199.18382
496.27842 190.05406
462.85943 181.47218
432.21497 173.40201
404.08976 165.80944
378.25033 158.66245
354.48855 151.93106
332.6174 145.58725
312.4623 139.60491
293.87118 133.95973
276.70486 128.62912
260.83568 123.59208
246.15063 118.82912
232.54664 114.32217
219.93011 110.05447
208.21688 106.01045
197.33051 102.17571
187.20173 98.53686
177.76798 95.081501
168.97239 91.798124
160.76325 88.676054
153.09362 85.705369
145.92086 82.876853
139.20616 80.181947
132.91415 77.612693
127.01254 75.161681
536.20773 183.15526
498.48844 174.63674
463.97102 166.63212
432.35955 159.10786
403.38595 152.03225
376.80685 145.37539
352.39976 139.10919
329.96639 133.20737
309.32867 127.64536
290.3203 122.40028
272.79652 117.45081
256.62487 112.77714
241.68382 108.36087
227.86577 104.18481
215.07269 100.23321
203.21562 96.491446
192.21444 92.945816
181.99643 89.583657
172.49572 86.393257
163.65284 83.363738
155.41371 80.485006
147.72919 77.747699
140.55467 75.143119
133.84964 72.66319
127.57722 70.300404
121.70385 68.047782
116.19884 65.89883
502.40024 160.44489
466.70319 152.98262
434.04887 145.97053
404.15533 139.37924
376.76727 133.18096
351.65302 127.34951
328.60083 121.86028
307.42209 116.69025
287.94744 111.81791
270.01869 107.22319
253.49825 102.88742
238.26016 98.793257
224.18888 94.924565
211.18224 91.266387
199.14697 87.804839
187.99847 84.527037
177.66066 81.42104
168.06446 78.475773
159.14728 75.680965
150.85261 73.027088
143.1291 70.505304
135.93006 68.107408
129.21313 65.825782
122.93985 63.653349
117.07523 61.583538
111.58739 59.610236
106.44721 57.727746
470.9023 140.43633
437.13844 133.90462
406.26249 127.76695
378.00624 121.99761
352.12695 116.57227
328.40448 111.46801
306.63762 106.66329
286.64722 102.13797
268.27247 97.873216
251.36314 93.851466
235.78858 90.056369
221.42928 86.472762
208.17551 83.086519
195.93018 79.884418
184.60509 76.85471
174.12002 73.986223
164.40215 71.26774
155.38602 68.689669
147.01248 66.243377
139.22785 63.920462
131.98339 61.713145
125.23481 59.61427
118.94192 57.617169
113.06822 55.715645
107.58052 53.903941
102.44859 52.176709
97.644829 50.528966
441.47537 122.82717
409.56396 117.11445
380.38963 111.74635
353.69772 106.7004
329.25787 101.95532
306.86122 97.491052
286.31693 93.288779
267.45514 89.330865
250.12343 85.600844
234.17934 82.083362
219.49906 78.764109
205.96931 75.629837
193.48608 72.668186
181.95728 69.867513
171.29954 67.217801
161.43684 64.709342
152.2998 62.331839
143.8264 60.076966
135.96078 57.937402
128.65201 55.905758
121.85388 53.975205
115.52441 52.139497
109.62552 50.392804
104.12262 48.729704
98.984254 47.145162
94.181767 45.634499
89.689011 44.193361
413.9109 107.34607
383.77808 102.35342
356.23529 97.661956
331.0412 93.252033
307.97765 89.105058
286.84687 85.203506
267.46821 81.530922
249.68093 78.071896
233.34079 74.812036
218.31297 71.737924
204.48036 68.837066
191.73575 66.097853
179.98072 63.509497
169.12829 61.06197
159.09909 58.746032
149.8211 56.553082
141.22948 54.475029
133.26541 52.504478
125.87563 50.634603
119.01203 48.85902
112.63088 47.171812
106.69244 45.567491
101.16064 44.040962
96.002759 42.58749
91.189009 41.202674
86.692269 39.882425
82.487787 38.622937
388.02406 93.745354
359.60167 89.385294
333.62589 85.288258
309.86853 81.437089
288.1234 77.815554
268.20365 74.408348
249.9386 71.201097
233.17646 68.180346
217.78104 65.333526
203.62497 62.648916
190.59771 60.115616
178.59799 57.72347
167.53285 55.463063
157.32021 53.325713
147.88488 51.303105
139.15874 49.387666
131.08099 47.572796
123.59598 45.851974
116.65318 44.21902
110.20716 42.668401
104.2166 41.194971
98.643939 39.793926
93.455079 38.460813
88.61907 37.191501
84.107767 35.982147
79.895522 34.829179
75.958932 33.729272
363.65746 81.807404
336.88166 78.002573
312.41263 74.427271
290.03511 71.066526
269.55466 67.906173
250.79514 64.932854
233.59568 62.134028
217.81322 59.497953
203.31945 57.013658
189.99432 54.670919
177.73367 52.460219
166.44206 50.372699
156.03187 48.400143
146.42573 46.534967
137.55277 44.769934
129.34875 43.098441
121.7563 41.514692
114.72294 40.013003
108.20102 38.587997
102.14767 37.234841
96.523908 35.949044
91.294269 34.726413
86.426583 33.563065
81.891629 32.455392
77.662839 31.400043
73.715996 30.393899
70.029001 29.434057
340.67513 71.338897
315.48556 68.020943
292.4665 64.903147
271.41538 61.972454
252.1493 59.216509
234.50262 56.623665
218.32404 54.182984
203.47908 51.884228
189.84711 49.717831
177.31524 47.674876
165.78554 45.747061
155.16828 43.926668
145.38102 42.206529
136.35096 40.58
128.01153 39.040871
120.3023 37.583409
113.16909 36.202369
106.56251 34.892819
100.43778 33.650161
94.754514 32.470163
89.475995 31.3489
84.568805 30.282721
80.002633 29.268238
75.749942 28.302307
71.785689 27.382004
68.087045 26.50461
64.633171 25.667591
318.95896 62.167375
295.2981 59.27598
273.67509 56.559011
253.89983 54.005092
235.8007 51.603454
219.22233 49.343948
204.02278 47.217043
190.07596 45.213817
177.26871 43.325934
165.49514 41.545623
154.66339 39.865648
144.68928 38.279288
135.49544 36.780293
127.01354 35.362855
119.18113 34.021627
111.94152 32.751629
105.24365 31.548168
99.041163 30.406961
93.292035 29.32406
87.958301 28.295767
83.005432 27.318654
78.402009 26.389543
74.119525 25.505484
70.13207 24.663734
66.416084 23.861746
62.95008 23.097151
59.714443 22.36774
298.40943 54.138944
276.2216 51.620949
255.94268 49.254855
237.39473 47.030753
220.41718 44.939267
204.86468 42.971557
190.60444 41.119325
177.51849 39.374799
165.50101 37.730721
154.45288 36.180322
144.28817 34.717302
134.92809 33.335807
126.3002 32.030396
118.34053 30.796005
110.99059 29.627991
104.19728 28.522019
97.912724 27.47398
92.093475 26.480149
86.700136 25.537095
81.697097 24.641598
77.051966 23.790671
72.735256 22.981547
68.720207 22.211657
64.982492 21.478612
61.499983 20.780195
58.252496 20.11434
55.2216 19.479128
278.94193 47.116708
258.17264 44.925318
239.18712 42.866125
221.81934 40.930507
205.9195 39.110303
191.35198 37.397822
177.9929 35.785839
165.73222 34.267592
154.47121 32.836764
144.11734 31.487464
134.59044 30.21421
125.81696 29.011906
117.72923 27.875817
110.2675 26.80154
103.37714 25.785021
97.008469 24.822484
91.116797 23.910379
85.661474 23.045458
80.605624 22.224726
75.915931 21.445381
71.562068 20.704826
67.516423 20.000652
63.753928 19.330623
60.251789 18.69266
56.989262 18.084832
53.947426 17.505344
51.108994 16.952525
260.48266 40.979321
241.07836 39.073381
223.33663 37.282418
207.10304 35.598934
192.23826 34.015829
178.61616 32.526416
166.1215 31.12441
154.65189 29.80393
144.1155 28.559481
134.42619 27.385941
125.50934 26.278542
117.29648 25.232849
109.72457 24.244746
102.73797 23.310409
96.285715 22.426294
90.321497 21.589113
84.803679 20.79581
79.694328 20.043557
74.959006 19.329734
70.56661 18.651906
66.488819 18.007816
62.699831 17.395368
59.176214 16.812616
55.896656 16.257754
52.841756 15.729102
49.993808 15.225098
47.336634 14.744289
242.96785 35.61935
224.87565 33.962703
208.32891 32.405993
193.18447 30.942704
179.31313 29.566666
166.59798 28.272063
154.9321 27.053436
144.22055 25.905671
134.37814 24.823993
125.32492 23.803949
116.99163 22.841395
109.31468 21.932476
102.23552 21.073614
95.702453 20.261488
89.668096 19.493009
84.089378 18.765317
78.927597 18.075772
74.147444 17.421914
69.716845 16.801456
65.606834 16.212286
61.791025 15.652441
58.245363 15.120099
54.948 14.61357
51.879053 14.131283
49.020417 13.671777
46.35556 13.233695
43.869373 12.815775
226.34581 30.941797
209.51303 29.502702
194.1128 28.150421
180.01288 26.879292
167.09392 25.683956
155.24784 24.559361
144.37583 23.500764
134.39009 22.503725
125.21183 21.564093
116.76706 20.678002
108.99169 19.841851
101.82685 19.052292
95.218288 18.306217
89.118106 17.60074
83.482374 16.933178
78.271148 16.301045
73.448524 15.702051
68.98173 15.134058
64.840974 14.59508
60.99935 14.083279
57.432332 13.596954
54.117552 13.13452
51.034686 12.694508
48.165229 12.275555
45.492325 11.876391
43.000574 11.495839
40.675897 11.1328
210.57264 26.86274
194.94658 25.613361
180.64452 24.439351
167.54476 23.335795
155.53743 22.29804
144.52301 21.3217
134.41044 20.402657
125.11881 19.537058
116.5755 18.721298
108.71221 17.952021
101.46984 17.226099
94.79402 16.540628
88.634648 15.892907
82.947463 15.280433
77.691858 14.700876
72.830887 14.152081
68.331328 13.632053
64.162839 13.138938
60.29783 12.671013
56.71137 12.226684
53.380721 11.80447
50.285137 11.402999
47.405758 11.020994
44.725404 10.657271
42.228418 10.31073
39.900493 9.9803454
37.728536 9.6651661
195.60928 23.30812
181.13725 22.224065
167.88517 21.205406
155.74147 20.247879
144.60539 19.347445
134.38561 18.500299
124.99854 17.702869
116.36986 16.95181
108.43284 16.243996
101.12468 15.576513
94.391001 14.94665
88.181781 14.351883
82.450866 13.789873
77.157484 13.258443
72.264204 12.755578
67.73695 12.279406
63.545063 11.828192
59.660533 11.400328
56.057874 10.994321
52.714049 10.608788
49.608033 10.242444
46.720635 9.8940973
44.034397 9.5626414
41.533411 9.2470483
39.203173 8.9463628
37.030418 8.6596966
35.003006 8.3862234
181.42134 20.212644
168.05071 19.272559
155.80056 18.389185
144.56904 17.558823
134.26413 16.777974
124.80237 16.043334
116.10727 15.351809
108.11085 14.700495
100.75199 14.086684
93.973121 13.507847
87.724401 12.961634
81.959933 12.445856
76.637337 11.958485
71.719165 11.497632
67.171015 11.061551
62.961549 10.64862
59.062558 10.257331
55.448253 9.8862897
52.09516 9.5342035
48.982047 9.1998717
46.089528 8.8821806
43.399896 8.5800967
40.897036 8.2926603
38.566256 8.0189801
36.394152 7.7582277
34.368461 7.5096327
32.477953 7.2724785
167.98073 17.518781
155.6587 16.703987
144.36243 15.938345
133.99933 15.218651
124.4857 14.54187
115.74555 13.905141
107.70919 13.30578
100.31464 12.741271
93.506145 12.209266
87.231106 11.707574
81.443995 11.234158
76.102837 10.787122
71.168841 10.364705
66.607723 9.9652733
62.387954 9.5873116
58.480801 9.2294141
54.860388 8.8902747
51.503041 8.5686846
48.387196 8.2635231
45.493341 7.9737497
42.803651 7.6983992
40.301832 7.4365759
37.97305 7.187448
35.803772 6.9502428
33.781644 6.7242425
31.895359 6.5087793
30.134555 6.303232
155.26232 15.175923
143.93606 14.470094
133.5457 13.806846
124.0074 13.183399
115.24535 12.597127
107.19067 12.045551
99.780089 11.526345
92.957328 11.03733
86.671722 10.576472
80.87539 10.141874
75.526886 9.7317697
70.587958 9.3445174
66.023218 8.9785921
61.801375 8.6325782
57.893629 8.3051628
54.273711 7.9951278
50.91796 7.7013428
47.804707 7.4227604
44.914198 7.1584094
42.228555 6.9073886
39.731433 6.6688619
37.407881 6.4420533
35.244279 6.2262422
33.228198 6.0207595
31.348284 5.8249831
29.594137 5.6383347
27.956221 5.4602761
143.24243 13.139608
132.85924 12.528489
123.32701 11.954235
114.57018 11.414443
106.52033 10.906837
99.115283 10.429272
92.297872 9.9797338
86.017183 9.5563356
80.227357 9.157316
74.884978 8.7810325
69.952456 8.4259563
65.395057 8.0906658
61.180606 7.7738406
57.280644 7.4742552
53.668944 7.1907725
50.321569 6.9223377
47.21695 6.6679728
44.33531 6.4267708
41.658609 6.1978906
39.170511 5.9805519
36.856073 5.7740309
34.701614 5.5776556
32.694667 5.3908022
30.823845 5.2128913
29.078741 5.0433843
27.449817 4.8817805
25.928323 4.7276139
131.89903 11.37081
122.40644 10.841957
113.68489 10.345007
105.66652 9.8778796
98.289864 9.4386056
91.499034 9.0253285
85.242574 8.636305
79.474634 8.2699029
74.153875 7.9245977
69.241084 7.598968
64.702304 7.2916907
60.506112 7.0015356
56.62336 6.7273602
53.028253 6.4681038
49.69699 6.2227822
46.607828 5.9904828
43.741165 5.7703594
41.07901 5.561627
38.604936 5.3635577
36.304062 5.1754763
34.162763 4.9967562
32.16856 4.8268162
30.31007 4.6651162
28.576891 4.5111549
26.959514 4.3644662
25.449214 4.2246168
24.037982 4.0912036
121.21325 9.8352968
112.55888 9.3778601
104.60074 8.9480184
97.278101 8.5439722
90.535969 8.1640178
84.324292 7.8065496
78.596948 7.4700599
73.312816 7.1531368
68.434788 6.8544616
63.927589 6.572805
59.760665 6.3070224
55.905699 6.0560499
52.336383 5.8188991
49.029422 5.5946527
45.963292 5.3824594
43.118308 5.1815296
40.476718 4.9911317
38.022203 4.8105865
35.739853 4.6392645
33.616154 4.4765816
31.63872 4.3219959
29.7962 4.1750045
28.078232 4.0351405
26.475344 3.9019702
24.978865 3.7750903
23.580841 3.6541261
22.273962 3.538729
111.16655 8.5030759
103.2983 8.1076005
96.056682 7.7359823
89.387493 7.3866654
83.24167 7.0581771
77.574551 6.7491292
72.344953 6.4582181
67.516144 6.1842232
63.054944 5.9260046
58.929752 5.6824992
55.113187 5.4527178
51.579834 5.2357403
48.306039 5.0307123
45.270845 4.8368408
42.454856 4.6533897
39.840316 4.4796766
37.411199 4.3150687
35.152757 4.158979
33.051497 4.010863
31.095183 3.870216
29.272594 3.7365695
27.573433 3.6094885
25.988296 3.4885695
24.508581 3.3734375
23.126407 3.2637439
21.83454 3.1591647
20.626329 3.0593985
101.73972 7.3478883
94.606173 7.0061404
88.034854 6.6850086
81.977474 6.3831484
76.390374 6.099287
71.233828 5.8322249
66.471185 5.5808357
62.069755 5.3440645
57.999993 5.1209263
54.2337 4.9105025
50.746444 4.7119381
47.515506 4.5244382
44.519704 4.3472644
41.74026 4.1797313
39.159761 4.0212031
36.762252 3.87109
34.533315 3.7288449
32.459666 3.5939608
30.529138 3.4659672
28.730687 3.3444279
27.054177 3.2289379
25.490297 3.1191216
24.030538 3.0146301
22.667109 2.9151393
21.39287 2.8203482
20.201262 2.7299766
19.086246 2.6437642
92.91378 6.3467609
86.464355 6.0515753
80.517896 5.7741968
75.031433 5.5134642
69.966184 5.2682782
65.286894 5.0376025
60.961046 4.8204643
56.959648 4.6159526
53.25649 4.4232163
49.826509 4.2414622
46.647994 4.0699516
43.700721 3.907998
40.965803 3.7549637
38.426477 3.6102565
36.067178 3.4733273
33.873619 3.3436667
31.832883 3.2208021
29.933042 3.1042956
28.163163 2.9937407
26.513314 2.8887607
24.974365 2.7890059
23.537924 2.6941518
22.196316 2.6038969
20.942506 2.5179615
19.770042 2.4360854
18.672994 2.3580267
17.645897 2.2835604
84.671592 5.4796051
78.856446 5.2247507
73.49008 4.9852704
68.534275 4.7601617
63.954615 4.5484755
59.719866 4.349317
55.80124 4.1618464
52.173094 3.9852771
48.812251 3.8188744
45.696513 3.6619533
42.806661 3.5138762
40.124761 3.3740503
37.634038 3.241925
35.319592 3.1169892
33.167562 2.9987686
31.165206 2.8868235
29.300992 2.7807459
27.564256 2.6801576
25.945205 2.5847079
24.434935 2.4940713
23.025255 2.4079459
21.708623 2.3260517
20.478137 2.2481283
19.327465 2.1739342
18.250796 2.1032448
17.242781 2.0358512
16.29849 1.9715592
76.994812 4.7288786
71.765188 4.5089403
66.935112 4.3022699
62.47058 4.108002
58.341056 3.9253176
54.518888 3.7534447
50.978621 3.5916584
47.697617 3.4392798
44.65543 3.2956749
41.832453 3.1602526
39.21173 3.0324627
36.777415 2.9117935
34.514663 2.7977699
32.410283 2.6899508
30.45198 2.5879269
28.628434 2.4913187
26.929393 2.3997741
25.345354 2.3129668
23.867581 2.2305941
22.488122 2.152375
21.19965 2.0780492
19.995413 2.0073748
18.869223 1.9401272
17.815398 1.876098
16.828719 1.8150933
15.904379 1.7569329
15.037942 1.7014492
69.86336 4.0792762
65.172006 3.8895507
60.835726 3.7112705
56.824243 3.5436892
53.110444 3.3861001
49.669839 3.2378373
46.47993 3.0982755
43.520747 2.9668291
40.774278 2.8429512
38.223245 2.7261318
35.852724 2.6158963
33.648761 2.5118034
31.598265 2.4134432
29.689601 2.3204351
27.911904 2.2324262
26.255161 2.149089
24.710291 2.0701198
23.268864 1.9952372
21.923113 1.9241799
20.665964 1.8567058
19.490887 1.7925901
18.391858 1.7316241
17.363347 1.6736143
16.400275 1.6183808
15.497967 1.5657562
14.652116 1.5155853
13.858744 1.4677233
63.256475 3.5174535
59.057933 3.3538583
55.174498 3.200132
51.579172 3.0556311
48.247853 2.9197462
45.158827 2.7919031
42.292197 2.6715627
39.630345 2.5582199
37.157412 2.4514033
34.858192 2.350673
32.719577 2.2556199
30.729309 2.1658633
28.875879 2.0810498
27.149062 2.0008514
25.539292 1.9249637
24.037745 1.8531042
22.636414 1.7850112
21.327846 1.7204418
20.105167 1.659171
18.962106 1.6009899
17.892867 1.5457045
16.892092 1.4931352
15.954861 1.4431149
15.076645 1.3954884
14.253273 1.3501117
13.480896 1.3068506
12.755957 1.2655804
57.153946 3.0317842
53.404733 2.8907773
49.934836 2.7582768
46.720156 2.6337277
43.739239 2.5166051
40.972812 2.4064139
38.40326 2.3026894
36.01503 2.2049965
33.794159 2.1129285
31.727271 2.0261065
29.802865 1.9441778
28.010191 1.8668143
26.339154 1.7937114
24.780792 1.7245864
23.326712 1.6591767
21.969163 1.5972392
20.701109 1.5385481
19.51599 1.4828941
18.407743 1.4300833
17.37083 1.3799354
16.400128 1.3322836
15.49089 1.2869727
14.63875 1.2438589
13.839688 1.2028084
13.089992 1.163697
12.386237 1.1264092
11.72525 1.0908374
51.534032 2.6121446
48.192875 2.4906551
45.099081 2.3764945
42.231124 2.2691848
39.569889 2.1682736
37.098252 2.0733344
34.800599 1.9839668
32.663189 1.8997959
30.673716 1.8204714
28.82041 1.7456668
27.093182 1.6750781
25.482611 1.6084228
23.979854 1.5454384
22.57707 1.4858812
21.266913 1.4295252
20.042594 1.3761607
18.897952 1.3255932
17.827231 1.2776425
16.825102 1.2321414
15.886697 1.1889347
15.007501 1.1478785
14.183325 1.1088393
13.410313 1.071693
12.684904 1.0363245
12.003811 1.0026266
11.363992 0.97049989
10.76263 0.9398517
46.373474 2.2497256
43.4015 2.1450921
40.64844 2.0467706
38.095063 1.9543496
35.724329 1.8674392
33.521006 1.7856724
31.471244 1.708704
29.56288 1.6362114
27.785055 1.5678927
26.1274 1.5034668
24.581056 1.4426719
23.137764 1.3852647
21.789779 1.331019
20.530247 1.279725
19.352747 1.231188
18.251347 1.1852275
17.220666 1.141676
16.255668 1.1003782
15.351689 1.0611901
14.504461 1.0239781
13.710024 0.98861818
12.964695 0.95499542
12.265078 0.92300296
11.608035 0.89254159
10.990663 0.86351911
10.410274 0.83584978
9.8643713 0.80945384
41.648248 1.9368645
39.00914 1.846782
36.563669 1.7621339
34.294661 1.6825656
32.18692 1.6077416
30.22689 1.5373458
28.402269 1.4710812
26.702279 1.4086699
25.117317 1.3498521
23.638234 1.2943857
22.257239 1.2420454
20.967079 1.1926216
19.760969 1.1459197
18.632915 1.101759
17.577309 1.0599719
16.588975 1.020403
15.66322 0.98290803
14.795653 0.94735337
13.982201 0.913615
13.219138 0.88157792
12.503 0.85113542
11.830564 0.82218846
11.198851 0.79464508
10.605105 0.76841987
10.046773 0.74343344
9.5214864 0.71961199
9.0270422 0.69688683
37.334175 1.6668992
34.994295 1.5893728
32.82562 1.5165232
30.812815 1.4480454
28.942331 1.3836507
27.202099 1.3230669
25.581184 1.2660385
24.070023 1.2123263
22.660113 1.1617067
21.34337 1.1139714
20.112927 1.0689264
18.962409 1.0263915
17.88586 0.98619902
16.878039 0.94819358
15.934046 0.91223092
15.049362 0.87817723
14.219905 0.84590844
13.441848 0.81530949
12.711644 0.78627368
12.026049 0.75870202
11.382042 0.73250268
10.776811 0.70759043
10.207752 0.68388613
9.672455 0.66131626
9.1686819 0.63981251
8.6943531 0.61931135
8.2475327 0.59975369
33.406519 1.4340452
31.334885 1.3673488
29.414563 1.3046758
27.631865 1.245764
25.974713 1.1903648
24.432362 1.1382442
22.995091 1.0891823
21.654408 1.0429733
20.402777 0.99942497
19.233048 0.958358
18.139159 0.91960553
17.115496 0.88301243
16.156827 0.8484346
15.258558 0.81573828
14.416405 0.78479936
13.626425 0.75550275
12.885061 0.7277417
12.188983 0.70141722
11.535105 0.67643752
10.920606 0.65271743
10.34286 0.63017796
9.7994188 0.60874578
9.2880147 0.5883528
8.8065453 0.56893579
8.3530568 0.55043596
7.9257303 0.53279867
7.5228701 0.51597308
29.840277 1.2332828
28.00849 1.1759238
26.310383 1.1220249
24.733745 1.0713606
23.267815 1.0237172
21.903029 0.97889341
20.630747 0.93670012
19.443428 0.89696032
18.334392 0.85950866
17.297307 0.82419099
16.326818 0.79086379
15.417975 0.75939365
14.566171 0.72965665
13.767375 0.70153775
13.017831 0.67493021
12.314094 0.64973506
11.653061 0.6258605
11.031834 0.60322139
10.447727 0.58173878
9.898289 0.56133945
9.3812401 0.54195546
8.8944533 0.52352373
8.4359589 0.50598572
8.0039289 0.48928703
7.5966629 0.47337713
7.2125759 0.45820902
6.850188 0.44373896
26.610561 1.0602592
24.992724 1.0109474
23.49295 0.96461038
22.100352 0.9210541
20.805345 0.8800949
19.599422 0.8415597
18.474909 0.80528597
17.425112 0.77112151
16.444108 0.73892418
15.526291 0.70856144
14.666925 0.67990992
13.861638 0.65285492
13.10637 0.6272899
12.397573 0.60311596
11.73195 0.58024135
11.106482 0.55858098
10.518458 0.53805591
9.9653506 0.51859297
9.4448195 0.50012428
8.9547364 0.48258689
8.4931212 0.46592238
8.0581288 0.45007654
7.6480514 0.43499903
7.2613033 0.4206431
6.8964094 0.40696528
6.5519927 0.39392518
6.2267664 0.3814852
23.6929 0.91120185
22.265528 0.8688227
20.942395 0.82900007
19.7138 0.79156724
18.571209 0.75636637
17.507062 0.72324873
16.514543 0.69207461
15.587713 0.66271323
14.72132 0.63504242
13.910404 0.60894828
13.15077 0.58432478
12.438557 0.56107335
11.77018 0.53910243
11.142513 0.51832703
10.552656 0.49866828
9.9979561 0.48005306
9.4760422 0.46241354
8.9847036 0.44568682
8.5219002 0.42981458
8.0857806 0.4147427
7.674625 0.40042099
7.2868331 0.38680285
6.9209253 0.37384503
6.5755282 0.36150734
6.2493645 0.34975243
5.9412412 0.33854558
5.6500424 0.32785449
21.063424 0.78284193
19.805291 0.74643276
18.639171 0.71221996
17.556418 0.68006031
16.549443 0.6498182
15.611526 0.62136585
14.736616 0.59458324
13.919448 0.569358
13.155365 0.54558518
12.439976 0.52316692
11.76957 0.50201213
11.140733 0.48203613
10.550298 0.46316025
9.995509 0.44531147
9.4738082 0.42842204
8.9828647 0.41242914
8.520598 0.39727449
8.0850722 0.38290405
7.6745047 0.36926772
7.2872819 0.35631901
6.9219085 0.34401479
6.5769949 0.33231503
6.2512588 0.32118256
5.9435112 0.31058287
5.652647 0.30048386
5.3776343 0.29085571
5.1175074 0.28167066
18.699061 0.67234816
17.591046 0.64107801
16.564231 0.61169422
15.610921 0.58407378
14.724364 0.55810023
13.898589 0.53366381
13.128228 0.51066146
12.408611 0.48899666
11.735615 0.46857928
11.105351 0.44932526
10.514537 0.43115638
9.9601537 0.4139999
9.4394065 0.39778827
8.9498609 0.38245876
8.4892631 0.3679532
8.0555605 0.35421762
7.6469252 0.34120198
7.2616585 0.32885986
6.898199 0.31714823
6.5551371 0.30602716
6.2311694 0.29545962
5.925087 0.28541122
5.6357767 0.27585004
5.362208 0.26674644
5.1034246 0.25807285
4.8585341 0.24980366
4.6267021 0.24191503
16.577667 0.57726901
15.602599 0.55042094
14.699177 0.52519249
13.860552 0.50147801
13.08072 0.47917752
12.354377 0.45819679
11.676761 0.43844732
11.043733 0.41984626
10.451639 0.4023162
9.8970409 0.38578499
9.3770353 0.37018546
8.8889549 0.35545517
8.4303319 0.3415361
7.9990185 0.32837441
7.5930269 0.31592015
7.210549 0.30412698
6.8499766 0.29295194
6.5098165 0.28235517
6.188698 0.27229973
5.8853865 0.26275134
5.5987427 0.2536782
5.3277116 0.24505079
5.0713248 0.23684169
4.8286872 0.22902547
4.5989703 0.22157844
4.3814017 0.21447863
4.1752605 0.20770556
14.678146 0.49548287
13.82066 0.47243864
13.026379 0.45078456
12.28921 0.43042994
11.603815 0.41128899
10.965485 0.3932808
10.369997 0.37632943
9.8136804 0.36036376
9.2933016 0.34531735
8.8058197 0.33112827
8.3486681 0.31773888
7.9194908 0.30509556
7.5161101 0.29314853
7.1366309 0.28185157
6.7793004 0.27116182
6.4425252 0.26103949
6.1248891 0.25144771
5.8250779 0.24235228
5.5418867 0.23372149
5.2742315 0.2255259
5.0211141 0.21773822
4.7816118 0.21033312
4.5548798 0.20328708
4.3401388 0.19657824
4.1366695 0.1901863
3.9438027 0.18409237
3.7609147 0.17827889
12.980593 0.42515556
12.226968 0.40538223
11.529094 0.38680171
10.881552 0.36933622
10.279597 0.35291212
9.7190501 0.33746
9.1961661 0.3229147
8.7076935 0.30921517
8.2507684 0.29630444
7.822703 0.28412934
7.4212286 0.27264042
7.0442652 0.26179167
6.6898912 0.25154039
6.3564352 0.24184691
6.0423516 0.23267444
5.746236 0.22398885
5.4668413 0.21575851
5.2030102 0.20795407
4.9536822 0.20054831
4.7179046 0.19351598
4.4948011 0.18683367
4.2835631 0.18047964
4.0834517 0.17443369
3.893787 0.16867708
3.7139428 0.16319239
3.5433379 0.15796342
3.3814319 0.15297509
11.466334 0.36470217
10.804346 0.34774049
10.191527 0.33180201
9.6230578 0.31682001
9.0947256 0.30273132
8.6028207 0.2894764
8.1440236 0.27699935
7.7154537 0.26524781
7.314576 0.2541729
6.9390145 0.24372902
6.5867646 0.23387374
6.2559895 0.22456761
5.9449945 0.21577399
5.6523054 0.20745885
5.3765599 0.19959064
5.1165207 0.19214009
4.8710897 0.18508004
4.6392477 0.17838533
4.4200615 0.17203261
4.2126932 0.16600022
4.0163728 0.16026808
3.8303906 0.15481754
3.6540989 0.14963128
3.4869031 0.14469321
3.3282565 0.1399884
3.1776527 0.13550294
3.0346221 0.13122391
0.00033572807 1521.3388
0.00034613951 1561.6878
0.0003568324 1597.3484
0.00036779842 1628.7825
0.00037902962 1656.4027
0.00039051839 1680.5786
0.00040225752 1701.6416
0.00041424013 1719.8889
0.00042645969 1735.5879
0.00043891003 1748.9792
0.00045158527 1760.2793
0.00046447985 1769.6838
0.00047758853 1777.3691
0.0004909063 1783.4945
0.00050442844 1788.2043
0.00051815049 1791.6291
0.0005320682 1793.8872
0.00054617755 1795.086
0.00056047472 1795.3229
0.00057495608 1794.6864
0.00058961821 1793.257
0.00060445782 1791.108
0.0006194718 1788.3061
0.0006346572 1784.9121
0.00065001119 1780.9814
0.00066553108 1776.5645
0.00068121429 1771.7078
5.0557649 9.8543427e+09 1.3228757
5.0299291 1.1273965e+10 1.3601471
4.9933628 1.255964e+10 1.396424
4.9488204 1.37059e+10 1.4317821
4.8984983 1.4714389e+10 1.4662878
4.8441283 1.5591233e+10 1.5
4.7870643 1.6345169e+10 1.532971
4.728356 1.6986236e+10 1.5652476
4.6688115 1.7524911e+10 1.5968719
4.6090477 1.7971541e+10 1.6278821
4.5495317 1.8336008e+10 1.6583124
4.4906132 1.8627534e+10 1.6881943
4.4325503 1.8854586e+10 1.7175564
7
