# Fiducial parameters, omega_b = 0.022237, omega_cdm = 0.12, 100*theta_s = 1.0418, ln10^{10}A_s = 3.044, n_s = 0.9649, tau_reio = 0.0544, M_tot_IH = 0.2, sigma_NL = 7, beta_0^Euclid = 1, beta_1^Euclid = 1, z_reio = 1, Omega_Lambda = 1, YHe = 1, H0 = 0, A_s = 0, sigma8 = 0
30146.48 30406.616
28746.78 28981.655
27431.927 27644.121
26196.286 26388.12
25034.545 25208.105
23941.714 24098.87
22913.119 23055.548
21944.397 22073.599
21031.481 21148.797
20170.584 20277.215
19358.189 19455.208
18591.032 18679.396
17866.081 17946.647
17180.528 17254.06
16531.767 16598.951
15917.386 15978.833
15335.148 15391.404
14782.978 14834.534
14258.956 14306.25
13761.299 13804.724
13288.354 13328.263
12838.587 12875.296
12410.575 12444.368
12002.994 12034.127
11614.616 11643.32
11244.299 11270.779
10890.978 10915.423
28750.164 29006.257
27416.104 27647.118
26162.849 26371.357
24985.039 25173.354
23877.617 24047.82
22835.834 22989.789
21855.243 21994.622
20931.69 21057.988
20061.303 20175.857
19240.48 19344.485
18465.873 18560.395
17734.371 17820.365
17043.09 17121.407
16389.355 16460.755
15770.686 15835.848
15184.785 15244.315
14629.521 14683.962
14102.919 14152.756
13603.149 13648.816
13128.513 13170.398
12677.437 12715.887
12248.458 12283.786
11840.22 11872.706
11451.463 11481.359
11081.016 11108.548
10727.79 10753.162
10390.772 10414.167
27309.991 27559.651
26043.512 26268.473
24853.685 25056.493
23735.428 23918.377
22683.949 22849.097
21694.745 21843.941
20763.603 20898.499
19886.584 20008.659
19060.017 19170.595
18280.487 18380.748
17544.819 17635.817
16850.064 16932.74
16193.488 16268.68
15572.552 15641.011
14984.904 15047.298
14428.365 14485.291
13900.913 13952.903
13400.676 13448.206
12925.915 12969.411
12475.021 12514.862
12046.499 12083.025
11638.961 11672.479
11251.122 11281.903
10881.783 10910.073
10529.835 10555.854
10194.243 10218.188
9874.0461 9896.095
25857.906 26098.93
24659.46 24876.346
23533.49 23728.746
22475.196 22651.076
21480.049 21638.58
20543.797 20686.796
19662.457 19791.549
18832.308 18948.947
18049.882 18155.365
17311.951 17407.438
16615.514 16702.038
15957.785 16036.267
15336.177 15407.44
14748.293 14813.068
14191.909 14250.848
13664.963 13718.649
13165.545 13214.496
12691.882 12736.562
12242.333 12283.155
11815.373 11852.706
11409.59 11443.763
11023.672 11054.979
10656.4 10685.106
10306.643 10332.984
9973.3497 9997.5365
9655.5416 9677.7647
9352.3087 9372.7389
24427.084 24657.613
23295.586 23502.693
22232.46 22418.598
21233.18 21400.557
20293.481 20444.078
19409.352 19544.944
18577.039 18699.214
17793.035 17903.212
17054.069 17153.515
16357.099 16446.943
15699.294 15780.543
15078.027 15151.577
14490.86 14557.509
13935.53 13995.988
13409.939 13464.84
12912.144 12962.051
12440.342 12485.755
11992.86 12034.228
11568.149 11605.869
11164.772 11199.198
10781.395 10812.844
10416.779 10445.534
10069.775 10096.088
9739.3154 9763.4109
9424.4065 9446.4871
9124.1252 9144.3716
8837.6125 8856.1867
23049.894 23268.562
21982.755 22178.833
20980.048 21155.925
20037.512 20195.336
19151.129 19292.827
18317.124 18444.423
17531.961 17646.405
16792.339 16895.305
16095.176 16187.894
15437.607 15521.17
14816.965 14892.35
14230.777 14298.85
13676.745 13738.276
13152.737 13208.412
12656.777 12707.206
12187.032 12232.757
11741.805 11783.306
11319.519 11357.225
10918.713 10953.006
10538.034 10569.251
10176.222 10204.665
9832.1105 9858.049
9504.6162 9528.2893
9192.7317 9214.3529
8895.5207 8915.2808
8612.1126 8630.1817
8341.6969 8358.2276
21756.184 21962.263
20749.441 20933.83
19803.438 19968.451
18914.16 19061.881
18077.823 18210.119
17290.871 17409.415
16549.973 16656.26
15852.018 15947.38
15194.104 15279.729
14573.531 14650.476
13987.787 14056.992
13434.54 13496.841
12911.624 12967.763
12417.032 12467.667
11948.9 11994.616
11505.502 11546.817
11085.235 11122.611
10686.615 10720.459
10308.264 10338.94
9948.9051 9976.7335
9607.3513 9632.6192
9282.5025 9305.4641
8973.3363 8994.2175
8678.9028 8697.9047
8398.319 8415.6206
8130.7634 8146.5242
7875.4715 7889.8339
20570.078 20763.568
19618.662 19791.372
18724.609 18878.777
17884.13 18021.768
17093.652 17216.568
16349.819 16459.629
15649.488 15747.635
14989.722 15077.494
14367.783 14446.325
13781.12 13851.452
13227.365 13290.392
12704.314 12760.84
12209.925 12260.661
11742.3 11787.879
11299.681 11340.663
10880.437 10917.318
10483.055 10516.275
10106.133 10136.081
9748.37 9775.3915
9408.559 9432.9591
9085.5799 9107.6294
8778.3929 8798.3318
8486.0321 8504.0734
8207.6 8223.9326
7942.2623 7957.0537
7689.2426 7702.642
7447.8187 7459.9585
19507.444 19689.094
18605.568 18767.301
17758.036 17902.014
16961.26 17089.427
16211.857 16325.958
15506.648 15608.246
14842.658 14933.146
14217.104 14297.725
13627.395 13699.255
13071.116 13135.198
12546.022 12603.199
12050.028 12101.073
11581.199 11626.798
11137.738 11178.498
10717.98 10754.439
10320.379 10353.012
9943.5037 9972.7317
9586.0248 9612.2192
9246.7098 9270.1996
8924.4154 8945.4912
8618.0802 8636.9991
8326.719 8343.7083
8049.4165 8064.6773
7785.3221 7799.0323
7533.6451 7545.9622
7293.6498 7304.7133
7064.6515 7074.5851
18573.076 18744.285
17714.744 17866.811
16908.111 17043.121
16149.762 16269.593
15436.48 15542.818
14765.241 14859.596
14133.215 14216.935
13537.756 13612.045
12976.4 13042.326
12446.849 12505.365
11946.97 11998.919
11474.78 11520.909
11028.437 11069.411
10606.235 10642.638
10206.589 10238.94
9828.029 9856.7866
9469.1936 9494.7622
9128.8187 9151.5557
8805.732 8825.9531
8498.8459 8516.8296
8207.151 8223.143
7929.7098 7943.9271
7665.6517 7678.2857
7414.1674 7425.3872
7174.5046 7184.4594
6945.9633 6954.7849
6727.892 6735.6968
17758.726 17921.319
16938.337 17082.446
16167.351 16294.986
15442.503 15555.479
14760.717 14860.664
14119.103 14207.484
13514.956 13593.079
12945.748 13014.78
12409.124 12470.104
11902.891 11956.743
11425.01 11472.555
10973.587 11015.551
10546.863 10583.891
10143.207 10175.869
9761.1058 9789.9059
9399.1568 9424.5399
9056.058 9078.4173
8730.6025 8750.2848
8421.6705 8438.9819
8128.2231 8143.4333
7849.296 7862.6427
7583.9937 7595.6866
7331.4844 7341.7081
7090.995 7099.9122
6861.8067 6869.5608
6643.2508 6649.968
6434.7046 6440.4964
17041.202 17196.996
16254.232 16392.096
15514.655 15636.523
14819.335 14926.957
14165.317 14260.271
13549.827 13633.531
12970.269 13043.993
12424.219 12489.098
11909.415 11966.462
11423.755 11473.873
10965.283 11009.273
10532.183 10570.756
10122.77 10156.556
9735.4781 9765.0371
9368.8581 9394.6832
9021.5644 9044.092
8692.3491 8711.9648
8380.0551 8397.0993
8083.6092 8098.3817
7802.0152 7814.7807
7534.3488 7545.3403
7279.7515 7289.1743
7037.4258 7045.4606
6806.6306 6813.4365
6586.6767 6592.3937
6376.9229 6381.6742
6176.7723 6180.6662
16382.83 16533.019
15626.49 15759.257
14915.715 15032.911
14247.483 14350.789
13618.947 13709.885
13027.438 13107.379
12470.458 12540.635
11945.674 12007.192
11450.913 11504.759
10984.153 11031.209
10543.514 10584.564
10127.25 10162.994
9733.7431 9764.7986
9361.4889 9388.4063
9009.0945 9032.3604
8675.2677 8695.3125
8358.8097 8376.0144
8058.6093 8073.31
7773.6356 7786.1292
7502.932 7513.4801
7245.6106 7254.4441
7000.8471 7008.1691
6767.8754 6773.865
6545.9838 6550.7986
6334.5104 6338.2889
6132.8395 6135.7034
5940.3976 5942.4541
15733.837 15878.196
15007.617 15135.136
14325.176 14437.607
13683.603 13782.543
13080.156 13167.061
12512.266 12588.451
11977.528 12044.182
11473.701 11531.891
10998.695 11049.379
10550.567 10594.603
10127.511 10165.664
9727.8517 9760.8035
9350.033 9378.3908
8992.6121 9016.9155
8654.2517 8674.9791
8333.7113 8351.2867
8029.8407 8044.6398
7741.5733 7753.9284
7467.92 7478.1246
7207.9628 7216.2761
6960.8501 6967.5007
6725.7907 6730.9803
6502.0499 6505.956
6288.9446 6291.7237
6085.84 6087.6296
5892.1451 5893.0662
5707.31 5707.4688
15039.25 15175.343
14345.141 14465.223
13692.917 13798.613
13079.781 13172.584
12503.105 12584.378
11960.421 12031.409
11449.43 11511.257
10967.982 11021.665
10514.077 10560.53
10085.856 10125.9
9681.591 9715.9625
9299.6797 9329.035
8938.6345 8963.5597
8597.076 8618.0933
8273.7262 8291.2995
7967.3998 7981.9409
7676.9977 7688.872
7401.5009 7411.0322
7139.9646 7147.4393
6891.5122 6897.1832
6655.33 6659.4208
6430.6626 6433.3702
6216.8081 6218.3064
6013.1144 6013.5564
5818.9752 5818.4954
5633.8261 5632.5429
5457.1419 5455.1592
14249.859 14372.542
13592.081 13700.031
12974.046 13068.723
12393.088 12475.845
11846.705 11918.786
11332.552 11395.095
10848.441 10902.481
10392.331 10438.808
9962.323 10002.084
9556.6513 9590.4613
9173.6771 9202.2217
8811.8798 8835.7734
8469.849 8489.6408
8146.277 8162.4572
7839.9525 7852.9571
7549.7521 7559.9687
7274.6343 7282.4074
7013.634 7019.2686
6765.8559 6769.6221
6530.4698 6532.6063
6306.705 6307.4226
6093.8462 6093.3307
5891.2287 5889.6438
5698.2349 5695.7247
5514.2907 5510.9816
5338.8618 5334.8649
5171.4508 5166.8634
13336.317 13437.929
12720.405 12809.188
12141.759 12218.965
11597.871 11664.669
11086.387 11143.858
10605.103 10654.243
10151.962 10193.682
9725.0493 9760.1762
9322.5808 9351.8657
8942.9012 8967.0214
8584.4732 8604.0382
8245.8713 8261.4278
7925.7734 7937.8106
7622.9541 7631.9089
7336.2786 7342.5398
7064.6946 7068.6077
6807.2269 6809.0985
6562.9716 6563.0734
6331.0906 6329.6625
6110.8066 6108.0604
5901.3983 5897.5204
5702.196 5697.3505
5512.5778 5506.9086
5331.9656 5325.5989
5159.8221 5152.8683
4995.6474 4988.2028
4838.9761 4831.1246
12302.583 12374.159
11733.869 11795.222
11199.62 11251.749
10697.508 10741.356
10225.35 10261.795
9781.1018 9810.9569
9362.8599 9386.8703
8968.8494 8987.6954
8597.42 8611.7193
8247.0392 8257.3501
7916.2851 7923.11
7603.8392 7607.6285
7308.4791 7309.6356
7029.0718 7027.9547
6764.5688 6761.4967
6513.9976 6509.2529
6276.4572 6270.2896
6051.1125 6043.7422
5837.1894 5828.81
5633.97 5624.7511
5440.7883 5430.8783
5257.026 5246.5543
5082.1086 5071.1878
4915.5025 4904.2303
4756.7118 4745.1725
4605.275 4593.5411
4460.7623 4448.8962
11192.382 11225.803
10674.195 10700.619
10187.465 10207.605
9730.0609 9744.5983
9299.9863 9309.5593
8895.3717 8900.5757
8514.4767 8515.8589
8155.6794 8153.7399
7817.4717 7812.6652
7498.4542 7491.1908
7197.3281 7187.9763
6912.89 6901.7783
6644.0238 6631.4449
6389.6957 6375.909
6148.949 6134.1823
5920.8966 5905.3501
5704.7163 5688.5653
5499.6466 5483.0437
5304.9817 5288.0588
5120.0669 5102.9379
4944.2949 4927.0573
4777.1022 4759.839
4617.965 4600.7468
4466.3969 4449.2829
4321.946 4304.9853
4184.1916 4167.4248
4052.7422 4036.2022
10083.436 10073.961
9615.571 9602.6861
9176.1652 9160.2779
8763.2865 8744.7949
8375.1242 8354.4082
8009.9838 7987.4016
7666.2885 7642.1701
7342.5691 7317.2163
7037.4597 7011.1462
6749.6928 6722.6641
6478.0929 6450.5672
6221.5704 6193.74
5979.1156 5951.1488
5749.7926 5721.8359
5532.7363 5504.9148
5327.144 5299.5646
5132.2723 5105.0251
4947.4323 4920.5926
4771.986 4745.6154
4605.3415 4579.4897
4446.9499 4421.6559
4296.3017 4271.5952
4152.9236 4128.8267
4016.3761 3992.9035
3886.2508 3863.4112
3762.1677 3739.9646
3643.7731 3622.2054
9067.4658 9015.6251
8645.5736 8593.8782
8249.4096 8197.9634
7877.2221 7826.1433
7527.3699 7476.781
7198.3175 7148.3411
6888.6369 6839.3873
6596.9976 6548.5797
6322.1629 6274.6709
6062.9857 6016.5014
5818.4021 5772.9948
5587.4266 5543.153
5369.1456 5326.0509
5162.713 5120.8317
4967.3465 4926.7018
4782.3208 4742.9267
4606.9636 4568.8263
4440.6527 4403.7707
4282.8116 4247.1767
4132.9056 4098.504
3990.439 3957.2519
3854.9517 3822.9561
3726.0163 3695.1861
3603.2361 3573.5422
3486.2424 3457.6535
3374.6923 3347.1751
3268.2665 3241.7865
8221.7792 8133.746
7838.0428 7753.2676
7477.7869 7396.0927
7139.4054 7060.654
6821.3948 6745.4749
6522.3486 6449.1704
6240.96 6170.4448
5976.0117 5908.0893
5726.3727 5660.9787
5490.9945 5428.0671
5268.9048 5208.3835
5059.2037 5001.0274
4861.0568 4805.1643
4673.6919 4620.0212
4496.3952 4444.8823
4328.505 4279.0849
4169.4082 4122.0156
4018.5376 3973.106
3875.3676 3831.8301
3739.411 3697.7005
3610.2163 3570.2653
3487.3644 3449.1059
3370.4659 3333.8338
3259.1597 3224.0884
3153.1102 3119.535
3052.0053 3019.8627
2955.5543 2924.7823
7581.9857 7468.0127
7227.022 7118.688
6893.8746 6790.758
6581.0403 6482.7837
6287.1131 6193.4097
6010.7789 5921.3642
5750.8186 5665.4579
5506.0969 5424.5811
5275.5599 5197.7006
5058.2314 4983.8563
4853.2068 4782.1567
4659.6492 4591.775
4476.7834 4411.9453
4303.8918 4241.9577
4140.3121 4081.1552
3985.4302 3928.9293
3838.6773 3784.7167
3699.5276 3647.9958
3567.4939 3518.2836
3442.125 3395.1325
3323.0025 3278.1278
3209.7384 3166.885
3101.9724 3061.0475
2999.3703 2960.2843
2901.6214 2864.2881
2808.4372 2772.7733
2719.5489 2685.4745
7125.9157 6996.9833
6791.3806 6669.702
6477.5214 6362.4647
6182.8975 6073.9232
5906.1643 5802.8077
5646.0668 5547.927
5401.4423 5308.1666
5171.2099 5082.487
4954.3669 4869.9204
4749.9857 4669.5671
4557.2078 4480.592
4375.2395 4302.2206
4203.3461 4133.7352
4040.8484 3974.4708
3887.1196 3823.8118
3741.5793 3681.1883
3603.69 3546.0724
3472.955 3417.9755
3348.9146 3296.445
3231.1431 3181.0616
3119.2459 3071.4368
3012.8573 2967.2104
2911.6378 2868.0483
2815.2724 2773.6403
2723.4688 2683.6985
2635.9552 2597.9554
2552.4786 2516.1624
6774.0388 6637.2609
6455.1936 6326.8146
6156.1854 6035.3805
5875.6133 5761.6801
5612.1724 5504.5089
5364.6468 5262.737
5131.9127 5035.3074
4912.9265 4821.2341
4706.722 4619.5991
4512.4066 4429.549
4329.1549 4250.2917
4156.2051 4081.0926
3992.8525 3921.2708
3838.4465 3770.1958
3692.3872 3627.2834
3554.1196 3491.9932
3423.1299 3363.8244
3298.944 3242.3136
3181.1231 3127.0314
3069.261 3017.5802
2962.982 2913.5915
2861.9373 2814.7234
2765.8038 2720.6592
2674.2814 2631.1046
2587.0923 2545.7865
2503.9776 2464.4512
2424.6969 2386.8628
6413.8013 6268.1778
6110.9816 5975.0024
5827.1408 5699.781
5560.9191 5441.3063
5311.0526 5198.441
5076.3662 4970.1179
4855.7759 4755.339
4648.2768 4553.1731
4452.9398 4362.7533
4268.908 4183.2739
4095.3902 4013.9867
3931.6568 3854.1981
3777.0341 3703.2651
3630.9002 3560.5921
3492.6828 3425.6278
3361.8527 3297.8615
3237.9203 3176.8205
3120.4342 3062.067
3008.9771 2953.1957
2903.163 2849.831
2802.6345 2751.6249
2707.0609 2658.2546
2616.135 2569.421
2529.5726 2484.8461
2447.1099 2404.2721
2368.5017 2327.4594
2293.5202 2254.1851
5952.5299 5788.3223
5670.2497 5517.5973
5405.7948 5263.451
5157.8717 5024.7686
4925.2808 4800.4999
4706.9081 4589.6597
4501.728 4391.3263
4308.7907 4204.6398
4127.2195 4028.7998
3956.2066 3863.0623
3795.0071 3706.7364
3642.9351 3559.1817
3499.3574 3419.8044
3363.6905 3288.0546
3235.3979 3163.4232
3113.9834 3045.4385
2998.9891 2933.6641
2889.9924 2827.6958
2786.6033 2727.1593
2688.4612 2631.7077
2595.2324 2541.0197
2506.6083 2454.7972
2422.3024 2372.764
2342.0497 2294.6636
2265.6044 2220.2577
2192.7383 2149.325
2123.239 2081.6599
5378.129 5182.5654
5121.4492 4940.1773
4881.0991 4712.6323
4655.8831 4498.9324
4444.6931 4298.1372
4246.5009 4109.3646
4060.3615 3931.7896
3885.4002 3764.6424
3720.8101 3607.2062
3565.8487 3458.815
3419.8316 3318.8503
3282.1292 3186.7385
3152.1609 3061.9483
3029.3917 2943.9871
2913.3304 2832.3992
2803.5229 2726.7623
2699.5501 2626.6856
2601.026 2531.8074
2507.5942 2441.7923
2418.9254 2356.33
2334.7152 2275.1327
2254.6821 2197.9336
2178.565 2124.4852
2106.1224 2054.5579
2037.1304 1987.9385
1971.3811 1924.4289
1908.6816 1863.8448
4774.169 4540.8108
4544.3839 4328.4418
4329.332 4129.0773
4127.9268 3941.8429
3939.1622 3765.9149
3762.1045 3600.5204
3595.8966 3444.9365
3439.7454 3298.4888
3292.9198 3160.5494
3154.7473 3030.5347
3024.6085 2907.9028
2901.934 2792.1513
2786.1988 2682.8145
2676.9195 2579.461
2573.6528 2481.6914
2475.9888 2389.1358
2383.5496 2301.4519
2295.9871 2218.3226
2212.9803 2139.4542
2134.2327 2064.5747
2059.4704 1993.432
1988.4402 1925.7923
1920.9073 1861.439
1856.6547 1800.1707
1795.4814 1741.8006
1737.2008 1686.1551
1681.6396 1633.0729
4261.0992 3995.3782
4054.0987 3808.5217
3860.4888 3633.1073
3679.2733 3468.3655
3509.5306 3313.5718
3350.4056 3168.0459
3201.115 3031.1521
3060.9337 2902.2967
2929.194 2780.9275
2805.282 2666.5308
2688.6329 2558.6301
2578.7279 2456.7831
2475.0887 2360.5802
2377.2755 2269.6418
2284.8851 2183.6165
2197.5453 2102.1788
2114.9124 2025.0276
2036.6707 1951.8837
1962.5291 1882.4889
1892.2187 1816.6039
1825.4916 1754.0067
1762.1184 1694.4918
1701.8866 1637.8684
1644.6 1583.9594
1590.077 1532.6005
1538.149 1483.6389
1488.6595 1436.9327
3905.1745 3620.9784
3713.9115 3451.6346
3535.1457 3292.6603
3367.9354 3143.3582
3211.4109 3003.0716
3064.7661 2871.1842
2927.2639 2747.1198
2798.2228 2630.3403
2677.0159 2520.3454
2563.0677 2416.6695
2455.8491 2318.8806
2354.8749 2226.5781
2259.6982 2139.3907
2169.9082 2056.9744
2085.1292 1979.0106
2005.0142 1905.2046
1929.2434 1835.2833
1857.5231 1768.9937
1789.5828 1706.1019
1725.1729 1646.3909
1664.0632 1589.6596
1606.0412 1535.7217
1550.9099 1484.4043
1498.4877 1435.5469
1448.6065 1389.0007
1401.1105 1344.6271
1355.8549 1302.2975
3668.1712 3377.4206
3487.3311 3219.4697
3318.4366 3071.1905
3160.5725 2931.9327
3012.8958 2801.0837
2874.6264 2678.0688
2745.0527 2562.3504
2623.5177 2453.4269
2509.4182 2350.8313
2402.2014 2254.1296
2301.3599 2162.9189
2206.4289 2076.8254
2116.9811 1995.5029
2032.6241 1918.6305
1952.9996 1845.9111
1877.7769 1777.0696
1806.6518 1711.8515
1739.345 1650.0209
1675.5996 1591.3595
1615.1789 1535.6648
1557.8646 1482.7494
1503.4555 1432.4395
1451.7652 1384.5738
1402.6218 1339.0027
1355.8667 1295.5872
1311.3525 1254.1982
1268.9427 1214.7157
3441.1556 3144.3149
3270.2995 2997.2674
3110.8583 2859.2239
2961.9432 2729.5789
2822.7371 2607.7622
2692.4854 2493.2387
2570.5011 2385.5079
2456.1511 2284.1029
2348.855 2188.5891
2248.0819 2098.5622
2153.3451 2013.6472
2064.1995 1933.4962
1980.2365 1857.7868
1901.0814 1786.2203
1826.3925 1718.5201
1755.8548 1654.4302
1689.1788 1593.7135
1626.0992 1536.1505
1566.372 1481.5378
1509.7727 1429.6872
1456.0945 1380.424
1405.1469 1333.5864
1356.7536 1289.0243
1310.7522 1246.5984
1266.9928 1206.1793
1225.3363 1167.6469
1185.6541 1130.8894
3140.7874 2827.3807
2983.2129 2695.1566
2836.2869 2571.0287
2699.1701 2454.4525
2571.0917 2344.9155
2451.3407 2241.9364
2339.2708 2145.0652
2234.2872 2053.8821
2135.8448 1967.9962
2043.4459 1887.0442
1956.6347 1810.6887
1874.9947 1738.6169
1798.1441 1670.5389
1725.733 1606.1862
1657.4428 1545.3101
1592.98 1487.6804
1532.0752 1433.0838
1474.4814 1381.3229
1419.9722 1332.215
1368.339 1285.5907
1319.3902 1241.2931
1272.9491 1199.1765
1228.8525 1159.106
1186.9501 1120.9565
1147.1033 1084.6114
1109.1838 1049.9628
1073.0727 1016.9102
2805.512 2468.6245
2662.7895 2353.1791
2529.8268 2244.8023
2405.8472 2143.019
2290.138 2047.3815
2182.0422 1957.4697
2080.9631 1872.8908
1986.352 1793.2781
1897.7063 1718.2903
1814.5674 1647.6104
1736.5157 1580.9437
1663.1684 1518.0171
1594.1742 1458.5775
1529.2119 1402.3905
1467.9891 1349.2389
1410.2369 1298.9216
1355.7083 1251.2527
1304.1772 1206.0596
1255.4365 1163.1829
1209.2957 1122.4746
1165.5798 1083.7977
1124.1274 1047.0251
1084.7899 1012.0391
1047.4302 978.73011
1011.9222 946.99671
978.14918 916.74451
946.00303 887.88579
2531.2765 2176.8561
2400.6918 2075.0561
2279.149 1979.4893
2165.9207 1889.7366
2060.3401 1805.4031
1961.7928 1726.1186
1869.7217 1651.5365
1783.6148 1581.3337
1703.0035 1515.2092
1627.4608 1452.8832
1556.596 1394.0961
1490.0534 1338.607
1427.5066 1286.1928
1368.6576 1236.6467
1313.2354 1189.7772
1260.9908 1145.4071
1211.6951 1103.3722
1165.1395 1063.5207
1121.1324 1025.7116
1079.4982 989.81464
1040.0754 955.70898
1002.7154 923.28258
967.28112 892.43151
933.64672 863.05933
901.69621 835.07648
871.32237 808.39977
842.42601 782.95184
2345.5628 1984.814
2223.2014 1891.9956
2109.4194 1804.8603
2003.5171 1723.0261
1904.8541 1646.1331
1812.8409 1573.8435
1726.9444 1505.8414
1646.6747 1441.8322
1571.5842 1381.5414
1501.2655 1324.714
1435.3466 1271.1133
1373.4888 1220.5197
1315.382 1172.7295
1260.7432 1127.5545
1209.3155 1084.8199
1160.8629 1044.3642
1115.169 1006.0377
1072.0364 969.70183
1031.2843 935.2283
992.74687 902.49821
956.2721 871.40137
921.72009 841.83563
888.96193 813.70625
857.87926 786.92527
828.36328 761.41106
800.31336 737.08774
773.63654 713.8848
2182.5699 1817.9729
2067.4495 1732.9573
1960.5026 1653.1471
1861.0536 1578.1923
1768.485 1507.7632
1682.2293 1441.5506
1601.7738 1379.265
1526.6482 1320.6366
1456.4231 1265.414
1390.7085 1213.3637
1329.1483 1164.2687
1271.4191 1117.9281
1217.225 1074.1553
1166.296 1032.7777
1118.3877 993.63539
1073.2757 956.58039
1030.7543 921.47561
990.63632 888.19413
952.75033 856.61842
916.93932 826.63958
883.05948 798.1567
850.97861 771.0762
820.57498 745.31131
791.73694 720.78148
764.36197 697.41193
738.3553 675.13317
713.62948 653.88059
1987.9296 1613.1134
1881.4767 1537.6784
1782.681 1466.8621
1690.9025 1400.354
1605.5573 1337.8616
1526.1085 1279.1104
1452.0724 1223.8438
1383.005 1171.8222
1318.5018 1122.8226
1258.1953 1076.6377
1201.7505 1033.0752
1148.8634 991.95654
1099.256 953.11639
1052.6751 916.40152
1008.8915 881.67007
967.6951 848.79068
928.89337 817.64175
892.31127 788.11064
857.78876 760.09308
825.17931 733.49244
794.34884 708.21917
765.17424 684.19026
737.54217 661.32869
711.34886 639.56301
686.49906 618.82685
662.90482 599.05857
640.48502 580.20083
1799.7562 1414.0889
1701.7003 1347.9614
1610.7927 1285.8827
1526.43 1227.5806
1448.0622 1172.7987
1375.1836 1121.2964
1307.3394 1072.8487
1244.1124 1027.2456
1185.1224 984.29171
1130.0247 943.80523
1078.5051 905.61752
1030.2788 869.57214
985.08557 835.52412
942.68846 803.33915
902.87346 772.89288
865.44425 744.07015
830.2212 716.76436
797.04116 690.8768
765.75506 666.31602
736.22657 642.99735
708.33104 620.84227
681.9541 599.77802
656.99056 579.73708
633.34418 560.65682
610.92674 542.47906
589.65684 525.14975
569.45943 508.61864
1659.6286 1270.2503
1567.876 1210.8495
1482.8985 1155.0856
1404.1177 1102.7141
1331.0071 1053.5048
1263.0833 1007.2414
1199.9117 963.72183
1141.0941 922.75754
1086.2681 884.17291
1035.1053 847.80473
987.30676 813.50147
942.6016 781.12263
900.74268 750.53795
861.50513 721.62682
824.68611 694.27752
790.09966 668.38661
757.57579 643.85834
726.96025 620.60402
698.11228 598.54154
670.90322 577.59481
645.21558 557.6933
620.94165 538.77167
597.98241 520.76926
576.24741 503.6298
555.65377 487.30104
536.12511 471.73443
517.59106 456.88482
1535.9228 1144.8864
1449.7785 1091.3482
1370.0749 1041.088
1296.2566 993.88537
1227.8182 949.53273
1164.2959 907.83531
1105.2737 868.61093
1050.3706 831.6896
999.23984 796.91308
951.56775 764.13425
907.06904 733.21655
865.48546 704.03332
826.58151 676.46719
790.14315 650.40943
755.97755 625.75934
723.90801 602.42372
693.77316 580.31623
665.42674 559.35696
638.73538 539.47189
613.57732 520.59245
589.84145 502.65508
567.426 485.60087
546.23749 469.37516
526.19059 453.92723
507.20725 439.20998
489.21553 425.17966
472.14924 411.79558
1404.6848 1009.3117
1324.4948 962.11362
1250.3785 917.80527
1181.8072 876.19242
1118.3003 837.09206
1059.4169 800.33247
1004.7621 765.75305
953.97421 733.20394
906.72463 702.54562
862.71603 673.64842
821.67833 646.39195
783.3672 620.66456
747.56 596.36276
714.0545 573.39071
682.66877 551.65964
653.23615 531.08736
625.60452 511.59779
599.63619 493.12048
575.20568 475.59016
552.19852 458.94638
530.51037 443.13311
510.04573 428.09841
490.71693 413.7941
472.44405 400.17547
455.15402 387.201
438.77958 374.83211
423.25886 363.03293
1291.2712 894.04843
1216.2772 852.2405
1147.0349 812.9923
1083.0391 776.13175
1023.8308 741.49675
968.98949 708.9352
918.13857 678.30482
870.93354 649.47288
827.06152 622.3158
786.23968 596.71871
748.21128 572.57497
712.74426 549.78568
679.62728 528.25917
648.66851 507.91054
619.69557 488.66116
592.55065 470.43825
567.08978 453.17439
543.18277 436.80718
520.7111 421.27882
499.56671 406.53575
479.65123 392.52835
460.87463 379.21061
443.15437 366.53985
426.41524 354.47646
410.58859 342.98366
395.61125 332.02729
381.42515 321.57557
1195.4165 799.20857
1124.88 761.83575
1059.8174 726.75112
999.74356 693.80084
944.21826 662.84
892.83832 633.73265
845.24319 606.3516
801.10309 580.5782
760.11878 556.30199
722.01995 533.42027
686.56138 511.83771
653.52162 491.46591
622.69912 472.22294
593.91106 454.03289
566.99335 436.82549
541.79581 420.53566
518.18153 405.10315
496.02685 390.47217
475.21924 376.59104
455.65623 363.41191
437.24458 350.8904
419.89903 338.98539
403.54146 327.65872
388.10078 316.87499
373.51215 306.60133
359.71592 296.80718
346.65734 287.46416
1101.4611 705.68731
1035.3132 672.6879
974.35965 641.70885
918.13646 612.61439
866.22284 585.27656
818.23351 559.5753
773.82438 535.39834
732.68085 512.64092
694.51755 491.20547
659.07696 471.00133
626.12557 451.94434
595.45266 433.95643
566.86654 416.96524
540.19344 400.90376
515.27757 385.70993
491.97639 371.3263
470.16006 357.69966
449.71136 344.78076
430.52375 332.52396
412.50024 320.88701
395.55269 309.83073
379.60053 299.31881
364.56999 289.31756
350.394 279.79571
337.01144 270.72424
324.36612 262.07618
312.40652 253.82645
1018.1691 624.45047
955.96837 595.24986
898.70744 567.83711
845.94156 542.09203
797.26778 517.90135
752.31737 495.15886
710.76133 473.76518
672.29893 453.62756
636.65763 434.65972
603.59161 416.78144
572.8781 399.91825
544.31621 384.00106
517.72326 368.96585
492.9338 354.75333
469.79958 341.30858
448.18506 328.58076
427.96679 316.52279
409.03346 305.09107
391.28394 294.24524
374.62627 283.9479
358.97688 274.16439
344.2595 264.86257
330.40429 256.01263
317.34782 247.58691
305.03234 239.55972
293.40481 231.90719
282.41658 224.60714
943.81865 553.57299
885.20033 527.68689
831.28692 503.38566
781.65178 480.56275
735.90869 459.11783
693.70434 438.9567
654.72381 419.99126
618.67935 402.13935
585.31032 385.32445
554.38173 369.47544
525.68077 354.5263
499.01568 340.41578
474.21213 327.08714
451.11231 314.4878
429.57498 302.56909
409.47102 291.28592
390.68289 280.59658
373.10473 270.46242
356.64038 260.84764
341.20246 251.71909
326.71164 243.04604
313.09556 234.80002
300.28797 226.95458
288.22879 219.48521
276.86334 212.36913
266.14142 205.5852
256.01705 199.11373
874.30415 487.9433
819.07334 465.12617
768.32147 443.70603
721.63963 423.58896
678.65795 404.68649
639.03821 386.91561
602.47922 370.19867
568.70588 354.46325
537.46909 339.64189
508.54443 325.6719
481.72876 312.4951
456.83911 300.05749
433.70924 288.30905
412.18874 277.20346
392.14307 266.6978
373.44931 256.75234
355.99561 247.33029
339.68126 238.3976
324.41491 229.92272
310.11355 221.87642
296.70188 214.23163
284.11124 206.96322
272.27882 200.04791
261.1477 193.46408
250.66611 187.19166
240.78657 181.21201
231.46558 175.50777
812.38655 431.27447
760.23797 411.10733
712.35885 392.17493
668.35702 374.39425
627.87792 357.6871
590.59753 341.98011
556.22753 327.20467
524.50463 313.29674
495.19058 300.19672
468.0708 287.84919
442.95118 276.20272
419.65697 265.2096
398.02943 254.82561
377.92501 245.00981
359.21545 235.72425
341.78354 226.93384
325.52268 218.60605
310.337 210.71079
296.13952 203.22016
282.85128 196.10835
270.40071 189.3514
258.72255 182.92714
247.75717 176.81496
237.45052 170.99576
227.75352 165.45181
218.62115 160.16662
210.01221 155.12486
755.15504 379.89123
705.90175 362.12688
660.71752 345.45016
619.2264 329.78793
581.08878 315.07133
545.99439 301.23573
513.66736 288.22069
483.85588 275.9698
456.33214 264.43056
430.8911 253.55416
407.34732 243.29529
385.53395 233.61192
365.2995 224.46512
346.507 215.8188
329.03416 207.63957
312.76925 199.89647
297.61073 192.56089
283.46727 185.60629
270.25611 179.00812
257.90212 172.74363
246.33726 166.79173
235.49951 161.13286
225.33221 155.74891
215.78408 150.62303
206.80853 145.7396
198.3629 141.08409
190.40813 136.64303
703.23067 334.74647
656.66311 319.09319
613.97492 304.39829
574.80581 290.59731
538.83051 277.6296
505.75192 265.43818
475.30612 253.96981
447.25228 243.17478
421.37256 233.00683
397.47104 223.42294
375.37054 214.3832
354.91175 205.85058
335.95003 197.79075
318.35468 190.17193
302.00907 182.96468
286.80668 176.14174
272.6507 169.67789
259.45413 163.54975
247.13815 157.73568
235.63127 152.21563
224.86875 146.97103
214.79161 141.98464
205.34598 137.24049
196.48316 132.72375
188.15891 128.42065
180.33274 124.31838
172.9676 120.40507
655.49495 294.44697
611.44834 280.67818
571.09955 267.75238
534.10349 255.61291
500.14878 244.20636
468.95116 233.48266
440.25829 223.39495
413.83991 213.89952
389.48788 204.95567
367.01504 196.52558
346.2522 188.57412
327.04728 181.06872
309.26225 173.9792
292.77243 167.2776
277.46661 160.93801
263.24323 154.93648
250.01004 149.2508
237.68416 143.86042
226.19053 138.74629
215.46112 133.89079
205.43431 129.27758
196.05402 124.89149
187.26904 120.71848
179.03307 116.7455
171.30412 112.96044
164.04374 109.35204
157.21678 105.90985
611.78786 258.88811
570.10534 246.78212
531.94684 235.41731
496.98207 224.74387
464.91315 214.71484
435.46828 205.28619
408.40629 196.41673
383.50721 188.06802
360.57225 180.20429
339.42269 172.79226
319.89704 165.80106
301.85021 159.20205
285.15051 152.9687
269.67902 147.07642
255.32974 141.50244
242.00587 136.22568
229.6195 131.22663
218.09169 126.48722
207.35097 121.9907
197.33258 117.72158
187.9779 113.66548
179.23357 109.80908
171.05091 106.14002
163.38591 102.64683
156.19869 99.318874
149.45271 96.146243
143.11463 93.119743
571.52125 227.34986
532.06917 216.71865
495.97383 206.73833
462.91937 197.36515
432.62113 188.55789
404.81941 180.27786
379.28397 172.4889
355.8048 165.15726
334.1922 158.2515
314.27566 151.74242
295.90115 145.60291
278.93032 139.80781
263.23762 134.33382
248.7097 129.15935
235.24557 124.2644
222.75302 119.63047
211.14829 115.24041
200.35625 111.07836
190.30885 107.12962
180.94447 103.38057
172.20735 99.818593
164.04675 96.431987
156.41637 93.209901
149.27439 90.142263
142.58292 87.219721
136.30728 84.433586
130.41579 81.77578
534.39893 199.50897
497.05591 190.17965
462.90822 181.42151
431.65416 173.19616
403.02199 165.46742
376.76384 158.20136
352.66009 151.36623
330.5105 144.9324
310.13416 138.87232
291.36856 133.16033
274.06693 127.77265
258.09743 122.68722
243.34047 117.88356
229.68809 113.34275
217.04413 109.04724
205.3208 104.98077
194.43838 101.12831
184.32535 97.475942
174.91699 94.010758
166.15467 90.720811
157.98538 87.595026
150.36087 84.623139
143.23713 81.795624
136.57443 79.103644
130.33677 76.538991
124.49124 74.094041
119.00774 71.761705
500.05371 174.92125
464.71254 166.74169
432.4105 159.06293
402.85977 151.85128
375.80124 145.07505
350.99867 138.70447
328.24283 132.71171
307.34296 127.0708
288.12681 121.75757
270.43963 116.74954
254.1417 112.02585
239.10754 107.56715
225.22334 103.3555
212.38635 99.374306
200.50513 95.608175
189.49614 92.042865
179.28356 88.665191
169.79938 85.462943
160.98206 82.424812
152.77588 79.540322
145.13044 76.799763
137.9999 74.194134
131.34246 71.715085
125.12036 69.354867
119.29944 67.106285
113.84844 64.962653
108.73881 62.917756
468.19102 153.23173
434.75568 146.06641
404.20794 139.33979
376.27362 133.02236
350.70603 127.08635
327.2803 121.5057
305.7974 116.25602
286.07586 111.31457
267.95185 106.66015
251.27824 102.2731
235.92216 98.135129
221.76435 94.229289
208.69661 90.539873
196.62128 87.052329
185.45146 83.753182
175.10777 80.629957
165.51815 77.671102
156.61799 74.865921
148.34884 72.204508
140.65776 69.677684
133.49688 67.276944
126.8227 64.994403
120.5955 62.822746
114.77945 60.755185
109.34214 58.785418
104.25389 56.907587
99.487628 55.116249
438.55201 134.12345
406.93603 127.85166
378.06036 121.96386
351.66426 116.43423
327.51324 111.23845
305.39361 106.35372
285.11632 101.7587
266.50901 97.433463
249.41609 93.359465
233.69787 89.519482
219.2282 85.897526
205.89387 82.478776
193.59216 79.249458
182.23032 76.196805
171.72592 73.309056
162.0036 70.5753
152.99497 67.985419
144.63871 65.530047
136.87934 63.200516
129.66663 60.988798
122.95518 58.887444
116.70369 56.889546
110.87448 54.988699
105.43357 53.178962
100.35022 51.454824
95.596299 49.811159
91.146132 48.243203
410.90558 117.30632
381.03062 111.82092
353.75263 106.67136
328.82408 101.83507
306.0225 97.290767
285.14515 93.018518
266.0128 88.999663
248.462 85.216759
232.34523 81.653581
217.53009 78.295074
203.897 75.127261
191.33867 72.137189
179.7577 69.312792
169.06616 66.642883
159.18595 64.117204
150.04564 61.72622
141.58039 59.461073
133.73208 57.313567
126.44813 55.276126
119.68093 53.341731
113.38744 51.503863
107.52852 49.756478
102.06846 48.093968
96.975052 46.511141
92.219173 45.003181
87.774168 43.565606
83.615718 42.194248
385.04886 102.51981
356.84336 97.72585
331.09519 93.225403
307.56986 88.99873
286.05667 85.027247
266.36368 81.293521
248.32123 77.78123
231.77467 74.475151
216.58439 71.361115
202.6251 68.425955
189.78364 65.657444
177.95846 63.044246
167.05742 60.575844
156.99735 58.242498
147.70428 56.035201
139.11062 53.945606
131.15499 51.965982
123.78239 50.089173
116.94303 48.308551
110.59185 46.617978
104.68812 45.011763
99.194778 43.484627
94.07803 42.031678
89.30739 40.648374
84.855281 39.330498
80.696472 38.074133
76.807942 36.875636
360.80432 89.529931
334.20239 85.343404
309.92172 81.413196
287.74062 77.72207
267.45999 74.253802
248.89847 70.993162
231.8958 67.92589
216.30593 65.038705
201.99702 62.319238
188.85071 59.755984
176.76015 57.33826
165.6294 55.056155
155.37144 52.900503
145.90772 50.862818
137.16834 48.935209
129.08944 47.11038
121.61301 45.381587
114.68707 43.742581
108.26458 42.187575
102.30293 40.711203
96.763624 39.308498
91.611643 37.974855
86.815024 36.706003
82.344949 35.497975
78.175344 34.347085
74.282351 33.249911
70.644203 32.203271
338.0189 78.128793
312.959 74.4754
290.0878 71.045686
269.19618 67.824607
250.09641 64.798004
232.6175 61.952587
216.60845 59.275915
201.93159 56.756396
188.46266 54.383239
176.09013 52.146403
164.71327 50.036564
154.24165 48.045072
144.59324 46.163932
135.69397 44.385735
127.47793 42.703596
119.88489 41.111149
112.86013 39.602507
106.35461 38.17222
100.32395 36.815235
94.727938 35.526871
89.530246 34.302792
84.697813 33.138982
80.200465 32.031712
76.010997 30.977519
72.10479 29.973188
68.459317 29.015733
65.054023 28.102377
316.55978 68.131238
292.98389 64.945344
271.46762 61.954508
251.81419 59.145608
233.84701 56.506295
217.40528 54.024983
202.34699 51.690828
188.54271 49.493716
175.87558 47.424235
164.24072 45.47363
153.54339 43.633772
143.69855 41.897123
134.629 40.256702
126.26505 38.706044
118.54469 37.239152
111.41122 35.850477
104.81313 34.534885
98.704219 33.28762
93.042702 32.104279
87.790699 30.980778
82.913985 29.913339
78.381402 28.898454
74.164507 27.932873
70.237655 27.013576
66.577642 26.137761
63.163226 25.302823
59.975024 24.506342
296.31139 59.372262
274.16441 56.595949
253.95146 53.989616
235.48787 51.54183
218.60795 49.241828
203.16082 47.079514
189.01331 45.045441
176.04397 43.130793
164.14321 41.327365
153.2126 39.627531
143.16326 38.024206
133.91539 36.510825
125.39651 35.081301
117.54118 33.729994
110.29118 32.451683
103.59326 31.241536
97.399004 30.095077
91.665017 29.008161
86.352007 27.97695
81.424363 26.997889
76.8499 26.067682
72.599308 25.183272
68.645823 24.341826
64.965315 23.540714
61.535945 22.777492
58.337717 22.049894
55.35238 21.355809
277.17577 51.704864
256.40459 49.287087
237.44543 47.017338
220.12545 44.885663
204.2896 42.882686
189.79669 40.999616
176.52214 39.228227
164.35231 37.56084
153.18463 35.990309
142.92701 34.509992
133.49623 33.113723
124.81759 31.795783
116.82322 30.55087
109.45179 29.374071
102.64879 28.260842
96.364292 27.206975
90.55291 26.208571
85.17395 25.262021
80.190553 24.363982
75.569308 23.511358
71.280009 22.701279
67.295139 21.931083
63.589562 21.198303
60.140614 20.500646
56.927778 19.835988
53.932264 19.202353
51.136915 18.597902
259.06967 44.998361
239.62249 42.894187
221.869 40.918841
205.6479 39.06366
190.8145 37.320485
177.23704 35.681664
164.7993 34.140037
153.39522 32.688923
142.92906 31.322102
133.31487 30.033793
124.47493 28.81863
116.33949 27.671636
108.84513 26.588197
101.93456 25.564039
95.556814 24.595204
89.665214 23.678031
84.217304 22.809128
79.175006 21.985353
74.503824 21.203796
70.172476 20.461764
66.152673 19.756758
62.418635 19.086462
58.946804 18.448728
55.715933 17.841563
52.706784 17.263117
49.901733 16.711668
47.28468 16.18562
241.92041 39.1369
223.74649 37.306815
207.15173 35.588776
191.98603 33.97525
178.11479 32.459141
165.41542 31.033792
153.77977 29.692977
143.10914 28.430884
133.31443 27.242104
124.31559 26.12161
116.04026 25.064734
108.42347 24.067146
101.40612 23.124834
94.934806 22.234082
88.962008 21.391449
83.444187 20.593747
78.341722 19.838026
73.619071 19.121555
69.244021 18.441804
65.18735 17.796428
61.422624 17.183255
57.925742 16.600272
54.674673 16.045609
51.64954 15.517533
48.83234 15.014435
46.206575 14.534818
43.757168 14.077292
225.66487 34.017903
208.71431 32.427189
193.23225 30.933864
179.07953 29.531382
166.13128 28.213577
154.27379 26.974661
143.40672 25.80922
133.4385 24.712206
124.28641 23.678915
115.87613 22.704978
108.14048 21.786338
101.01907 20.919232
94.456994 20.100172
88.40459 19.325928
82.817676 18.593509
77.655737 17.900144
72.881893 17.24327
68.463048 16.620512
64.369195 16.02967
60.5731 15.468707
57.050123 14.935736
53.777783 14.429004
50.735522 13.94689
47.904786 13.487885
45.268768 13.050591
42.812054 12.633707
40.520556 12.236024
210.25132 29.550645
194.47453 28.168824
180.05966 26.871604
166.87804 25.653298
154.81427 24.508548
143.76318 23.432328
133.63198 22.419934
124.33596 21.46698
115.79856 20.569382
107.95097 19.723344
100.73098 18.925341
94.082642 18.172103
87.955064 17.460603
82.302199 16.788034
77.083072 16.151797
72.260084 15.549485
67.798991 14.978872
63.669056 14.437895
59.842396 13.924643
56.293695 13.437347
53.000037 12.974365
49.940505 12.534178
47.09596 12.115376
44.449126 11.716648
41.984342 11.336779
39.687244 10.974641
37.544694 10.629182
195.63595 25.654973
180.98351 24.455319
167.59052 23.329113
155.33849 22.271417
144.12112 21.277579
133.84147 20.343237
124.41401 19.464308
115.7606 18.636983
107.81061 17.857716
100.50055 17.123211
93.772943 16.430409
87.576124 15.776471
81.863047 15.158768
76.591137 14.574864
71.722494 14.022502
67.222321 13.499594
63.058907 13.004205
59.203778 12.534545
55.631094 12.088955
52.31738 11.665899
49.241377 11.263953
46.383673 10.881796
43.726492 10.518204
41.253785 10.172041
38.950998 9.8422505
36.804773 9.5278527
34.802887 9.2279359
181.77983 22.260159
168.20243 21.21925
155.78629 20.24207
144.42269 19.324335
134.01405 18.462008
124.47135 17.651304
115.71601 16.88868
107.67622 16.170831
100.287 15.494681
93.489933 14.85737
87.232105 14.256244
81.465935 13.688839
76.148063 13.152875
71.23923 12.646236
66.704483 12.166966
62.511706 11.713252
58.631611 11.283416
55.037895 10.875904
51.706671 10.489277
48.616229 10.122202
45.746901 9.773444
43.080715 9.4418564
40.601204 9.1263771
38.293496 8.82602
36.144098 8.5398694
34.140619 8.2670745
32.271714 8.0068444
168.64854 19.303845
156.09705 18.401177
144.61296 17.553775
134.09693 16.757921
124.45975 16.010118
115.61996 15.307081
107.50562 14.645739
100.05096 14.023226
93.196411 13.436874
86.888388 12.884203
81.078331 12.362911
75.72255 11.870862
70.781203 11.406078
66.218197 10.966724
62.001387 10.551105
58.101214 10.157647
54.490707 9.7848966
51.145632 9.4315054
48.043968 9.0962256
45.165695 8.7779011
42.492661 8.4754604
40.008273 8.1879102
37.697317 7.9143289
35.546046 7.6538614
33.541984 7.4057137
31.673664 7.1691479
29.930584 6.9434783
156.21369 16.731091
144.63895 15.948728
134.04223 15.214265
124.33313 14.52448
115.43039 13.876342
107.25975 13.267004
99.755634 12.693803
92.857978 12.154257
86.512382 11.646052
80.669859 11.16704
75.285987 10.715223
70.320775 10.288753
65.737728 9.8859138
61.50376 9.5051161
57.589397 9.144889
53.967514 8.8038703
50.613343 8.4807987
47.504618 8.1745064
44.621099 7.8839116
41.94437 7.6080124
39.457727 7.3458801
37.145892 7.0966536
34.994844 6.8595344
32.991911 6.6337811
31.125586 6.4187057
29.385288 6.2136687
27.761316 6.0180756
144.45019 14.493563
133.80313 13.815829
124.04925 13.179589
115.10662 12.582053
106.90155 12.020594
99.366602 11.492746
92.442218 10.996202
86.073776 10.528812
80.211761 10.088572
74.81155 9.6736198
69.832644 9.2822273
65.238559 8.912791
60.99597 8.5638252
57.074646 8.2339534
53.447643 7.9219012
50.090141 7.6264886
46.979463 7.3466229
44.095212 7.0812925
41.418833 6.8295604
38.933436 6.5905585
36.623693 6.3634823
34.475571 6.1475861
32.476188 5.9421779
30.613893 5.7466158
28.878101 5.5603034
27.259072 5.382687
25.747873 5.2132515
133.33456 12.548798
123.56629 11.962004
114.61099 11.411136
106.3947 10.893778
98.850853 10.407656
91.918492 9.9506353
85.543723 9.5207187
79.67707 9.1160437
74.27364 8.7348757
69.292932 8.3756025
64.698156 8.0367276
60.456141 7.7168627
56.536559 7.4147216
52.911873 7.1291125
49.557531 6.8589319
46.450891 6.6031581
43.571252 6.3608452
40.899982 6.1311172
38.420125 5.9131628
36.116229 5.7062305
33.974271 5.5096237
31.981398 5.3226967
30.125806 5.1448504
28.39681 4.9755291
26.784704 4.8142163
25.280544 4.6604327
23.876125 4.5137323
122.84491 10.859524
113.90688 10.351722
105.70626 9.8750096
98.176561 9.4272968
91.257916 9.0066151
84.895436 8.6111168
79.040569 8.2390744
73.648688 7.8888755
68.679245 7.559019
64.095627 7.2481099
59.864534 6.9548532
55.955917 6.6780475
52.342267 6.4165795
48.998587 6.1694181
45.902574 5.9356083
43.033642 5.7142659
40.372947 5.5045723
37.903524 5.3057695
35.609918 5.1171553
33.478041 4.9380795
31.495093 4.7679392
29.649341 4.6061757
27.929994 4.4522704
26.327286 4.3057425
24.832334 4.1661451
23.436955 4.0330633
22.13363 3.9061111
112.96235 9.3930488
104.80621 8.9538206
97.316661 8.5414839
90.434151 8.1542306
84.105051 7.7903579
78.280141 7.448268
72.915862 7.1264667
67.972121 6.823559
63.412446 6.5382465
59.203867 6.2693228
55.31636 6.0156676
51.722802 5.7762419
48.398335 5.5500827
45.320342 5.3362982
42.468634 5.1340622
39.824551 4.94261
37.370998 4.7612335
35.092571 4.5892772
32.975228 4.4261336
31.006161 4.2712402
29.173723 4.1240758
27.46723 3.9841568
25.876849 3.8510351
24.393676 3.7242943
23.009608 3.6035483
21.717174 3.4884378
20.509506 3.3786294
103.66872 8.1207277
96.24649 7.7409947
89.424819 7.3845105
83.150555 7.0497121
77.375819 6.7351273
72.056638 6.4393748
67.154088 6.1611626
62.632294 5.8992849
58.458584 5.652619
54.603386 5.4201221
51.039738 5.2008254
47.743252 4.9938308
44.691548 4.7983057
41.864239 4.613479
39.24311 4.4386367
36.811307 4.2731174
34.553369 4.116309
32.455356 3.9676447
30.50455 3.8265995
28.689339 3.692687
26.999159 3.5654565
25.424308 3.4444901
23.955853 3.3294001
22.585697 3.2198269
21.306472 3.1154363
20.111374 3.015918
18.994147 2.9209834
94.945548 7.0174825
88.209887 6.6893385
82.013562 6.3812847
76.309236 6.0919707
71.054293 5.8201241
66.209585 5.5645512
61.740455 5.3241355
57.614933 5.0978352
53.803865 4.8846804
50.28084 4.6837695
47.021742 4.4942655
44.004731 4.3153923
41.209736 4.1464304
38.618447 3.9867135
36.214495 3.8356244
33.982706 3.6925919
31.909147 3.5570868
29.981245 3.4286194
28.187514 3.306736
26.517462 3.1910163
24.961533 3.0810707
23.510948 2.9765383
22.15761 2.8770839
20.89418 2.7823968
19.713974 2.6921882
18.610816 2.60619
17.579024 2.5241529
86.774531 6.061373
80.678939 5.7779378
75.066205 5.5118555
69.894245 5.2619597
65.12522 5.0271515
60.724377 4.8063997
56.660971 4.5987394
52.906612 4.4032715
49.435395 4.2191585
46.223825 4.0456211
43.250421 3.8819366
40.495709 3.7274343
37.941757 3.581493
35.572189 3.443537
33.372347 3.3130334
31.328623 3.1894886
29.428503 3.0724457
27.660684 2.9614816
26.014831 2.8562045
24.481491 2.7562512
23.052048 2.6612854
21.718578 2.5709952
20.473767 2.4850912
19.310982 2.4033049
18.224177 2.325387
17.207762 2.2511058
16.256587 2.1802459
79.139191 5.2332121
73.637858 4.9885027
68.567612 4.7587752
63.891077 4.5430226
59.574709 4.3402961
55.587725 4.1497057
51.902923 3.9704173
48.495175 3.8016558
45.341543 3.6426982
42.421205 3.4928711
39.715103 3.3515507
37.205938 3.2181581
34.877759 3.0921566
32.715973 2.9730496
30.707509 2.8603766
28.840205 2.7537117
27.102866 2.6526603
25.485365 2.5568572
23.978433 2.465964
22.573582 2.3796673
21.263069 2.2976766
20.039765 2.2197227
18.897082 2.1455557
17.829041 2.0749438
16.830191 2.0076718
15.895484 1.9435396
15.020271 1.8823613
72.022352 4.5162444
67.070435 4.3050612
62.502448 4.1068072
58.285204 3.9206136
54.388988 3.7456615
50.786569 3.5811827
47.453924 3.4264571
44.368868 3.2808162
41.511144 3.1436365
38.862362 3.0143363
36.405674 2.8923773
34.125772 2.77726
32.00852 2.6685212
30.040967 2.5657322
28.2115 2.4684959
26.509297 2.3764444
24.924375 2.2892375
23.447697 2.2065597
22.070979 2.1281192
20.786626 2.0536455
19.587702 1.9828878
18.467813 1.9156139
17.421044 1.851608
16.442024 1.7906702
15.525849 1.7326147
14.667978 1.6772688
13.864221 1.6244722
65.405471 3.8958517
60.959454 3.7136787
56.854669 3.5426588
53.061631 3.3820425
49.554013 3.2311235
46.307733 3.0892392
43.301592 2.955768
40.516033 2.8301337
37.933209 2.7117983
35.536919 2.60026
33.312314 2.4950544
31.245899 2.3957507
29.325192 2.3019493
27.538743 2.2132804
25.876278 2.1294014
24.328203 2.049995
22.885653 1.9747676
21.540594 1.9034472
20.285649 1.8357821
19.114047 1.7715387
18.019596 1.710501
16.996581 1.6524684
16.039708 1.597255
15.144165 1.5446882
14.305557 1.4946077
13.519807 1.4468647
12.783155 1.4013206
59.269421 3.3592896
55.287368 3.2022067
51.608097 3.0547409
48.205381 2.9162458
45.055864 2.7861124
42.13824 2.6637694
39.433802 2.5486809
36.925318 2.4403499
34.597086 2.3383124
32.434862 2.242136
30.425595 2.1514201
28.557422 2.0657931
26.819361 1.9849107
25.20133 1.9084539
23.694274 1.8361272
22.289721 1.7676572
20.979832 1.7027906
19.757491 1.641293
18.616156 1.5829471
17.549812 1.5275518
16.552951 1.4749206
15.620482 1.4248806
14.747682 1.3772716
13.930256 1.3319446
13.164275 1.2887615
12.446093 1.247594
11.77234 1.2083225
53.595856 2.8954553
50.037527 2.7600618
46.747497 2.6329574
43.702409 2.5135851
40.881522 2.4014199
38.265966 2.2959694
35.839224 2.1967721
33.586112 2.1033992
31.49282 2.0154505
29.546842 1.9325537
27.736726 1.8543634
26.05207 1.7805594
24.483238 1.7108449
23.021382 1.6449448
21.658547 1.5826047
20.387284 1.5235887
19.200683 1.4676786
18.092468 1.4146723
17.056859 1.3643825
16.088533 1.3166359
15.182609 1.2712718
14.334569 1.2281411
13.540213 1.1871057
12.795718 1.1480372
12.097585 1.1108166
11.442562 1.0753333
10.827639 1.0414843
48.365251 2.4946815
45.192319 2.3780284
42.256875 2.2685173
39.538098 2.1656679
37.017552 2.0690281
34.678505 1.9781735
32.506358 1.892707
30.487724 1.8122584
28.610454 1.7364832
26.863567 1.6650605
25.237026 1.5976929
23.721721 1.5341045
22.309215 1.4740395
20.991759 1.4172611
19.762389 1.3635497
18.614573 1.3127024
17.542245 1.2645311
16.539889 1.2188617
15.602417 1.1755327
14.725137 1.134395
13.903739 1.0953099
13.134227 1.0581492
12.412882 1.0227936
11.736314 0.98913285
11.101415 0.95706415
10.505294 0.92649221
9.9452725 0.8973284
43.556718 2.1485554
40.73297 2.0480875
38.119271 1.9537706
35.697051 1.8651912
33.449905 1.7819598
31.362987 1.7037109
29.423371 1.6301027
27.619239 1.5608162
25.939891 1.4955544
24.375682 1.4340414
22.917807 1.3760208
21.558291 1.321255
20.289756 1.2695238
19.105426 1.2206231
17.999219 1.174364
16.965421 1.1305716
15.998725 1.0890838
15.0943 1.0497508
14.247684 1.0124336
13.454755 0.97700354
12.711725 0.94334136
12.015073 0.9113365
11.361516 0.8808864
10.748059 0.85189589
10.171953 0.82427658
9.6306353 0.79794636
9.1217295 0.7728289
39.148665 1.8497599
36.640159 1.7632639
34.317328 1.6820636
32.163611 1.6058028
30.164401 1.5341463
28.306507 1.4667794
26.578472 1.4034079
24.969843 1.343757
23.471183 1.2875711
22.074001 1.2346126
20.770568 1.1846608
19.553898 1.1375113
18.417537 1.0929742
17.355564 1.0508741
16.362675 1.0110482
15.433885 0.97334588
14.56456 0.93762777
13.750484 0.90376472
12.987757 0.87163716
12.272772 0.84113429
11.602212 0.81215345
10.972987 0.78459945
10.38221 0.75838399
9.8272436 0.73342514
9.3056664 0.7096468
8.8152146 0.68697827
8.3537871 0.66535384
35.119485 1.5919333
32.894684 1.5174936
30.833937 1.4476113
28.922473 1.3819801
27.147283 1.3203114
25.496642 1.2623344
23.960379 1.2077959
22.529238 1.1564595
21.194879 1.108105
19.949819 1.0625281
18.787261 1.0195388
17.701078 0.97896119
16.685621 0.94063192
15.735718 0.90439987
14.846743 0.87012506
14.014352 0.83767787
13.23451 0.8069383
12.503542 0.77779523
11.81805 0.75014574
11.17489 0.72389449
10.571163 0.69895311
10.00417 0.6752397
9.4713808 0.65267826
8.9704832 0.63119827
8.4993497 0.61073424
8.0559887 0.59122534
7.6385489 0.57261501
31.447027 1.3695512
29.476804 1.3055103
27.651471 1.2453902
25.957856 1.1889273
24.384378 1.1358734
22.920606 1.0859954
21.55751 1.0390756
20.286884 0.99491047
19.101351 0.95331083
17.994304 0.91410073
16.959757 0.87711682
15.99233 0.84220761
15.08707 0.8092327
14.239457 0.77806204
13.445455 0.74857521
12.701279 0.72066068
12.003415 0.69421523
11.348667 0.66914326
10.73408 0.64535622
10.156918 0.62277209
9.6146594 0.60131487
9.1049487 0.58091406
8.6255797 0.5615043
8.1745305 0.54302492
7.7499398 0.52541958
7.3500615 0.50863594
6.9732702 0.49262534
28.108795 1.1778197
26.366383 1.1227443
24.751888 1.0710408
23.25357 1.0224826
21.861118 0.97685601
20.565261 0.93396083
19.357976 0.89360959
18.231988 0.85562746
17.180764 0.81985164
16.198468 0.78613083
15.279819 0.75432455
14.420082 0.72430251
13.614912 0.69594398
12.860346 0.66913711
12.15286 0.64377832
11.489152 0.61977174
10.866162 0.59702855
10.281111 0.57546657
9.7314302 0.55500962
9.2147444 0.53558719
8.7288621 0.5171339
8.2717366 0.49958912
7.8414479 0.48289666
7.4362349 0.46700432
7.054475 0.45186366
6.6946431 0.43742966
6.3553173 0.42366048
25.082312 1.0125807
23.543251 0.965232
22.117082 0.92078219
20.793349 0.87903635
19.562878 0.83981092
18.417429 0.80293365
17.349881 0.76824341
16.353783 0.73558992
15.42335 0.70483321
14.553419 0.6758432
13.739327 0.64849912
12.976902 0.62268897
12.262319 0.59830894
11.592101 0.57526289
10.963161 0.55346177
10.372614 0.53282313
9.8177904 0.51327066
9.2962718 0.49473366
8.805827 0.47714668
8.3443928 0.46044907
7.9100692 0.44458464
7.5010806 0.42950127
7.1157606 0.41515063
6.7525802 0.40148786
6.4101294 0.38847132
6.0870812 0.37606231
5.782196 0.36422484
22.34543 0.87022983
20.987499 0.82953762
19.72917 0.79133672
18.561136 0.75545967
17.475237 0.72174869
16.464156 0.69005576
15.521574 0.66024239
14.641771 0.63217944
13.819624 0.60574661
13.050564 0.58083211
12.330472 0.55733215
11.655662 0.53515047
11.022767 0.51419787
10.428727 0.4943917
9.870833 0.47565544
9.346559 0.45791825
8.8535723 0.44111451
8.3897654 0.4251835
7.9531978 0.41006894
7.5420778 0.39571873
7.1547584 0.38208456
6.7897009 0.36912165
6.4454613 0.35678846
6.1207153 0.34504644
5.8142409 0.33385979
5.5248867 0.32319527
5.251576 0.31302193
19.876457 0.74764427
18.679547 0.71268426
17.570491 0.67986463
16.541007 0.64904148
15.583843 0.62007927
14.692503 0.59285084
13.861381 0.5672372
13.085407 0.54312739
12.360044 0.52041808
11.681251 0.49901321
11.045385 0.47882361
10.44919 0.4597666
9.8896963 0.44176552
9.3642081 0.42474938
8.870344 0.40865243
8.4058883 0.39341381
7.9687987 0.37897716
7.557235 0.36529029
7.1695066 0.35230487
6.804056 0.33997612
6.4594542 0.32826254
6.1343678 0.31712566
5.8275465 0.3065298
5.5378442 0.29644183
5.2642039 0.286831
5.0056291 0.27766874
4.7611866 0.26892848
17.654348 0.64211965
16.600318 0.61209406
15.623764 0.58390675
14.717317 0.55743412
13.874535 0.53255977
13.089651 0.50917448
12.357695 0.48717607
11.674174 0.46646922
11.035073 0.4469652
10.436815 0.4285815
9.8761795 0.41124155
9.3502929 0.39487431
8.8565318 0.37941397
8.3925212 0.36479956
7.9561648 0.3509746
7.5455153 0.33788681
7.1587814 0.3254878
6.7943523 0.31373275
6.450752 0.30258013
6.1266233 0.2919915
5.8207239 0.28193122
5.5318971 0.27236624
5.259059 0.26326591
5.0012181 0.25460178
4.7574608 0.24634746
4.5269255 0.23847838
4.3088057 0.23097175
15.65884 0.55131511
14.731383 0.52553562
13.872237 0.50133444
13.074848 0.47860545
12.333494 0.45724873
11.643059 0.43717048
10.999133 0.41828299
10.397741 0.40050441
9.835326 0.38375855
9.3087275 0.36797459
8.8151 0.35308677
8.351905 0.33903411
7.916828 0.3257601
7.5077753 0.31321238
7.1228998 0.30134247
6.7604881 0.29010549
6.4189661 0.27945988
6.0969208 0.26936716
5.7930597 0.25979169
5.5061969 0.25070044
5.2352498 0.24206283
4.979212 0.23385047
4.7371427 0.22603705
4.5081831 0.21859816
4.2915431 0.21151111
4.0864785 0.20475483
3.8922925 0.19830974
13.87057 0.47320535
13.05508 0.45107834
12.299809 0.43030601
11.598933 0.4107973
10.947367 0.39246642
10.340576 0.37523288
9.7746488 0.35902139
9.2460655 0.34376169
8.7516818 0.3293884
8.2887025 0.31584072
7.8546148 0.30306222
7.4471778 0.29100054
7.0643499 0.2796072
6.7042849 0.26883724
6.3653549 0.25864906
6.046051 0.24900414
5.7449882 0.2398668
5.4609246 0.23120402
5.1927261 0.2229852
4.9393539 0.215182
4.6998619 0.20776815
4.4733726 0.20071932
4.2590676 0.1940129
4.0562016 0.18762795
3.8640905 0.18154498
3.682091 0.17574593
3.5096015 0.17021397
12.27121 0.40603926
11.554635 0.38705299
10.891139 0.36922911
10.275544 0.35248949
9.7033389 0.33676051
9.170499 0.32197312
8.6735608 0.30806269
8.2094069 0.29496897
7.7752567 0.28263583
7.3686405 0.27101112
6.9873395 0.2600464
6.6293761 0.24969676
6.2929497 0.23992059
5.9764328 0.23067932
5.6783904 0.22193725
5.3974932 0.21366133
5.1325219 0.20582094
4.8823838 0.19838775
4.6460823 0.1913355
4.4227059 0.18463988
4.2114259 0.17827836
4.0114755 0.17223003
3.8221407 0.16647552
3.6427733 0.16099683
3.4727798 0.15577728
3.3116031 0.15080134
3.1587233 0.14605458
10.843521 0.34830351
10.214224 0.332017
9.6317038 0.3167276
9.0913644 0.30236827
8.5891997 0.28887588
8.1216427 0.27619118
7.6856243 0.26425875
7.2783854 0.25302689
6.8974676 0.24244746
6.5406886 0.23247572
6.2060897 0.22307013
5.8919259 0.21419215
5.5966098 0.20580609
5.3187066 0.19787888
5.0569521 0.19037988
4.8101755 0.18328075
4.5773032 0.17655521
4.3573737 0.17017897
4.1495106 0.16412951
3.9529132 0.15838596
3.7668543 0.152929
3.5906624 0.14774071
3.4237131 0.14280444
3.2654411 0.13810479
3.1153297 0.13362742
2.9728953 0.12935902
2.8376872 0.12528722
0.00033377005 1540.7172
0.00034434906 1580.9761
0.00035520707 1616.4871
0.00036633574 1647.7234
0.00037772711 1675.1073
0.00038937362 1699.0164
0.0004012681 1719.7888
0.00041340372 1737.7275
0.00042577404 1753.1047
0.00043837295 1766.1647
0.00045119467 1777.1276
0.00046423374 1786.1915
0.000477485 1793.535
0.00049094354 1799.3196
0.00050460474 1803.6907
0.00051846423 1806.7804
0.00053251784 1808.7079
0.00054676165 1809.5812
0.00056119194 1809.4986
0.00057580515 1808.5488
0.00059059794 1806.8129
0.00060556711 1804.3643
0.00062070962 1801.2698
0.00063602258 1797.5904
0.00065150324 1793.3815
0.00066714898 1788.6937
0.00068295728 1783.5732
5.0820525 1.0151557e+10 1.3228757
5.0500124 1.1583613e+10 1.3601471
5.0080434 1.2874384e+10 1.396424
4.958833 1.4019947e+10 1.4317821
4.9044997 1.5023344e+10 1.4662878
4.8466964 1.5891887e+10 1.5
4.7867011 1.663528e+10 1.532971
4.7254948 1.7264327e+10 1.5652476
4.6638238 1.7790094e+10 1.5968719
4.6022513 1.8223375e+10 1.6278821
4.5411978 1.8574385e+10 1.6583124
4.480973 1.8852585e+10 1.6881943
4.421801 1.9066611e+10 1.7175564
7
