# Fiducial parameters, omega_b = 0.022237, omega_cdm = 0.12, 100*theta_s = 1.0418, ln10^{10}A_s = 3.044, n_s = 0.9649, tau_reio = 0.0544, M_tot_NH = 0.16, log10_Gamma_neutrinos = 3.7, sigma_NL = 7, beta_0^Euclid = 1, beta_1^Euclid = 1, z_reio = 1, Omega_Lambda = 1, YHe = 1, H0 = 0, A_s = 0, sigma8 = 0
30854.119 31125.612
29429.652 29674.965
28090.266 28312.031
26830.48 27031.073
25645.099 25826.661
24529.223 24693.68
23478.246 23627.328
22487.849 22623.109
21553.998 21676.828
20672.924 20784.57
19841.117 19942.696
19055.31 19147.821
18312.464 18396.801
17609.759 17686.721
16944.57 17014.875
16314.467 16378.754
15717.188 15776.032
15150.637 15204.551
14612.867 14662.313
14102.072 14147.461
13616.572 13658.276
13154.81 13193.161
12715.336 12750.633
12296.804 12329.315
11897.961 11927.929
11517.642 11545.285
11154.762 11180.276
30220.783 30490.694
28825.851 29069.639
27514.212 27734.507
26280.502 26479.68
25119.636 25299.836
24026.818 24189.967
22997.541 23145.368
22027.578 22161.635
21112.979 21234.656
20250.056 20360.6
19435.373 19535.899
18665.733 18757.239
17938.161 18021.539
17249.895 17325.945
16598.369 16667.804
15981.199 16044.659
15396.175 15454.232
14841.242 14894.409
14314.497 14363.232
13814.168 13858.883
13338.614 13379.677
12886.307 12924.049
12455.829 12490.548
12045.862 12077.826
11655.179 11684.627
11282.64 11309.789
10927.18 10952.226
29574.378 29842.182
28209.571 28451.352
26926.235 27144.619
25719.124 25916.481
24583.266 24761.732
23513.971 23675.47
22506.832 22653.088
21557.716 21690.279
20662.759 20783.017
19818.356 19927.552
19021.147 19120.392
18268.003 18358.294
17556.017 17638.243
16882.486 16957.443
16244.9 16313.301
15640.93 15703.41
15068.412 15125.541
14525.337 14577.625
14009.842 14057.746
13520.197 13564.125
13054.792 13095.111
12612.136 12649.175
12190.841 12224.895
11789.617 11820.95
11407.264 11436.115
11042.665 11069.249
10694.781 10719.292
28917.716 29182.896
27583.494 27822.794
26328.894 26544.93
25148.79 25343.925
24038.324 24214.689
22992.916 23152.425
22008.257 22152.631
21080.31 21211.093
20205.301 20323.875
19379.706 19487.309
18600.241 18697.982
17863.851 17952.721
17167.694 17248.578
16509.13 16582.819
15885.705 15952.907
15295.142 15356.491
14735.327 14791.389
14204.297 14255.579
13700.231 13747.185
13221.438 13264.469
12766.345 12805.817
12333.493 12369.733
11921.527 11954.827
11529.185 11559.807
11155.294 11183.474
10798.763 10824.713
10458.575 10482.487
28253.811 28515.864
26950.494 27186.85
25724.932 25938.195
24572.119 24764.642
23487.314 23661.217
22466.044 22623.233
21504.104 21646.292
20597.553 20726.275
19742.704 19859.337
18936.119 19041.893
18174.59 18270.608
17455.136 17542.381
16774.979 16854.333
16131.543 16203.792
15522.432 15588.279
14945.423 15005.495
14398.45 14453.31
13879.598 13929.747
13387.086 13432.974
12919.264 12961.292
12474.596 12513.124
12051.658 12087.007
11649.124 11681.585
11265.762 11295.594
10900.428 10927.863
10552.054 10577.303
10219.649 10242.899
27585.609 27844.048
26313.38 26546.345
25117.028 25327.108
23991.67 24181.204
22932.68 23103.775
21935.696 22090.246
20996.613 21136.322
20111.588 20237.981
19277.024 19391.467
18489.566 18593.282
17746.085 17840.169
17043.671 17129.099
16379.616 16457.261
15751.403 15822.046
15156.697 15221.035
14593.327 14651.981
14059.279 14112.805
13552.682 13601.577
13071.799 13116.508
12615.019 12655.939
12180.844 12218.33
11767.883 11802.253
11374.842 11406.382
11000.52 11029.485
10643.798 10670.418
10303.636 10328.117
9979.0651 10001.592
26916.324 27170.688
25675.217 25904.369
24508.108 24714.618
23410.237 23596.426
22377.094 22545.053
21404.424 21556.035
20488.228 20625.18
19624.757 19748.564
18810.504 18922.523
18042.199 18143.641
17316.791 17408.74
16631.441 16714.866
15983.51 16059.276
15370.543 15439.424
14790.264 14852.947
14240.554 14297.655
13719.449 13771.518
13225.126 13272.654
12755.891 12799.316
12310.171 12349.885
11886.506 11922.859
11483.538 11516.844
11100.007 11130.546
10734.739 10762.764
10386.645 10412.381
10054.708 10078.358
9737.9841 9759.7298
26249.16 26499.024
25039.062 25264.009
23901.09 24103.669
22830.607 23013.119
21823.217 21987.737
20874.776 21023.168
19981.386 20115.325
19139.393 19260.379
18345.382 18454.758
17596.164 17695.13
16888.766 16978.397
16220.424 16301.676
15588.562 15662.293
14990.792 15057.763
14424.891 14485.784
13888.796 13944.22
13380.594 13431.09
12898.505 12944.558
12440.879 12482.921
12006.184 12044.6
11592.995 11628.13
11199.989 11232.153
10825.938 10855.405
10469.697 10496.714
10130.203 10154.993
9806.4664 9829.2273
9497.5657 9518.4757
25587.209 25832.183
24407.862 24628.247
23298.787 23497.107
22255.466 22434.001
21273.619 21434.424
20349.209 20494.128
19478.439 19609.131
18657.751 18775.7
17883.817 17990.352
17153.533 17249.841
16464.001 16551.144
15812.529 15891.453
15196.61 15268.16
14613.914 14678.844
14062.277 14121.259
13539.69 13593.323
13044.288 13093.106
12574.337 12618.817
12128.23 12168.797
11704.473 11741.507
11301.679 11335.518
10918.558 10949.505
10553.912 10582.238
10206.627 10232.575
9875.6672 9899.4526
9560.0675 9581.885
9258.9298 9278.9535
24933.704 25173.446
23784.702 24000.212
22704.142 22897.917
21687.627 21861.922
20730.988 20887.834
19830.293 19971.517
18981.848 19109.088
18182.187 18296.911
17428.07 17531.59
16716.473 16809.963
16044.576 16129.083
15409.757 15486.215
14809.573 14878.817
14241.757 14304.529
13704.202 13761.163
13194.949 13246.69
12712.182 12759.229
12254.214 12297.035
11819.479 11858.491
11406.52 11442.097
11013.988 11046.462
10640.625 10670.292
10285.265 10312.391
9946.8232 9971.6444
9624.289 9647.0173
9316.7228 9337.5481
9023.2498 9042.3417
24291.817 24526.042
23172.607 23382.981
22120.046 22309.035
21129.849 21299.684
20197.961 20350.648
19320.554 19457.897
18494.03 18617.648
17715.016 17826.358
16980.359 17080.72
16287.114 16377.652
15632.536 15714.283
15014.07 15087.949
14429.34 14496.171
13876.138 13936.653
13352.412 13407.261
12856.255 12906.02
12385.899 12431.095
11939.7 11980.788
11516.133 11553.523
11113.782 11147.838
10731.328 10762.377
10367.551 10395.883
10021.313 10047.186
9691.5563 9715.2025
9377.2984 9398.9243
9077.6236 9097.414
8791.6795 8809.7999
23664.285 23892.762
22574.19 22779.216
21548.989 21733.001
20584.514 20749.712
19676.816 19825.181
18822.168 18955.482
18017.07 18136.929
17258.238 17366.071
16542.601 16639.686
15867.294 15954.772
15229.644 15308.532
14627.164 14698.371
14057.541 14121.873
13518.625 13576.802
13008.417 13061.08
12525.063 12572.781
12066.839 12110.12
11632.146 11671.441
11219.498 11255.208
10827.515 10859.998
10454.916 10484.49
10100.51 10127.459
9763.1892 9787.7661
9441.9247 9464.3549
9135.7585 9156.2434
8843.7991 8862.5185
8565.2163 8582.3309
23053.908 23276.471
21992.121 22191.648
20993.524 21172.42
20054.059 20214.494
19169.882 19313.811
18337.367 18466.545
17553.105 17669.106
16813.898 16918.132
16116.758 16210.484
15458.896 15543.237
14837.709 14913.667
14250.776 14319.244
13695.845 13757.617
13170.823 13226.606
12673.764 12724.186
12202.861 12248.483
11756.437 11797.756
11332.935 11370.392
10930.907 10964.895
10549.011 10579.88
10185.996 10214.058
9840.7054 9866.2362
9512.059 9535.3055
9199.0547 9220.2366
8900.7594 8920.0726
8616.305 8633.9242
8344.8827 8360.9639
22463.322 22679.875
21428.915 21622.858
20456.05 20629.753
19540.778 19696.38
18679.355 18818.783
17868.25 17993.233
17104.143 17216.234
16383.922 16484.508
15704.677 15794.998
15063.692 15144.853
14458.432 14531.42
13886.541 13952.232
13345.826 13405.001
12834.246 12887.6
12349.908 12398.058
11891.054 11934.548
11456.048 11495.373
11043.373 11078.963
10651.622 10683.86
10279.484 10308.713
9925.7442 9952.2679
9589.273 9613.3611
9269.02 9290.9126
8964.0084 8983.9193
8673.3294 8691.449
8396.1371 8412.6349
8131.6437 8146.671
21894.669 22105.186
20886.616 21074.953
19938.521 20107.013
19046.537 19197.291
18207.018 18341.932
17416.523 17537.302
16671.821 16779.991
15969.879 16066.807
15307.863 15394.768
14683.126 14761.098
14093.202 14163.208
13535.793 13598.697
13008.764 13065.333
12510.128 12561.042
12038.039 12083.905
11590.785 11632.14
11166.773 11204.094
10764.524 10798.236
10382.667 10413.144
10019.926 10047.503
9675.1173 9700.0903
9347.1389 9369.7713
9034.968 9055.4936
8737.6527 8756.2794
8454.3075 8471.2201
8184.1081 8199.4711
7926.2867 7940.2465
21349.94 21554.471
20367.125 20549.905
19442.752 19606.08
18573.072 18719.022
17754.531 17884.973
16983.778 17100.389
16257.661 16361.946
15573.227 15666.53
14927.714 15011.235
14318.542 14393.351
13743.308 13810.357
13199.772 13259.91
12685.854 12739.834
12199.617 12248.107
11739.263 11782.858
11303.121 11342.347
10889.64 10924.966
10497.38 10529.219
10125.002 10153.722
9771.2632 9797.19
9435.0092 9458.4324
9115.1669 9136.3429
8810.7385 8829.895
8520.7963 8538.1353
8244.4768 8260.1779
7980.9764 7995.1992
7729.5467 7742.433
20830.474 21029.136
19871.719 20049.054
18969.963 19128.232
18121.549 18262.795
17323.011 17449.074
16571.081 16683.612
15862.688 15963.167
15194.95 15284.7
14565.174 14645.376
13970.846 14042.552
13409.62 13473.768
12879.315 12936.737
12377.901 12429.336
11903.489 11949.594
11454.325 11495.684
11028.782 11065.91
10625.346 10658.701
10242.611 10272.599
9879.2729 9906.2543
9534.1196 9558.4124
9206.0249 9227.9112
8893.9419 8913.6719
8596.8975 8614.6931
8313.9869 8330.0444
8044.3678 8058.8617
7787.2563 7800.3413
7541.9223 7553.7357
20337.459 20530.443
19401.534 19573.603
18521.24 18674.619
17693.006 17829.705
16913.452 17035.281
16179.387 16287.972
15487.814 15584.612
14835.923 14922.235
14221.084 14298.072
13640.844 13709.544
13092.916 13154.248
12575.169 12629.953
12085.623 12134.584
11622.436 11666.22
11183.895 11223.074
10768.412 10803.492
10374.509 10405.94
10000.816 10028.995
9646.0591 9671.3373
9309.0551 9331.7444
8988.7049 9009.081
8683.987 8702.2938
8393.9515 8410.4051
8117.7151 8132.5068
7854.4557 7867.7551
7603.4082 7615.3655
7363.8597 7374.608
19871.331 20058.89
18956.986 19124.027
18096.98 18245.692
17287.825 17420.184
16526.218 16644.007
15809.045 15913.863
15133.377 15226.658
14496.47 14579.495
13895.756 13969.669
13328.839 13394.658
12793.485 12852.117
12287.614 12339.864
11809.291 11855.874
11356.718 11398.267
10928.222 10965.3
10522.252 10555.355
10137.366 10166.934
9772.2232 9798.647
9425.5807 9449.2046
9096.2828 9117.4117
8783.2561 8802.1595
8485.5026 8502.4189
8202.0945 8217.2346
7932.169 7945.7193
7674.9232 7687.0486
7429.6094 7440.4561
7195.5315 7205.2286
19432.095 19614.538
18538.081 18700.385
17697.191 17841.507
16906.014 17034.287
16161.32 16275.304
15460.066 15561.335
14799.387 14889.353
14176.602 14256.526
13589.201 13660.209
13034.841 13097.937
12511.34 12567.414
12016.662 12066.509
11548.919 11593.24
11106.35 11145.771
10687.324 10722.395
10290.321 10321.532
9913.9319 9941.7154
9556.8485 9581.5868
9217.8542 9239.8855
8895.8195 8915.4427
8589.6951 8607.1742
8298.5055 8314.0737
8021.3435 8035.2069
7757.3658 7769.7065
7505.7873 7516.7661
7265.8771 7275.6362
7036.9545 7045.6197
19019.199 19196.882
18144.294 18302.195
17321.371 17461.605
16547.094 16671.573
15818.302 15928.752
15132.014 15229.985
14485.43 14572.313
13875.925 13952.961
13301.042 13369.342
12758.491 12819.042
12246.134 12299.816
11761.984 11809.577
11304.189 11346.386
10871.029 10908.444
10460.906 10494.083
10072.336 10101.756
9703.9381 9730.0273
9354.433 9377.5671
9022.6305 9043.1418
8707.4256 8725.6076
8407.7914 8423.9032
8122.7734 8137.0438
7851.4844 7864.1151
7593.0988 7604.2681
7346.8485 7356.7137
7112.0185 7120.7183
6887.9425 6895.5997
18631.412 18804.722
17774.45 17928.312
16968.403 17104.894
16210 16331.002
15496.144 15603.355
14823.917 14918.863
14190.574 14274.626
13593.545 13667.927
13030.425 13096.23
12498.969 12557.172
11997.085 12048.553
11522.826 11568.329
11074.379 11114.6
10650.059 10685.605
10248.303 10279.709
9867.6559 9895.3965
9506.767 9531.2617
9164.3824 9186.0017
8839.3371 8858.4083
8530.5488 8547.3609
8237.0122 8251.8199
7957.7924 7970.8207
7692.0206 7703.4676
7438.8882 7448.9289
7197.6433 7206.4317
6967.5852 6975.2574
6748.0617 6754.7376
18266.857 18436.191
17426.76 17576.957
16636.576 16769.676
15893.097 16010.951
15193.287 15297.565
14534.281 14626.488
13913.392 13994.876
13328.098 13400.067
12776.04 12839.574
12255.021 12311.081
11762.988 11812.43
11298.032 11341.617
10858.378 10896.781
10442.375 10476.193
10048.489 10078.252
9675.2943 9701.471
9321.468 9344.4725
8985.7808 9005.979
8667.0908 8684.8058
8364.3376 8379.8543
8076.5356 8090.1054
7802.7687 7814.6132
7542.1852 7552.4997
7293.993 7302.9495
7057.4546 7065.2047
6831.8836 6838.5611
6616.6405 6622.363
17923.004 18088.748
17098.81 17245.707
16323.588 16453.641
15594.187 15709.214
14907.626 15009.272
14261.097 14350.843
13651.959 13731.134
13077.738 13147.535
12536.122 12597.605
12024.951 12079.072
11542.216 11589.818
11086.042 11127.878
10654.688 10691.425
10246.534 10278.764
9860.0751 9888.3224
9493.9146 9518.6424
9146.754 9168.3719
8817.3876 8836.2576
8504.6956 8521.1373
8207.6377 8221.9329
7925.2473 7937.6445
7656.626 7667.3442
7400.9383 7410.1705
7157.4072 7165.3233
6925.3095 6932.0592
6703.9719 6709.6868
6492.7671 6497.5632
17596.695 17759.198
16787.586 16931.516
16026.56 16153.88
15310.519 15423.015
14636.535 14735.826
14001.849 14089.392
13403.867 13480.974
12840.16 12908.007
12308.458 12368.096
11806.641 11859.01
11332.735 11378.67
10884.9 10925.146
10461.427 10496.645
10060.727 10091.502
9681.323 9708.1734
9321.8426 9345.2285
8981.012 9001.3395
8657.648 8675.276
8350.6516 8365.8967
8059.0017 8072.1435
7781.7499 7793.0345
7518.0142 7527.6588
7266.9747 7275.1705
7027.8689 7034.7842
6799.9869 6805.7698
6582.668 6587.4488
6375.2965 6379.1899
17284.191 17443.735
16489.523 16630.756
15742.088 15866.933
15038.841 15149.052
14376.903 14474.069
13753.56 13839.118
13166.266 13241.507
12612.634 12678.718
12090.431 12148.399
11597.577 11648.355
11132.132 11176.548
10692.29 10731.08
10276.371 10310.191
9882.8149 9912.2446
9510.1713 9535.7256
9157.0929 9179.2279
8822.329 8841.4477
8504.7176 8521.1762
8203.1794 8217.2927
7916.7122 7928.7575
7644.3844 7654.6066
7385.3303 7393.9449
7138.7448 7145.9417
6903.8791 6909.8255
6680.0364 6684.8792
6466.5677 6470.4364
6262.8685 6265.8769
16980.961 17137.719
16200.295 16339.002
15466.041 15588.579
14775.204 14883.292
14124.953 14220.15
13512.619 13596.338
12935.698 13009.212
12391.843 12456.296
11878.862 11935.28
11394.709 11444.009
10937.479 10980.479
10505.396 10542.826
10096.811 10129.32
9710.1916 9738.3553
9344.1124 9368.4417
8997.2505 9018.1982
8668.3772 8686.3437
8356.3514 8371.6908
8060.1132 8073.1384
7778.678 7789.6651
7511.1313 7520.3237
7256.6226 7264.2349
7014.3613 7020.5825
6783.6122 6788.6085
6563.6907 6567.6086
6353.9597 6356.9278
6153.8254 6155.957
16682.345 16836.355
15915.453 16051.684
15194.17 15314.457
14515.549 14621.573
13876.802 13970.092
13275.307 13357.25
12708.6 12780.448
12174.376 12237.256
11670.477 11725.401
11194.895 11242.77
10745.757 10787.391
10321.319 10357.434
9919.9602 9951.1996
9540.175 9567.1099
9180.5639 9203.7013
8839.8273 8859.6167
8516.7583 8533.598
8210.2365 8224.4783
7919.2206 7931.1759
7642.7439 7652.6875
7379.9083 7388.0825
7129.8784 7136.497
6891.8781 6897.1292
6665.185 6669.2346
6449.1273 6452.1209
6243.0789 6245.145
6046.4571 6047.7082
16383.087 16534.211
15629.982 15763.621
14921.685 15039.625
14255.294 14359.175
13628.069 13719.386
13037.43 13117.542
12480.956 12551.092
11956.379 12017.647
11461.582 11514.979
10994.589 11041.008
10553.56 10593.802
10136.784 10171.561
9742.6683 9772.6172
9369.7338 9395.4203
9016.6067 9038.5336
8682.0106 8700.624
8364.7608 8380.456
8063.757 8076.8839
7777.9771 7788.8452
7506.4719 7515.3546
7248.3597 7255.4982
7002.8207 7008.4277
6769.0926 6773.3557
6546.4665 6549.5509
6334.2828 6336.3336
6131.927 6133.0721
5938.827 5939.1786
16077.892 16225.781
15338.828 15469.566
14643.756 14759.076
13989.824 14091.319
13374.338 13463.465
12794.76 12872.848
12248.714 12316.964
11733.97 11793.471
11248.449 11300.179
10790.211 10835.05
10357.451 10396.186
9948.4868 9981.8219
9561.7564 9590.3199
9195.8081 9220.1594
8849.2935 8869.93
8520.9602 8538.324
8209.6457 8224.1285
7914.2705 7926.2192
7633.8317 7643.5537
7367.3981 7375.1649
7114.1048 7120.1559
6873.1473 6877.6943
6643.7781 6647.0074
6425.3016 6427.3775
6217.0707 6218.1376
6018.4827 6018.6678
5828.9762 5828.3913
15761.451 15905.518
15036.921 15164.229
14355.542 14467.762
13714.51 13813.186
13111.178 13197.724
12543.055 12618.765
12007.808 12073.853
11503.249 11560.693
11027.337 11077.138
10578.171 10621.19
10153.977 10190.988
9753.1077 9784.8024
9374.0307 9401.0279
9015.3229 9038.1737
8675.6622 8694.8572
8353.8209 8369.7964
8048.6594 8061.8026
7759.1197 7769.7735
7484.2189 7492.6873
7223.0442 7229.596
6974.748 6979.6204
6738.542 6741.9446
6513.6935 6515.811
6299.521 6300.5162
6095.3902 6095.4064
5900.7106 5899.8737
5714.9321 5713.3529
15428.764 15568.157
14719.487 14842.592
14052.479 14160.897
13424.987 13520.204
12834.413 12917.798
12278.316 12351.118
11754.406 11817.764
11260.54 11315.488
10794.718 10842.19
10355.077 10395.912
9939.8801 9974.835
9547.5131 9577.2651
9176.4757 9201.6307
8825.3743 8846.4728
8492.9147 8510.4383
8177.8949 8192.2722
7879.1995 7890.811
7595.7928 7604.976
7326.7128 7333.7669
7071.0662 7076.2559
6828.0234 6831.5824
6596.8131 6598.9478
6376.718 6377.6107
6167.0714 6166.8824
5967.2526 5966.123
5776.6836 5774.7377
5594.8263 5592.1731
15075.374 15208.975
14382.273 14500.149
13730.503 13834.183
13117.367 13208.272
12540.322 12619.764
11996.976 12066.158
11485.089 11545.11
11002.564 11054.422
10547.443 10592.043
10117.905 10156.063
9712.2521 9744.7004
9328.9051 9356.3032
8966.3977 8989.3353
8623.3678 8642.3715
8298.5502 8314.0899
7990.7705 8003.2645
7698.9388 7708.7586
7422.0429 7429.5183
7159.143 7164.5665
6909.3665 6912.9967
6671.9027 6673.9683
6445.9981 6446.7011
6230.9522 6230.4706
6026.1136 6024.6041
5830.8759 5828.4767
5644.6747 5641.507
5466.9842 5463.1544
14697.782 14824.208
14021.934 14133.315
13386.417 13484.197
12788.593 12874.12
12225.975 12300.501
11696.229 11760.901
11197.165 11253.035
10726.736 10774.761
10283.03 10324.08
9864.2699 9899.1285
9468.7986 9498.1733
9095.0755 9119.6021
8741.6701 8761.9181
8407.2537 8423.7321
8090.5925 8103.7556
7790.5411 7800.7937
7506.0365 7513.7385
7236.0922 7241.5627
6979.7915 6983.3138
6736.2837 6738.1085
6504.7787 6505.1273
6284.5417 6283.6096
6074.8899 6072.8495
5875.1884 5872.1913
5684.8462 5681.0256
5503.3129 5498.786
5330.076 5324.9456
14293.62 14411.258
13636.211 13739.611
13018.059 13108.575
12436.595 12515.493
11889.392 11957.852
11374.175 11433.284
10888.811 10939.565
10431.305 10474.614
9999.7954 10036.488
9592.5514 9623.3744
9207.9603 9233.5885
8844.5222 8865.563
8500.845 8517.8429
8175.6357 8189.0776
7867.6939 7878.0146
7575.9052 7583.4922
7299.2355 7304.4334
7036.7252 7039.8395
6787.4827 6788.7846
6550.6806 6550.4099
6325.5504 6323.9187
6111.3775 6108.5718
5907.4981 5903.6828
5713.2945 5708.6142
5528.1921 5522.7738
5351.6557 5345.6108
5183.1871 5176.613
13861.973 13969.023
13224.225 13317.987
12624.591 12706.315
12060.568 12131.434
11529.799 11590.905
11030.07 11082.434
10559.31 10603.866
10115.581 10153.183
9697.0737 9728.5013
9302.1077 9328.0651
8929.1171 8950.2405
8576.646 8593.5086
8243.3429 8256.4589
7927.953 7937.7824
7629.3115 7636.265
7346.3369 7350.7806
7078.0261 7080.2852
6823.4478 6823.8109
6581.7373 6580.4601
6352.0919 6349.4004
6133.7661 6129.8595
5926.067 5921.1209
5728.3505 5722.5193
5540.0176 5533.4368
5360.511 5353.2993
5189.3117 5181.5729
5025.9365 5017.7611
13403.613 13498.165
12786.715 12869.074
12206.713 12278.02
11661.18 11722.516
11147.831 11200.208
10664.52 10708.876
10209.241 10246.439
9780.1143 9810.9473
9375.39 9400.5805
8993.4395 9013.642
8632.7471 8648.5529
8291.9032 8303.8455
7969.5999 7978.1569
7664.6226 7670.2222
7375.8442 7378.8681
7102.2181 7103.0067
6842.7738 6841.629
6596.6104 6593.7998
6362.8913 6358.6518
6140.84 6135.3805
5929.7355 5923.2398
5728.9075 5721.5372
5537.7329 5529.63
5355.6327 5346.921
5182.0676 5172.8554
5016.5358 5006.9175
4858.5699 4848.6274
12921.097 13001.221
12326.119 12395.29
11766.753 11825.996
11240.655 11290.944
10745.614 10787.865
10279.558 10314.622
9840.5464 9869.2098
9426.7669 9449.7511
9036.5274 9054.4923
8668.2561 8681.7992
8320.4898 8330.1512
7991.8676 7998.1345
7681.1272 7684.4364
7387.0967 7387.8386
7108.6881 7107.211
6844.892 6841.5056
6594.7719 6589.7508
6357.4586 6351.0456
6132.1452 6124.5547
5918.0827 5909.5033
5714.5756 5705.1728
5520.9774 5510.8961
5336.6872 5326.0541
5161.1464 5150.0717
4993.8352 4982.4145
4834.2696 4822.5857
4681.9987 4670.1232
12418.744 12482.594
11846.557 11900.834
11308.648 11354.25
10802.753 10840.541
10326.744 10357.53
9878.6236 9903.1651
9456.5229 9475.521
9058.6959 9072.7948
8683.5135 8693.3032
8329.4623 8335.4771
7995.1338 7997.8566
7679.218 7679.0843
7380.5 7377.8999
7097.8521 7093.1336
6830.2275 6823.7005
6576.6545 6568.5943
6336.2326 6326.8822
6108.1255 6097.6991
5891.5567 5880.2432
5685.806 5673.7704
5490.2043 5477.5907
5304.1298 5291.0639
5127.0047 5113.5954
4958.2917 4944.6331
4797.4908 4783.6638
4644.1364 4630.2108
4497.7953 4483.8301
11902.606 11948.538
11353.81 11391.668
10837.916 10868.469
10352.751 10376.739
9896.2685 9914.3933
9466.5491 9479.4682
9061.7978 9070.1204
8680.3375 8684.6245
8320.6034 8321.3691
7981.1424 7978.8524
7660.6022 7655.6766
7357.725 7350.5428
7071.3446 7062.2443
6800.3786 6789.6615
6543.8222 6531.7558
6300.7432 6287.5642
6070.277 6056.1935
5851.6213 5836.8159
5644.0312 5628.6636
5446.8154 5431.0245
5259.3322 5243.2383
5080.9851 5064.6919
4911.2195 4894.8162
4749.5203 4733.0828
4595.4077 4579.0005
4448.4352 4432.1128
4308.1872 4291.9949
11380.182 11406.867
10855.033 10875.242
10361.396 10375.762
9897.1859 9906.324
9460.4412 9464.938
9049.3223 9049.7297
8662.1086 8658.9392
8297.1929 8290.9193
7953.0755 7944.1316
7628.3645 7617.1425
7321.7643 7308.6175
7032.07 7017.3165
6758.1646 6742.0877
6499.0114 6481.8621
6253.6482 6235.6482
6021.1822 6002.5267
5800.7857 5781.645
5591.6905 5572.2125
5393.1833 5373.4966
5204.6024 5184.8173
5025.3335 5005.5441
4854.8055 4835.0919
4692.4876 4672.9173
4537.8867 4518.5159
4390.5437 4371.4187
4250.0312 4231.19
4115.9513 4097.4242
10859.944 10866.471
10358.316 10360.032
9886.8154 9884.2142
9443.4475 9437.0154
9026.3343 9016.54
8633.7159 8621.0021
8263.9459 8248.7252
7915.4868 7898.1401
7586.9037 7567.7815
7276.8657 7256.2834
6984.1334 6962.3747
6707.5547 6684.874
6446.0613 6422.6841
6198.6622 6174.7867
5964.4373 5940.2372
5742.5332 5718.1597
5532.1585 5507.7422
5332.5791 5308.2316
5143.1131 5118.9298
4963.128 4939.1891
4792.0369 4768.409
4629.2938 4606.0319
4474.3916 4451.5403
4326.8592 4304.4536
4186.2576 4164.3252
4052.1787 4030.7397
3924.2422 3903.3111
10350.887 10336.839
9872.2467 9855.0832
9422.3819 9402.4571
8999.3846 8977.0549
8601.4597 8577.0736
8226.9246 8200.8142
7874.2059 7846.6822
7541.8339 7513.1847
7228.4375 7198.9278
6932.7447 6902.6121
6653.5716 6623.0286
6389.8171 6359.0534
6140.461 6109.6427
5904.5565 5873.8278
5681.2249 5650.7103
5469.6509 5439.4569
5269.0789 5239.2952
5078.8078 5049.5088
4898.1863 4869.4335
4726.6108 4698.4535
4563.5207 4535.9972
4408.3947 4381.5344
4260.7489 4234.5727
4120.1334 4094.6551
3986.1293 3961.3565
3858.3468 3834.2821
3736.4231 3713.0644
9862.0066 9827.5166
9405.4152 9369.4986
8976.3042 8939.1746
8572.8488 8534.7331
8193.3329 8154.4598
7836.1481 7796.7397
7499.7908 7460.0567
7182.8563 7142.9915
6884.0341 6844.2189
6602.1092 6562.5035
6335.9505 6296.6958
6084.506 6045.7273
5846.8012 5808.6057
5621.9317 5584.41
5409.0585 5372.2861
5207.4029 5171.4418
5016.2434 4981.1425
4834.9106 4800.7074
4662.7827 4629.5049
4499.2834 4466.9495
4343.8775 4312.4979
4196.0675 4165.6459
4055.3915 4025.9254
3921.42 3892.9019
3793.7533 3766.1713
3672.0194 3645.3582
3555.8721 3530.1131
9401.5922 9347.362
8965.739 8911.7219
8556.1506 8502.4228
8171.0803 8117.7416
7808.8858 7756.0478
7468.0283 7415.8054
7147.0692 7095.5721
6844.665 6793.9982
6559.562 6509.8231
6290.5984 6241.8718
6036.6926 5989.051
5796.8387 5750.3444
5570.105 5524.8082
5355.6272 5311.5663
5152.6032 5109.8064
4960.2888 4918.775
4777.9945 4737.7734
4605.0807 4566.1541
4440.9532 4403.3163
4285.0615 4248.7031
4136.8942 4101.7977
3995.9763 3962.1206
3861.8664 3829.2267
3734.1542 3702.7024
3612.4582 3582.1637
3496.4231 3467.2533
3385.7181 3357.6389
8976.6642 8903.9362
8559.9239 8488.9623
8168.3322 8099.0799
7800.2135 7732.6474
7453.993 7388.112
7128.1953 7064.0102
6821.4414 6758.9683
6532.4433 6471.7007
6259.9997 6201.0065
6002.9975 5945.7665
5760.4005 5704.9392
5531.245 5477.5565
5314.6388 5262.7194
5109.7542 5059.5935
4915.823 4867.4048
4732.133 4685.4357
4558.024 4513.0206
4392.8837 4349.5426
4236.1435 4194.4297
4087.2765 4047.1511
3945.7935 3907.2147
3811.2398 3774.1637
3683.1932 3647.5741
3561.2612 3527.052
3445.0788 3412.2315
3334.3061 3302.7723
3228.6268 3198.3579
8592.487 8502.9844
8193.0001 8106.6972
7817.6597 7734.3715
7464.8534 7384.4399
7133.066 7055.4191
6820.8786 6745.912
6526.9653 6454.6065
6250.088 6180.2747
5989.0918 5921.7701
5742.9073 5678.0238
5510.5389 5448.0412
5291.0611 5230.8978
5083.6168 5025.735
4887.4112 4831.7561
4701.7071 4648.2218
4525.8204 4474.4469
4359.1178 4309.7959
4201.0115 4153.6795
4050.9559 4005.5514
3908.4454 3864.9049
3773.0108 3731.27
3644.2159 3604.2104
3521.6557 3483.3213
3404.9539 3368.2264
3293.7603 3258.5764
3187.749 3154.0462
3086.6168 3054.3337
8252.1222 8147.9508
7867.8948 7768.2102
7506.9346 7411.4306
7167.6836 7076.1101
6848.6779 6760.8273
6548.5476 6464.2433
6266.0128 6185.101
5999.8787 5922.2238
5749.0309 5674.5128
5512.4383 5440.9439
5289.1409 5220.564
5078.2463 5012.4872
4878.9286 4815.8908
4690.422 4630.0113
4512.0162 4454.1403
4343.0522 4287.6212
4182.9202 4129.8451
4031.0542 3980.2472
3886.9288 3838.304
3750.0575 3703.5301
3619.9886 3575.475
3496.3022 3453.7207
3378.6087 3337.8792
3266.5461 3227.59
3159.7773 3122.5183
3057.989 3022.3527
2960.8894 2926.8036
7956.0691 7839.5797
7585.0885 7474.2109
7236.6204 7130.9342
6909.1518 6808.3044
6601.2619 6504.954
6311.6218 6219.5947
6038.9906 5951.017
5782.2101 5698.0887
5540.2006 5459.7527
5311.9634 5235.0236
5096.5691 5022.9844
4893.1537 4822.7826
4700.9181 4633.6267
4519.1215 4454.782
4347.0767 4285.5672
4184.1466 4125.3503
4029.7415 3973.5454
3883.3145 3829.6092
3744.3578 3693.0382
3612.4011 3563.365
3487.0081 3440.1563
3367.7734 3323.01
3254.3204 3211.5527
3146.2996 3105.4376
3043.3856 3004.3425
2945.2757 2907.9678
2851.6883 2816.0349
7702.1584 7575.7789
7342.513 7222.7048
7004.7441 6890.9793
6687.3748 6579.206
6389.0196 6286.0633
6108.3828 6010.3063
5844.2558 5750.7662
5595.5107 5506.349
5361.0965 5276.033
5140.0416 5058.866
4931.4424 4853.9619
4734.4588 4660.4969
4548.3143 4477.706
4372.2891 4304.8795
4205.7159 4141.3588
4047.9761 3986.5331
3898.4972 3839.8365
3756.7485 3700.7438
3622.2371 3568.7683
3494.5071 3443.4586
3373.1351 3324.3959
3257.7279 3211.1916
3147.9205 3103.4848
3043.374 3000.9405
2943.773 2903.2472
2848.824 2810.1155
2758.2542 2721.2762
7485.5221 7351.563
7135.5222 7008.9386
6806.8682 6687.0311
6498.1117 6384.4851
6207.8947 6100.0184
5934.9486 5832.4229
5678.0904 5580.5643
5436.2171 5343.3809
5208.3012 5119.8815
4993.3936 4909.1419
4790.6118 4710.3022
4599.1357 4522.5631
4418.2077 4345.1822
4247.1259 4177.4707
4085.2394 4018.7896
3931.9453 3868.5463
3786.6859 3726.1913
3648.944 3591.2153
3518.2397 3463.1459
3394.1288 3341.5449
3276.1994 3226.0061
3164.0687 3116.1522
3057.3815 3011.6331
2955.8079 2912.1237
2859.0412 2817.3219
2766.7958 2726.9466
2678.8064 2640.7366
7298.7555 7159.1954
6957.0463 6825.5365
6636.2379 6512.0523
6334.9035 6217.4231
6051.7069 5940.4
5785.4008 5679.8066
5534.8231 5434.5384
5298.891 5203.5614
5076.5961 4985.9103
4867.0081 4780.6851
4669.262 4587.0484
4482.5545 4404.2219
4306.144 4231.4825
4139.3435 4068.1596
3981.5163 3913.6306
3832.0729 3767.3187
3690.4679 3628.6888
3556.196 3497.2447
3428.7883 3372.5264
3307.811 3254.1074
3192.8618 3141.5918
3083.5669 3034.6125
2979.5795 2932.8284
2880.5778 2835.9229
2786.2624 2743.6017
2696.3548 2655.5912
2610.5961 2571.6371
7132.3607 6988.6324
6798.0161 6662.9227
6484.186 6356.9071
6189.4608 6069.2972
5912.5218 5798.8741
5652.1394 5544.4891
5407.1685 5305.0643
5176.5434 5079.5902
4959.2721 4867.1245
4754.4401 4666.7887
4561.1976 4477.7653
4378.7561 4299.2944
4206.3875 4130.6705
4043.418 3971.2386
3889.2235 3820.3913
3743.2259 3677.5652
3604.8912 3542.238
3473.7244 3413.9254
3349.2663 3292.1785
3231.0923 3176.5808
3118.8088 3066.7458
3012.0499 2962.3152
2910.4766 2862.956
2813.7741 2768.3592
2721.6497 2678.2375
2633.831 2592.3239
2550.0648 2510.3699
6975.3913 6828.1861
6647.9785 6509.9541
6340.7219 6210.9641
6052.227 5929.9572
5781.1906 5665.7425
5526.3986 5417.1978
5286.7218 5183.2697
5061.1094 4962.9722
4848.5848 4755.3843
4648.248 4559.6478
4459.2632 4374.9641
4280.8552 4200.5906
4112.3089 4035.838
3952.9627 3880.0664
3802.2041 3732.6822
3659.466 3593.1352
3524.2247 3460.9149
3395.9949 3335.5482
3274.3267 3216.5963
3158.8042 3103.6525
3049.0417 2996.3392
2944.6812 2894.3061
2845.3907 2797.2281
2750.862 2704.803
2660.8089 2616.7504
2574.9647 2532.8092
2493.0819 2452.7367
6816.43 6665.5576
6496.0307 6354.9051
6195.4247 6063.0362
5913.2329 5788.7221
5648.1678 5530.8003
5399.0315 5288.1753
5164.7104 5059.8187
4944.1696 4844.768
4736.4474 4642.1243
4540.6588 4451.0498
4355.9821 4270.7647
4181.6557 4100.5444
4016.9775 3939.7157
3861.2983 3787.6542
3714.0172 3643.7803
3574.5784 3507.5569
3442.4684 3378.4857
3317.212 3256.1049
3198.3685 3139.9862
3085.5306 3029.7324
2978.3209 2924.975
2876.3892 2825.372
2779.4106 2730.6061
2687.0837 2640.3824
2599.1286 2554.4269
2515.2846 2472.485
2435.3097 2394.3196
6644.8719 6489.2181
6332.0463 6186.7839
6038.6154 5902.6365
5763.2183 5635.5796
5504.5861 5384.4812
5261.5391 5148.2749
5032.9821 4925.9596
4817.8975 4716.5982
4615.3407 4519.3155
4424.4429 4333.2959
4244.3984 4157.7803
4074.4604 3992.0632
3913.9409 3835.4894
3762.2043 3687.4507
3618.6625 3547.3831
3482.7714 3414.7635
3354.0292 3289.1069
3231.971 3169.9638
3116.1663 3056.917
3006.2172 2949.58
2901.7552 2847.594
2802.438 2750.6261
2707.9487 2658.3673
2617.9933 2570.5305
2532.2983 2486.849
2450.6096 2407.0748
2372.6913 2330.9774
6452.2394 6289.8458
6147.9313 5996.7035
5862.5576 5721.2862
5594.7812 5462.4342
5343.3564 5219.0505
5107.126 4990.1013
4885.0166 4774.6164
4676.0318 4571.6873
4479.2471 4380.4659
4293.8129 4200.1615
4118.9417 4030.0384
3953.9038 3869.4127
3798.0278 3717.6494
3650.6932 3574.159
3511.3265 3438.3948
3379.3972 3309.8498
3254.4162 3188.0538
3135.9307 3072.5712
3023.5214 2962.9977
2916.8008 2858.9584
2815.4102 2760.1058
2719.0169 2666.1172
2627.3122 2576.6929
2540.0102 2491.5547
2456.8452 2410.4442
2377.5701 2333.1211
2301.9553 2259.3616
6233.537 6061.8281
5938.9167 5779.3128
5662.6933 5513.8798
5403.56 5264.4116
5160.3003 5029.851
4931.785 4809.2017
4716.9677 4601.5284
4514.8772 4405.9559
4324.613 4221.6666
4145.3485 4047.8985
3976.3174 3883.9427
3816.8104 3729.14
3666.1749 3582.8784
3523.8083 3444.5898
3389.1536 3313.7472
3261.696 3189.8622
3140.9609 3072.4816
3026.5092 2961.1854
2917.9343 2855.5841
2814.8606 2755.3165
2716.9407 2660.0475
2623.8519 2569.4661
2535.2956 2483.2836
2450.9949 2401.2318
2370.6924 2323.0617
2294.1491 2248.5417
2221.1428 2177.4561
5988.1903 5804.33
5704.4553 5533.8155
5438.4993 5279.6578
5189.0529 5040.7867
4954.9354 4816.1899
4735.0513 4604.9135
4528.3861 4406.0619
4333.9987 4218.797
4151.0168 4042.3361
3978.6403 3875.9495
3816.1278 3718.9583
3662.793 3570.7314
3518.0052 3430.6828
3381.1819 3298.2685
3251.785 3172.984
3129.3175 3054.3614
3013.3211 2941.967
2903.3721 2835.3985
2799.0781 2734.283
2700.077 2638.2747
2606.0337 2547.0525
2516.6373 2460.3189
2431.5997 2377.7973
2350.6544 2299.231
2273.5532 2224.3815
2200.066 2153.027
2129.9789 2084.961
5720.3602 5521.6888
5448.5205 5264.347
5193.7727 5022.5655
4954.8915 4795.3263
4730.7372 4581.6662
4520.2533 4380.6778
4322.4618 4191.5093
4136.4557 4013.3633
3961.3944 3845.4951
3796.5076 3687.2107
3641.0817 3537.8642
3494.4562 3396.8552
3356.0242 3263.6262
3225.2259 3137.6598
3101.544 3018.4761
2984.5007 2905.6298
2873.6558 2798.7084
2768.6025 2697.3293
2668.9638 2601.1376
2574.3922 2509.8044
2484.5662 2423.0243
2399.1874 2340.5142
2317.9796 2262.011
2240.687 2187.2705
2167.0719 2116.0657
2096.9135 2048.1858
2030.0068 1983.4343
5438.4981 5222.9796
5179.182 4979.5594
4936.2262 4750.8576
4708.4534 4535.9114
4494.7691 4333.8098
4294.1593 4143.6944
4105.6853 3964.7595
3928.477 3796.2507
3761.728 3637.4638
3604.7 3487.7421
3456.709 3346.4749
3317.1219 3213.0942
3185.3575 3087.0725
3060.8797 2967.9206
2943.1931 2855.1844
2831.8405 2748.4428
2726.4007 2647.3056
2626.4845 2551.4108
2531.7314 2460.4229
2441.8092 2374.0306
2356.4105 2291.9451
2275.25 2213.8985
2198.0641 2139.6421
2124.6082 2068.9449
2054.6555 2001.5922
1987.9949 1937.3844
1924.4309 1876.1358
5154.0166 4920.6017
4907.3377 4691.2741
4676.2759 4475.8127
4459.7039 4273.3106
4256.5738 4082.9094
4065.9151 3903.8005
3886.8295 3735.2248
3718.4847 3576.4716
3560.1093 3426.8775
3410.9972 3285.8238
3270.4948 3152.7351
3137.9968 3027.0762
3012.9481 2908.3505
2894.8364 2796.0967
2783.1887 2689.8872
2677.5686 2589.3253
2577.5739 2494.0433
2482.8334 2403.7003
2393.003 2317.98
2307.7659 2236.5892
2226.829 2159.256
2149.9205 2085.7278
2076.7889 2015.7704
2007.2012 1949.1661
1940.9413 1885.7127
1877.8083 1825.2221
1817.6158 1767.5195
4879.4748 4628.3158
4644.981 4412.6103
4425.3872 4209.9474
4219.614 4019.474
4026.659 3840.3828
3845.5936 3671.9131
3675.5589 3513.3508
3515.7589 3364.0277
3365.4559 3223.3195
3223.9754 3090.6445
3090.6927 2965.4613
2965.0296 2847.2666
2846.4559 2735.5933
2734.4825 2630.0074
2628.6581 2530.1068
2528.5659 2435.5184
2433.8225 2345.8962
2344.0736 2260.9195
2258.9913 2180.2911
2178.2734 2103.7349
2101.6406 2030.9953
2028.834 1961.8348
1959.6138 1896.0329
1893.7584 1833.385
1831.0619 1773.7007
1771.3329 1716.8033
1714.3941 1662.5282
4626.4384 4358.9007
4403.1593 4155.7515
4194.1225 3964.8857
3998.293 3785.4998
3814.7091 3616.8335
3642.4809 3458.1704
3480.785 3308.8381
3328.8588 3168.2071
3185.9953 3035.6896
3051.5489 2910.7376
2924.9214 2792.8413
2805.5594 2681.5268
2692.9555 2576.354
2586.642 2476.9143
2486.1871 2382.8289
2391.1925 2293.7465
2301.2917 2209.3413
2216.1463 2129.3111
2135.4428 2053.3761
2058.8928 1981.2763
1986.2298 1912.7709
1917.2063 1847.6362
1851.5938 1785.6646
1789.1808 1726.6634
1729.7707 1670.4534
1673.1813 1616.868
1619.2435 1565.7523
4403.5998 4122.0725
4190.177 3929.9608
3990.4247 3749.4651
3803.345 3579.8256
3628.0113 3420.3233
3463.5665 3270.2808
3309.2179 3129.062
3164.2315 2996.0718
3027.927 2870.7542
2899.6834 2752.5912
2778.9259 2641.1005
2665.1223 2535.8339
2557.7853 2436.3753
2456.4657 2342.3384
2360.749 2253.3649
2270.2527 2169.1225
2184.6254 2089.3032
2103.5423 2013.6213
2026.703 1941.8119
1953.831 1873.6295
1884.6708 1808.8461
1818.9854 1747.2503
1756.556 1688.6458
1697.1799 1632.8503
1640.6691 1579.6943
1586.8491 1529.0203
1535.5581 1480.6818
4215.3749 3922.9093
4010.2555 3740.0797
3818.3335 3568.3049
3638.6402 3406.8618
3470.2771 3255.0661
3312.4133 3112.273
3164.2809 2977.8774
3025.1689 2851.3128
2894.419 2732.0501
2771.4304 2619.5963
2655.6473 2513.4924
2546.5553 2413.3119
2443.6835 2318.6588
2346.5982 2229.1654
2254.8992 2144.4908
2168.2174 2064.3187
2086.2139 1988.3559
2008.5756 1916.3307
1935.0127 1847.9909
1865.259 1783.1028
1799.0682 1721.4495
1736.2122 1662.8298
1676.4803 1607.0569
1619.6775 1553.9572
1565.6229 1503.3695
1514.1486 1455.1439
1465.099 1409.1409
4061.1923 3761.016
3862.8519 3585.7316
3677.333 3421.0457
3503.6887 3266.2651
3341.0412 3120.7338
3188.5794 2983.8336
3045.5542 2854.9844
2911.2727 2733.6429
2785.0929 2619.302
2666.4305 2511.489
2554.7442 2409.7639
2449.5338 2313.7178
2350.3415 2222.9709
2256.7459 2137.1708
2168.3585 2055.9906
2084.821 1979.1271
2005.8044 1906.2992
1931.0051 1837.2463
1860.1422 1771.7268
1792.9576 1709.5166
1729.2129 1650.4076
1668.6871 1594.2071
1611.1761 1540.7358
1556.4914 1489.8275
1504.4579 1441.3275
1454.9131 1395.0921
1407.7066 1350.9876
3935.6066 3630.5869
3742.766 3461.3812
3562.4532 3302.4065
3393.7363 3152.9936
3235.7523 3012.5092
3087.7042 2880.3566
2948.857 2755.9758
2818.5307 2638.8423
2696.0965 2528.4667
2580.9818 2424.3926
2472.6571 2326.1952
2370.633 2233.4799
2274.462 2145.88
2183.7326 2063.0554
2098.0652 1984.6905
2017.1102 1910.4925
1940.5468 1840.1903
1868.0789 1773.5321
1799.4329 1710.2848
1734.3573 1650.2319
1672.6199 1593.1729
1614.0058 1538.9213
1558.3162 1487.3044
1505.3678 1438.1615
1454.9903 1391.3434
1407.0258 1346.7115
1361.3283 1304.1365
3829.1435 3521.2743
3640.9479 3357.1632
3465.0415 3202.9751
3300.5027 3058.0608
3146.4792 2921.8062
3002.1846 2793.6326
2866.8944 2672.9967
2739.939 2559.39
2620.6994 2452.3377
2508.6127 2351.3971
2403.1585 2256.1563
2303.8563 2166.2326
2210.2671 2081.2702
2121.9873 2000.9394
2038.6448 1924.9339
1959.8974 1852.97
1885.4308 1784.7844
1814.9556 1720.1333
1748.2039 1658.7903
1684.93 1600.5455
1624.907 1545.2044
1567.925 1492.5863
1513.79 1442.5235
1462.323 1394.8603
1413.3579 1349.4519
1366.7406 1306.1637
1322.3287 1264.8706
3729.9694 3419.9913
3546.0947 3260.6006
3374.2902 3110.8474
3213.6437 2970.1013
3063.312 2837.7659
2922.5183 2713.2789
2790.5473 2596.1129
2666.7386 2485.7739
2550.4822 2381.8007
2441.2239 2283.7635
2338.4518 2191.2622
2241.6932 2103.9249
2150.517 2021.4064
2064.5268 1943.3861
1983.3577 1869.5668
1906.6739 1799.6728
1834.1675 1733.4484
1765.5549 1670.6569
1700.574 1611.0783
1638.9841 1554.5088
1580.5635 1500.7595
1525.1067 1449.6549
1472.4242 1401.0321
1422.3412 1354.7398
1374.6954 1310.6374
1329.3364 1268.5944
1286.1251 1228.489
3626.3102 3313.58
3446.9607 3159.1486
3279.4472 3014.0549
3122.868 2877.6881
2976.3908 2749.4702
2839.2495 2628.8566
2710.7392 2515.3362
2590.2098 2408.4303
2477.0609 2307.6922
2370.748 2212.7054
2270.768 2123.0822
2176.6572 2038.4624
2087.9924 1958.5114
2004.3851 1882.9186
1925.4779 1811.3962
1850.9419 1743.6769
1780.4758 1679.5131
1713.8021 1618.6753
1650.6646 1560.9504
1590.8283 1506.1411
1534.0764 1454.0642
1480.2084 1404.5497
1429.0394 1357.4397
1380.3986 1312.5878
1334.128 1269.8577
1290.0809 1229.1228
1248.1217 1190.2653
3509.1269 3191.8192
3334.9146 3043.0626
3172.2601 2903.3005
3020.2769 2771.9446
2878.1473 2648.4382
2745.1191 2532.2567
2620.5009 2422.9077
2503.6553 2319.9302
2393.9943 2222.8938
2290.9848 2131.3974
2194.1347 2045.0675
2102.9904 1963.5571
2017.1387 1886.544
1936.2002 1813.729
1859.8259 1744.8347
1787.6951 1679.6038
1719.514 1617.7978
1655.0123 1559.1955
1593.9403 1503.5918
1536.0693 1450.7965
1481.1883 1400.6332
1429.1024 1352.9382
1379.6315 1307.5593
1332.61 1264.3555
1287.884 1223.1956
1245.3112 1183.9575
1204.7599 1146.5279
3374.4487 3050.0919
3206.1649 2907.9406
3049.1042 2774.3844
2902.4007 2648.8612
2765.2559 2530.8388
2636.9361 2419.8162
2516.7672 2315.3226
2404.128 2216.9177
2298.4458 2124.19
2199.2017 2036.7563
2105.9171 1954.2598
2018.1508 1876.3687
1935.5013 1802.7752
1857.6 1733.1935
1784.1081 1667.3583
1714.7143 1605.0239
1649.1337 1545.9623
1587.1043 1489.9621
1528.3841 1436.8274
1472.7513 1386.3764
1420.002 1338.4406
1369.9471 1292.8633
1322.4126 1249.4994
1277.2383 1208.214
1234.2754 1168.8817
1193.3863 1131.3859
1154.4437 1095.6183
3224.4436 2890.6691
3062.7822 2755.9478
2911.9585 2629.3723
2771.1321 2510.41
2639.5284 2398.5565
2516.4361 2293.3368
2401.2019 2194.3049
2293.224 2101.0434
2191.9476 2013.1625
2096.8706 1930.2988
2007.5299 1852.1142
1923.499 1778.2944
1844.3894 1708.5475
1769.8451 1642.6026
1699.539 1580.2085
1633.1703 1521.1322
1570.4643 1465.1577
1511.168 1412.0845
1455.048 1361.7271
1401.8907 1313.9131
1351.4995 1268.4828
1303.6922 1225.2877
1258.3014 1184.1904
1215.1728 1145.0629
1174.1631 1107.7864
1135.1401 1072.2505
1097.9813 1038.3524
3066.6973 2721.9807
2912.0098 2595.1212
2767.7471 2475.9322
2633.0973 2363.912
2507.3123 2258.5859
2389.7054 2159.5064
2279.6461 2066.2537
2176.5539 1978.4346
2079.8934 1895.682
1989.1808 1817.6539
1903.9698 1744.0319
1823.8491 1674.5199
1748.4448 1608.8432
1677.4141 1546.7466
1610.4422 1487.9936
1547.2397 1432.3648
1487.5423 1379.6567
1431.1069 1329.6807
1377.7092 1282.262
1327.1439 1237.2382
1279.2221 1194.459
1233.7692 1153.7847
1190.6243 1115.0856
1149.6394 1078.2415
1110.6772 1043.1403
1073.6108 1009.6781
1038.3229 977.75815
2911.7702 2555.9244
2763.9329 2436.804
2626.1127 2324.8862
2497.5259 2219.7
2377.4511 2120.7993
2265.226 2027.7642
2160.2429 1940.2004
2061.9424 1857.7388
1969.8085 1780.0347
1883.3753 1706.7667
1802.2132 1637.636
1725.9261 1572.3647
1654.1544 1510.6946
1586.5683 1452.3863
1522.8651 1397.2176
1462.7666 1344.9824
1406.019 1295.4898
1352.3886 1248.5627
1301.6601 1204.0367
1253.6365 1161.7597
1208.1366 1121.5902
1164.9927 1083.3973
1124.0507 1047.0591
1085.1687 1012.4627
1048.2152 979.50286
1013.0686 948.08205
979.6165 918.10939
2769.815 2404.0636
2628.25 2292.0208
2496.3305 2186.7526
2373.2985 2087.816
2258.4564 1994.7916
2151.1642 1907.2842
2050.8349 1824.923
1956.9279 1747.3609
1868.9449 1674.2735
1786.4365 1605.3588
1708.9879 1540.3356
1636.2174 1478.9423
1567.7779 1420.9364
1503.3518 1366.0925
1442.6473 1314.2016
1385.3964 1265.07
1331.3549 1218.5181
1280.2979 1174.3791
1232.0181 1132.4986
1186.3262 1092.7335
1143.0478 1054.9507
1102.0221 1019.027
1063.1008 984.84791
1026.1476 952.30701
991.03643 921.30553
957.65045 891.7516
925.88199 863.55977
2647.5866 2274.2144
2511.4165 2168.2233
2384.5771 2068.641
2266.3314 1975.0482
2156.0015 1887.0482
2052.9657 1804.2673
1956.654 1726.3546
1866.5417 1652.9818
1782.1454 1583.8421
1703.0292 1518.6496
1628.7913 1457.1384
1559.0614 1399.0612
1493.5037 1344.1883
1431.8105 1292.3067
1373.6996 1243.2185
1318.9117 1196.7407
1267.2106 1152.7031
1218.3791 1110.9481
1172.2167 1071.3298
1128.5407 1033.7124
1087.1828 997.97041
1047.9877 963.98703
1010.8125 931.654
975.52579 900.87071
942.00589 871.54369
910.14031 843.58604
879.82532 816.91691
2546.5219 2168.1963
2414.8079 2067.1462
2292.1712 1972.2061
2177.8907 1882.9764
2071.3032 1799.0787
1971.8013 1720.1569
1878.8282 1645.8763
1791.8717 1575.9239
1710.4599 1510.0074
1634.1678 1447.854
1562.6038 1389.2103
1495.407 1333.8405
1432.2504 1281.5256
1372.8347 1232.0626
1316.885 1185.2628
1264.1495 1140.9516
1214.3985 1098.967
1167.4208 1059.1585
1123.0221 1021.3871
1081.0247 985.52337
1041.2656 951.44755
1003.5939 919.0484
967.87122 888.22265
933.97019 858.8744
901.77298 830.91453
871.17062 804.2602
842.06272 778.83433
2462.6101 2081.5934
2334.5941 1984.5795
2215.4513 1893.4316
2104.4724 1807.7659
2001.0054 1727.2193
1904.4535 1651.4498
1814.2702 1580.1362
1729.9529 1512.9779
1651.0388 1449.6941
1577.1116 1390.0234
1507.7874 1333.722
1442.7133 1280.5638
1381.5691 1230.3385
1324.0623 1182.8511
1269.9243 1137.9207
1218.909 1095.3794
1170.7922 1055.0717
1125.3679 1016.8533
1082.4464 980.59052
1041.8547 946.15929
1003.4338 913.44454
967.03682 882.33949
932.52898 852.74499
899.78635 824.56898
868.6943 797.72589
839.14686 772.1362
811.04644 747.72589
2387.9206 2005.4203
2263.1984 1911.9565
2147.1709 1824.144
2039.1384 1741.6132
1938.4583 1664.0141
1844.5428 1591.0172
1756.8542 1522.3133
1674.8979 1457.6125
1598.2191 1396.6446
1526.4088 1339.1573
1459.0903 1284.9163
1395.9171 1233.7033
1336.5753 1185.316
1280.7783 1139.5663
1228.2629 1096.28
1178.7882 1055.2955
1132.1348 1016.4628
1088.1013 979.64294
1046.5023 944.70716
1007.1687 911.53589
969.94522 880.0183
934.68857 850.05149
901.26716 821.53996
869.56015 794.39502
839.45579 768.53422
810.85081 743.88094
783.65014 720.3639
2313.4669 1929.3603
2192.0351 1839.4413
2079.1173 1754.9593
1974.0241 1675.5586
1876.1226 1600.9026
1784.8346 1530.6743
1699.6309 1464.5761
1620.0258 1402.3293
1545.5723 1343.6737
1475.8689 1288.3668
1410.5462 1236.183
1349.2642 1186.9124
1291.7155 1140.3602
1237.6191 1096.3457
1186.7176 1054.7012
1138.7752 1015.271
1093.5774 977.91115
1050.9273 942.4878
1010.6437 908.87703
972.56149 876.96387
936.5292 846.64165
902.40698 817.8114
870.06647 790.38124
839.38994 764.26582
810.26845 739.38586
782.60144 715.66761
756.29633 693.04251
2232.5764 1845.653
2114.729 1759.6353
2005.1922 1678.8186
1903.2889 1602.8628
1808.3986 1531.4458
1719.9539 1464.2645
1637.4365 1401.034
1560.3705 1341.4878
1488.3182 1285.3771
1420.887 1232.4697
1357.7152 1182.5499
1298.4708 1135.417
1242.8534 1090.8845
1190.5885 1048.7797
1141.4248 1008.9419
1095.1324 971.22249
1051.502 935.4835
1010.3418 901.59703
971.47519 869.4445
934.74137 838.91592
899.99297 809.90926
867.09387 782.32984
835.91926 756.08977
806.35467 731.1074
778.29427 707.30688
751.64033 684.61767
726.30299 662.97418
2143.4255 1752.0827
2029.5371 1670.4259
1923.727 1593.7064
1825.334 1521.6014
1733.7518 1453.8051
1648.4269 1390.0297
1568.8534 1330.0049
1494.5673 1273.4775
1425.1418 1220.2115
1360.1944 1169.9864
1299.3729 1122.5974
1242.3539 1077.854
1188.8451 1035.5793
1138.5795 995.609
1091.3128 957.79092
1046.8214 921.9838
1004.9021 888.0567
965.36853 855.88819
928.04931 825.36572
892.78843 796.38487
859.44295 768.84878
827.88088 742.66758
797.98127 717.75781
769.63325 694.04199
742.73432 671.4481
717.18989 649.90918
692.91299 629.36297
2049.448 1652.5421
1939.7385 1575.5244
1837.8572 1503.1636
1743.1604 1435.1551
1655.0582 1371.2105
1573.0121 1311.0583
1496.5303 1254.4437
1425.1618 1201.1278
1358.4917 1150.8879
1296.1485 1103.5163
1237.7903 1058.8196
1183.1031 1016.6182
1131.8032 976.7452
1083.6318 939.04575
1038.3519 903.37622
995.74689 869.6034
955.61982 837.60379
917.79026 807.26287
882.09223 778.47446
848.37481 751.14009
816.49973 725.1684
786.33936 700.47462
757.7768 676.98005
730.70493 654.61159
705.02475 633.30132
680.64494 612.98609
657.48156 593.60716
1957.2911 1554.7418
1851.6835 1482.2822
1753.657 1414.2038
1662.5853 1350.2201
1577.8949 1290.0599
1499.0623 1233.4677
1425.6099 1180.2035
1357.0993 1130.043
1293.1277 1082.7764
1233.3345 1038.2083
1177.388 996.15684
1124.9833 956.45299
1075.8456 918.93974
1029.7239 883.47142
986.38857 849.91287
945.62966 818.13879
907.25659 788.03297
871.09467 759.48767
836.9833 732.40301
804.7765 706.68634
774.34062 682.2517
745.55228 659.01934
718.29856 636.91522
692.47602 615.87057
667.98909 595.82147
644.74963 576.70854
622.67669 558.47649
1873.3621 1466.2205
1771.4959 1397.8865
1676.9864 1333.6842
1589.223 1273.3435
1507.6468 1216.6086
1431.7481 1163.2385
1361.0617 1113.0071
1295.1608 1065.7025
1233.6536 1021.1271
1176.1892 979.09654
1122.4451 939.43934
1072.1251 901.99608
1024.962 866.6187
980.71207 833.16981
939.15238 801.52197
900.07912 771.55699
863.30741 743.16528
828.66785 716.24525
796.00473 690.70269
765.1766 666.45023
736.05401 643.40681
708.51749 621.49722
682.45775 600.65163
657.77471 580.80518
634.37595 561.89761
612.17625 543.87289
591.09738 526.67891
1800.7793 1390.7457
1702.1581 1325.9292
1610.7015 1265.0318
1525.8119 1207.7972
1446.9427 1153.9828
1373.5954 1103.3599
1305.3154 1055.7142
1241.6859 1010.8447
1182.324 968.5638
1126.8873 928.6968
1075.0612 891.08099
1026.5566 855.56514
981.11295 822.00884
938.49289 790.28176
898.47917 760.26302
860.87331 731.8405
825.49534 704.91028
792.18046 679.37598
760.77718 655.14825
731.14801 632.1442
703.16714 610.28696
676.71854 589.50518
651.69604 569.73263
628.00254 550.9078
605.54836 532.97351
584.25083 515.87663
564.03411 499.56772
1738.1964 1326.8492
1642.3854 1265.0106
1553.575 1206.9111
1471.1784 1152.3061
1394.6588 1100.9641
1323.5275 1052.6671
1257.3385 1007.2104
1195.6832 964.40236
1138.1864 924.06406
1084.513 886.02871
1034.3548 850.14112
987.42901 816.25702
943.48078 784.24243
902.27797 753.97302
863.60833 725.33346
827.27795 698.2168
793.11113 672.52386
760.94701 648.16271
730.6378 625.0481
702.04943 603.10095
675.05928 582.24792
649.55426 562.42094
625.431 543.55682
602.59495 525.59687
580.95884 508.48656
560.44225 492.17518
540.97143 476.61556
1680.9373 1269.0777
1587.7087 1209.9316
1501.3306 1154.3618
1421.2257 1102.1343
1346.8667 1053.0277
1277.7729 1006.8336
1213.5068 963.35608
1153.667 922.41192
1097.8855 883.82996
1045.8334 847.45069
997.20892 813.12566
951.73467 780.71688
909.16112 750.09622
869.261 721.14476
831.82658 693.75217
796.66816 667.81618
763.61395 643.24192
732.50675 619.94146
703.20215 597.83327
675.56922 576.84171
649.48829 556.89663
624.84902 537.93293
601.55057 519.89016
579.50078 502.71219
558.61459 486.34687
538.81366 470.74569
520.02618 455.86355
1623.7823 1211.2452
1533.138 1154.7944
1449.1918 1101.7569
1371.3768 1051.9095
1299.1749 1005.0407
1232.1144 960.9517
1169.766 919.45548
1111.7361 880.37716
1057.6637 843.5534
1007.2269 808.83195
960.12965 776.07113
916.10058 745.13924
874.89541 715.91398
836.29181 688.28184
800.0866 662.13755
766.09436 637.38347
734.14722 613.92908
704.09164 591.69044
675.78661 570.58972
649.10438 550.55476
623.9282 531.51859
600.15047 513.41907
577.6729 496.19852
556.4057 479.80336
536.26602 464.18381
517.1776 449.29359
499.07053 435.08964
1563.9097 1149.9457
1475.9744 1096.3518
1394.5743 1045.9985
1319.1538 998.67375
1249.2052 954.17699
1184.2668 912.31924
1123.9182 872.92308
1067.7745 835.82247
1015.4823 800.86231
966.72687 767.89807
921.21901 736.79522
878.6934 707.42876
838.9115 679.68255
801.65621 653.44884
766.72925 628.62767
733.94968 605.12637
703.15381 582.85897
674.19196 561.74579
646.9267 541.71296
621.23358 522.69194
596.99895 504.61916
574.11804 487.43563
552.49523 471.08659
532.0432 455.52117
512.68139 440.69211
494.33569 426.55546
476.93819 413.07035
1502.2097 1086.19
1417.0676 1035.5675
1338.2901 988.00586
1265.3336 943.30491
1197.702 901.27515
1134.9441 861.7381
1076.6491 824.52616
1022.441 789.48249
971.97488 756.46061
924.94357 725.32398
881.06489 695.94555
840.08003 668.20723
801.7564 641.99934
765.88244 617.22009
732.26492 593.77507
700.72761 571.57673
671.11114 550.54389
643.26981 530.60128
617.06992 511.67912
592.39043 493.71267
569.12084 476.64189
547.15934 460.41106
526.41304 444.96844
506.79714 430.26601
488.23345 416.2591
470.65003 402.90622
453.98101 390.16876
1442.131 1024.1033
1359.7147 976.37437
1283.4952 931.53137
1212.9413 889.38553
1147.5679 849.7582
1086.9343 812.48108
1030.6393 777.39619
978.31594 744.35562
929.62728 713.22126
884.27378 683.86441
841.98021 656.16526
802.49411 630.01246
765.5888 605.30262
731.0581 581.93975
698.71381 559.83485
668.38426 538.90537
639.91434 519.07477
613.16228 500.27208
587.99797 482.43151
564.30373 465.49202
541.97217 449.39701
520.90433 434.09393
501.00999 419.53402
482.20683 405.67198
464.41893 392.46571
447.57649 379.87608
431.61564 367.86669
1386.9716 967.70244
1307.0705 922.60211
1233.2116 880.22878
1164.8746 840.40405
1101.5849 802.95913
1042.9114 767.73499
988.46165 734.58234
937.87685 703.36143
890.82771 673.94175
847.02157 646.20168
806.18959 620.02801
768.08524 595.31554
732.48724 571.96655
699.19443 549.89036
668.0232 529.00285
638.80616 509.22603
611.39212 490.48756
585.64292 472.7204
561.4318 455.86237
538.64421 439.8558
517.17559 424.6472
496.92967 410.18691
477.81868 396.42887
459.76258 383.33025
442.68759 370.8513
426.5259 358.95503
411.21545 347.60703
1337.6342 918.15284
1260.0001 875.36179
1188.2692 835.15811
1121.9311 797.37255
1060.5203 761.84493
1003.6141 728.42439
950.82819 696.96927
901.81091 667.34697
856.23977 639.43368
813.82834 613.11399
774.31351 588.28051
737.45407 564.83339
703.03362 542.67995
670.85549 521.73413
640.74025 501.91614
612.52434 483.15195
586.06011 465.37296
561.21269 448.51554
537.85837 432.5207
515.88536 417.33372
495.19175 402.90384
475.68365 389.18398
457.27554 376.13039
439.88945 363.70247
423.45355 351.86248
407.9018 340.57533
393.17384 329.8084
1292.3446 873.35392
1216.8074 832.65076
1147.0446 794.40872
1082.5549 758.4668
1022.8813 724.67267
967.60894 692.88279
916.36083 662.96244
868.79206 634.78549
824.5864 608.23416
783.46317 583.19867
745.16459 559.57687
709.45436 537.2738
676.12062 516.20128
644.97088 496.27746
615.82956 477.42643
588.53667 459.5778
562.94786 442.66629
538.93129 426.63138
516.36608 411.41696
495.14305 396.97099
475.1627 383.24519
456.3334 370.19475
438.57169 357.77808
421.80155 345.95654
405.95293 334.69426
390.96148 323.95784
376.76837 313.71625
1248.3426 829.94775
1174.8513 791.26756
1107.0076 754.92616
1044.3193 720.77058
986.33789 688.65604
932.65635 658.44614
882.90487 630.01284
836.74525 603.2363
793.8675 578.00458
753.9966 554.21338
716.88002 531.76559
682.28634 510.571
650.00813 490.54579
619.85704 471.6122
591.66128 453.69808
565.26436 436.73653
540.52517 420.66553
517.31485 405.42757
495.51528 390.96932
475.01985 377.24132
455.7314 364.1977
437.5605 351.79587
420.42574 339.99631
404.25295 328.76232
388.97386 318.05977
374.52574 307.85696
360.85129 298.12438
1204.0833 786.01855
1132.6523 749.3857
1066.7399 714.96786
1005.8631 682.62013
949.58232 652.20542
897.49851 623.59453
849.24938 596.66621
804.50365 571.30695
762.95769 547.41076
724.34234 524.87882
688.41045 503.6192
654.93555 483.54644
623.71479 464.58117
594.564 446.64973
567.31524 429.6838
541.81561 413.62003
517.92724 398.39967
495.5243 383.96826
474.49149 370.27528
454.72474 357.27391
436.12929 344.92069
418.61792 333.17529
402.11124 322.00028
386.53701 311.36091
371.82869 301.22485
357.92519 291.56207
344.77073 282.34464
1160.1592 742.27883
1090.7769 707.6845
1026.7834 675.18192
967.70563 644.63425
913.11269 615.91203
862.61387 588.89326
815.85443 563.46342
772.51009 539.51534
732.28368 516.94889
694.91191 495.6708
660.15307 475.59422
627.7857 456.63845
597.61153 438.72854
569.45058 421.79494
543.1388 405.77312
518.52684 390.60325
495.48012 376.22986
473.87584 362.60151
453.60145 349.67051
434.55548 337.39263
416.64553 325.72683
399.78657 314.63503
383.90125 304.08188
368.91921 294.03456
354.77564 284.46254
341.41109 275.33747
328.77126 266.63296
0.00033509732 1524.6982
0.00034550331 1565.1073
0.00035619083 1600.8169
0.00036715157 1632.2901
0.00037837761 1659.9408
0.00038986138 1684.1396
0.00040159567 1705.2187
0.00041357364 1723.4762
0.00042578878 1739.1801
0.00043823492 1752.5715
0.00045090622 1763.8678
0.00046379716 1773.2648
0.00047690247 1780.9394
0.0004902172 1787.0513
0.00050373664 1791.7452
0.00051745633 1795.1519
0.00053137206 1797.3901
0.0005454798 1798.5673
0.00055977577 1798.7811
0.00057425636 1798.1204
0.00058891813 1796.6657
0.00060375784 1794.4905
0.00061877238 1791.6616
0.0006339588 1788.2399
0.00064931429 1784.281
0.00066483618 1779.8356
0.0006805219 1774.9498
5.0650744 9.9157526e+09 1.3228757
5.0387909 1.1342509e+10 1.3601471
5.0017778 1.2634166e+10 1.396424
4.9567956 1.3785305e+10 1.4317821
4.9060445 1.479765e+10 1.4662878
4.8512587 1.5677432e+10 1.5
4.7937935 1.6433492e+10 1.532971
4.734699 1.7075974e+10 1.5652476
4.6747835 1.7615452e+10 1.5968719
4.6146637 1.8062362e+10 1.6278821
4.5548063 1.8426666e+10 1.6583124
4.4955603 1.8717656e+10 1.6881943
4.4371833 1.894386e+10 1.7175564
7
