# Fiducial parameters, omega_b = 0.022237, omega_cdm = 0.12, H0 = 67.36, ln10^{10}A_s = 3.044, n_s = 0.9649, tau_reio = 0.0544, M_tot = 0.12, sigma_NL = 7, beta_0^Euclid = 1, beta_1^Euclid = 1, z_reio = 1, Omega_Lambda = 1, YHe = 1, 100*theta_s = 1, A_s = 0, sigma8 = 0
1.4221329e-08
1.5578783e-08
1.6779135e-08
1.737504e-08
1.7813838e-08
1.8187377e-08
1.8500611e-08
1.8784719e-08
1.9069019e-08
1.9454524e-08
0
2.5065208e-08
2.5083592e-08
2.6383604e-08
2.7343456e-08
2.8160801e-08
2.8846221e-08
2.9467918e-08
3.0090053e-08
3.0933686e-08
0
0
3.1038748e-08
3.0312514e-08
3.1665822e-08
3.2821033e-08
3.3790187e-08
3.4669275e-08
3.5548992e-08
3.6741934e-08
0
0
0
3.5013309e-08
3.4118701e-08
3.5531245e-08
3.6718432e-08
3.7795566e-08
3.8873498e-08
4.0335244e-08
0
0
0
0
3.8563065e-08
3.7682921e-08
3.9084333e-08
4.0357489e-08
4.1631818e-08
4.3359918e-08
0
0
0
0
0
4.2125832e-08
4.12147e-08
4.2699444e-08
4.418701e-08
4.620447e-08
0
0
0
0
0
0
4.5602168e-08
4.4766603e-08
4.6478963e-08
4.8802733e-08
0
0
0
0
0
0
0
4.9236913e-08
4.8659007e-08
5.132736e-08
0
0
0
0
0
0
0
0
5.3448806e-08
5.4007638e-08
0
0
0
0
0
0
0
0
0
6.0366896e-08
1.3318625e-08
1.4717232e-08
1.5952021e-08
1.6565253e-08
1.7016816e-08
1.7401222e-08
1.7723571e-08
1.8015946e-08
1.8308522e-08
1.8705252e-08
0
2.4490368e-08
2.4680734e-08
2.6071246e-08
2.7098173e-08
2.7972661e-08
2.8706005e-08
2.9371172e-08
3.003681e-08
3.0939441e-08
0
0
3.0916429e-08
3.0348418e-08
3.1821418e-08
3.307907e-08
3.4134205e-08
3.509129e-08
3.6049063e-08
3.7347861e-08
0
0
0
3.525689e-08
3.4524021e-08
3.6076555e-08
3.7381613e-08
3.8565718e-08
3.9750707e-08
4.1357638e-08
0
0
0
0
3.9169441e-08
3.84668e-08
4.0019008e-08
4.1429313e-08
4.2840942e-08
4.4755244e-08
0
0
0
0
0
4.3125764e-08
4.2401321e-08
4.4057006e-08
4.5715966e-08
4.79659e-08
0
0
0
0
0
0
4.7011496e-08
4.6382735e-08
4.8303602e-08
5.0910451e-08
0
0
0
0
0
0
0
5.1098205e-08
5.0770823e-08
5.3780771e-08
0
0
0
0
0
0
0
0
5.5861298e-08
5.6836446e-08
0
0
0
0
0
0
0
0
0
6.3741037e-08
1.2295958e-08
1.3640723e-08
1.4882061e-08
1.5498827e-08
1.5952999e-08
1.6339628e-08
1.6663841e-08
1.6957909e-08
1.725218e-08
1.7651211e-08
0
2.3548206e-08
2.3865344e-08
2.5324242e-08
2.6401996e-08
2.7319798e-08
2.8089469e-08
2.8787589e-08
2.9486205e-08
3.0433561e-08
0
0
3.03328e-08
2.9900055e-08
3.1476117e-08
3.2822107e-08
3.3951404e-08
3.4975766e-08
3.6000868e-08
3.7390975e-08
0
0
0
3.4994047e-08
3.4407401e-08
3.6086955e-08
3.7499059e-08
3.8780325e-08
4.0062554e-08
4.1801358e-08
0
0
0
0
3.9240015e-08
3.870376e-08
4.0397664e-08
4.1936913e-08
4.3477636e-08
4.5567014e-08
0
0
0
0
0
4.3569987e-08
4.3025526e-08
4.484627e-08
4.6670784e-08
4.9145276e-08
0
0
0
0
0
0
4.7854442e-08
4.7429516e-08
4.9556128e-08
5.244236e-08
0
0
0
0
0
0
0
5.2390603e-08
5.2314927e-08
5.5668342e-08
0
0
0
0
0
0
0
0
5.7712369e-08
5.9113644e-08
0
0
0
0
0
0
0
0
0
6.6588409e-08
1.1305554e-08
1.2499839e-08
1.3716872e-08
1.4321895e-08
1.4767428e-08
1.5146704e-08
1.5464751e-08
1.5753228e-08
1.6041905e-08
1.6433354e-08
0
2.2363239e-08
2.2747206e-08
2.4244841e-08
2.535161e-08
2.629416e-08
2.7084589e-08
2.7801539e-08
2.8519002e-08
2.9491919e-08
0
0
2.9375634e-08
2.9043533e-08
3.069734e-08
3.2110156e-08
3.3295585e-08
3.4370868e-08
3.5446932e-08
3.6906153e-08
0
0
0
3.4286639e-08
3.3819977e-08
3.5604399e-08
3.7105019e-08
3.8466646e-08
3.9829302e-08
4.1677178e-08
0
0
0
0
3.8813503e-08
3.842182e-08
4.0239326e-08
4.1891147e-08
4.3544587e-08
4.5786831e-08
0
0
0
0
0
4.3474434e-08
4.3093032e-08
4.5063676e-08
4.7038614e-08
4.9717155e-08
0
0
0
0
0
0
4.8125432e-08
4.7891088e-08
5.0210388e-08
5.3358339e-08
0
0
0
0
0
0
0
5.3087022e-08
5.3252981e-08
5.6936475e-08
0
0
0
0
0
0
0
0
5.8951466e-08
6.0772118e-08
0
0
0
0
0
0
0
0
0
6.8823699e-08
1.0093546e-08
1.1025371e-08
1.2181521e-08
1.2756669e-08
1.3180213e-08
1.3540771e-08
1.3843123e-08
1.4117364e-08
1.4391797e-08
1.4763933e-08
0
2.0627417e-08
2.0999713e-08
2.2496894e-08
2.3603817e-08
2.4546548e-08
2.5337134e-08
2.6054228e-08
2.6771837e-08
2.7744958e-08
0
0
2.7690745e-08
2.7409852e-08
2.9105028e-08
3.0553724e-08
3.1769335e-08
3.2872005e-08
3.3975478e-08
3.5471876e-08
0
0
0
3.2747411e-08
3.2360652e-08
3.4215926e-08
3.5776566e-08
3.7192708e-08
3.8609929e-08
4.0531809e-08
0
0
0
0
3.7472594e-08
3.718964e-08
3.9100829e-08
4.0838116e-08
4.2577153e-08
4.4935487e-08
0
0
0
0
0
4.2391684e-08
4.2142783e-08
4.423576e-08
4.6333573e-08
4.9178806e-08
0
0
0
0
0
0
4.7348106e-08
4.7277107e-08
4.9762017e-08
5.3135009e-08
0
0
0
0
0
0
0
5.2681598e-08
5.306351e-08
5.7042505e-08
0
0
0
0
0
0
0
0
5.9039811e-08
6.1249551e-08
0
0
0
0
0
0
0
0
0
6.9857711e-08
8.9225658e-09
9.5110428e-09
1.0575526e-08
1.1105506e-08
1.14958e-08
1.1828054e-08
1.2106671e-08
1.2359385e-08
1.2612277e-08
1.2955204e-08
0
1.8652408e-08
1.892928e-08
2.0383735e-08
2.145965e-08
2.237603e-08
2.3144524e-08
2.3841582e-08
2.4539142e-08
2.548508e-08
0
0
2.5569362e-08
2.5281114e-08
2.6974337e-08
2.8422017e-08
2.9636871e-08
3.0738862e-08
3.1841661e-08
3.3337148e-08
0
0
0
3.0645143e-08
3.0287808e-08
3.2170925e-08
3.3755522e-08
3.5193472e-08
3.6632526e-08
3.858402e-08
0
0
0
0
3.5462208e-08
3.5240329e-08
3.7205277e-08
3.8991835e-08
4.0780248e-08
4.3205555e-08
0
0
0
0
0
4.0540288e-08
4.0380861e-08
4.2557227e-08
4.4738964e-08
4.7698072e-08
0
0
0
0
0
0
4.5713751e-08
4.5765253e-08
4.8375022e-08
5.1917823e-08
0
0
0
0
0
0
0
5.133617e-08
5.1892333e-08
5.6110472e-08
0
0
0
0
0
0
0
0
5.810462e-08
6.0647723e-08
0
0
0
0
0
0
0
0
0
6.9761291e-08
7.8718182e-09
8.0715576e-09
9.0220331e-09
9.4956971e-09
9.8445315e-09
1.0141491e-08
1.0390513e-08
1.0616383e-08
1.0842412e-08
1.1148915e-08
0
1.658935e-08
1.6688491e-08
1.805807e-08
1.9071857e-08
1.9935391e-08
2.0659573e-08
2.131644e-08
2.1973781e-08
2.2865184e-08
0
0
2.3155846e-08
2.2795557e-08
2.4438693e-08
2.5844314e-08
2.7023986e-08
2.8094075e-08
2.916495e-08
3.0617152e-08
0
0
0
2.8107273e-08
2.772011e-08
2.9580399e-08
3.1146428e-08
3.2567611e-08
3.3989894e-08
3.5918653e-08
0
0
0
0
3.28886e-08
3.2669053e-08
3.4638396e-08
3.6429437e-08
3.8222407e-08
4.0653904e-08
0
0
0
0
0
3.8000906e-08
3.7875361e-08
4.008467e-08
4.229985e-08
4.5304378e-08
0
0
0
0
0
0
4.327488e-08
4.3393605e-08
4.6072948e-08
4.9710601e-08
0
0
0
0
0
0
0
4.9071381e-08
4.9742362e-08
5.4119155e-08
0
0
0
0
0
0
0
0
5.612747e-08
5.8918888e-08
0
0
0
0
0
0
0
0
0
6.844924e-08
6.8752032e-09
6.6632474e-09
7.4848069e-09
7.8946501e-09
8.1964964e-09
8.453456e-09
8.6689353e-09
8.8643818e-09
9.0599664e-09
9.3251859e-09
0
1.4435782e-08
1.428266e-08
1.5528386e-08
1.6451213e-08
1.7237344e-08
1.7896621e-08
1.8494617e-08
1.9093046e-08
1.9904562e-08
0
0
2.0456066e-08
1.995692e-08
2.1499881e-08
2.282068e-08
2.3929295e-08
2.4934938e-08
2.5941322e-08
2.7306074e-08
0
0
0
2.5130844e-08
2.4648641e-08
2.64301e-08
2.7930514e-08
2.9292248e-08
3.0655045e-08
3.2503142e-08
0
0
0
0
2.9732991e-08
2.9447946e-08
3.1364494e-08
3.3108099e-08
3.4853662e-08
3.7220883e-08
0
0
0
0
0
3.4732685e-08
3.4573984e-08
3.6755256e-08
3.894283e-08
4.1909983e-08
0
0
0
0
0
0
3.9964141e-08
4.0080713e-08
4.2760107e-08
4.6398318e-08
0
0
0
0
0
0
0
4.5787944e-08
4.6496033e-08
5.0926062e-08
0
0
0
0
0
0
0
0
5.2967852e-08
5.5890806e-08
0
0
0
0
0
0
0
0
0
6.5706545e-08
6.0481666e-09
5.4502499e-09
6.1436874e-09
6.4899533e-09
6.7449872e-09
6.9620964e-09
7.1441585e-09
7.3092946e-09
7.4745477e-09
7.6986371e-09
0
1.2447088e-08
1.199503e-08
1.3091109e-08
1.3903788e-08
1.4596164e-08
1.5176822e-08
1.5703508e-08
1.6230576e-08
1.6945323e-08
0
0
1.7780112e-08
1.7086165e-08
1.8486434e-08
1.9686012e-08
2.069302e-08
2.1606507e-08
2.252067e-08
2.3760362e-08
0
0
0
2.2044419e-08
2.1406343e-08
2.3056383e-08
2.4446935e-08
2.5709069e-08
2.69722e-08
2.8685142e-08
0
0
0
0
2.6329211e-08
2.5910742e-08
2.7716973e-08
2.9360871e-08
3.1006708e-08
3.3238698e-08
0
0
0
0
0
3.1065407e-08
3.0802483e-08
3.2890883e-08
3.4985899e-08
3.7827591e-08
0
0
0
0
0
0
3.609941e-08
3.6136717e-08
3.8738711e-08
4.2272398e-08
0
0
0
0
0
0
0
4.1784041e-08
4.2438964e-08
4.6799565e-08
0
0
0
0
0
0
0
0
4.8893273e-08
5.180552e-08
0
0
0
0
0
0
0
0
0
6.1735933e-08
5.3226226e-09
4.3752533e-09
4.9489124e-09
5.2355873e-09
5.4467403e-09
5.6264942e-09
5.7772313e-09
5.9139549e-09
6.0507754e-09
6.2363096e-09
0
1.0625944e-08
9.8578812e-09
1.0792917e-08
1.148681e-08
1.2078056e-08
1.257391e-08
1.3023673e-08
1.3473765e-08
1.4084125e-08
0
0
1.5198088e-08
1.4270584e-08
1.549788e-08
1.6550178e-08
1.7433691e-08
1.8235165e-08
1.9037232e-08
2.0124915e-08
0
0
0
1.8952066e-08
1.8108423e-08
1.9583592e-08
2.0827624e-08
2.1956882e-08
2.3087043e-08
2.4619667e-08
0
0
0
0
2.280157e-08
2.2188525e-08
2.3832295e-08
2.532904e-08
2.682765e-08
2.8859992e-08
0
0
0
0
0
2.7133896e-08
2.6697966e-08
2.8630485e-08
3.0569775e-08
3.3200325e-08
0
0
0
0
0
0
3.1816576e-08
3.1695671e-08
3.4140749e-08
3.7461986e-08
0
0
0
0
0
0
0
3.7187702e-08
3.7692385e-08
4.1851412e-08
0
0
0
0
0
0
0
0
4.4012255e-08
4.6753105e-08
0
0
0
0
0
0
0
0
0
5.6593096e-08
4.7397238e-09
3.4938268e-09
3.9634885e-09
4.1982921e-09
4.3712444e-09
4.5184786e-09
4.6419455e-09
4.7539342e-09
4.8660024e-09
5.0179717e-09
0
9.0862001e-09
8.0202212e-09
8.8006807e-09
9.3802894e-09
9.8742135e-09
1.0288453e-08
1.0664189e-08
1.1040199e-08
1.1550099e-08
0
0
1.2912981e-08
1.1740501e-08
1.2784473e-08
1.3680336e-08
1.443263e-08
1.511508e-08
1.5798037e-08
1.6724196e-08
0
0
0
1.611568e-08
1.503928e-08
1.6315001e-08
1.739161e-08
1.8369e-08
1.9347182e-08
2.0673708e-08
0
0
0
0
1.9457928e-08
1.8608274e-08
2.0053168e-08
2.1369517e-08
2.2687608e-08
2.4475147e-08
0
0
0
0
0
2.3283457e-08
2.2620214e-08
2.4346696e-08
2.6079894e-08
2.843098e-08
0
0
0
0
0
0
2.7487836e-08
2.7140198e-08
2.9359003e-08
3.2373582e-08
0
0
0
0
0
0
0
3.2388743e-08
3.2652397e-08
3.6485896e-08
0
0
0
0
0
0
0
0
3.8721876e-08
4.1130469e-08
0
0
0
0
0
0
0
0
0
5.0658684e-08
4.2378347e-09
2.728364e-09
3.1069758e-09
3.2963176e-09
3.4357862e-09
3.5545161e-09
3.65408e-09
3.744388e-09
3.8347602e-09
3.9573091e-09
0
7.7469948e-09
6.4184137e-09
7.0606788e-09
7.5378666e-09
7.9445436e-09
8.2856149e-09
8.5949843e-09
8.9045794e-09
9.3244166e-09
0
0
1.0902478e-08
9.4979947e-09
1.0366507e-08
1.1112289e-08
1.1738643e-08
1.2306855e-08
1.2875489e-08
1.3646616e-08
0
0
0
1.3570937e-08
1.2259741e-08
1.3332785e-08
1.4238939e-08
1.5061671e-08
1.5885079e-08
1.7001714e-08
0
0
0
0
1.6389319e-08
1.5286421e-08
1.6517139e-08
1.7638954e-08
1.8762342e-08
2.0285843e-08
0
0
0
0
0
1.9658815e-08
1.8737059e-08
2.0228079e-08
2.172551e-08
2.3756862e-08
0
0
0
0
0
0
2.3305003e-08
2.268311e-08
2.4627022e-08
2.7268797e-08
0
0
0
0
0
0
0
2.7620211e-08
2.7571332e-08
3.098114e-08
0
0
0
0
0
0
0
0
3.3290722e-08
3.5226514e-08
0
0
0
0
0
0
0
0
0
4.4228831e-08
3.8513609e-09
2.1161429e-09
2.4158291e-09
2.5657908e-09
2.6762541e-09
2.7702919e-09
2.8491496e-09
2.9206765e-09
2.9922542e-09
3.0893171e-09
0
6.6365261e-09
5.0835483e-09
5.6073094e-09
5.9965186e-09
6.3282297e-09
6.6064305e-09
6.8587732e-09
7.1113003e-09
7.4537488e-09
0
0
9.2185511e-09
7.6120579e-09
8.3264089e-09
8.9400123e-09
9.4553979e-09
9.9229465e-09
1.0390844e-08
1.1025361e-08
0
0
0
1.1415608e-08
9.8909464e-09
1.0778349e-08
1.1528052e-08
1.2208789e-08
1.2890091e-08
1.3814015e-08
0
0
0
0
1.374912e-08
1.2404581e-08
1.3429607e-08
1.4364317e-08
1.5300402e-08
1.6569894e-08
0
0
0
0
0
1.6477081e-08
1.5295506e-08
1.6548689e-08
1.7807721e-08
1.9515739e-08
0
0
0
0
0
0
1.9549965e-08
1.8637638e-08
2.028924e-08
2.2534333e-08
0
0
0
0
0
0
0
2.3230021e-08
2.2831158e-08
2.5764986e-08
0
0
0
0
0
0
0
0
2.8136413e-08
2.9505651e-08
0
0
0
0
0
0
0
0
0
3.781025e-08
3.5501254e-09
1.6268448e-09
1.8583665e-09
1.9743505e-09
2.0597887e-09
2.1325226e-09
2.1935155e-09
2.2488382e-09
2.3042004e-09
2.3792742e-09
0
5.7084364e-09
3.9565971e-09
4.376349e-09
4.6883677e-09
4.9543002e-09
5.1773345e-09
5.3796385e-09
5.5820904e-09
5.8566332e-09
0
0
7.7894568e-09
6.010346e-09
6.5926945e-09
7.0929696e-09
7.5131803e-09
7.8943901e-09
8.2758845e-09
8.7932309e-09
0
0
0
9.5849689e-09
7.877365e-09
8.6048538e-09
9.2195488e-09
9.7777179e-09
1.0336353e-08
1.1093927e-08
0
0
0
0
1.1500355e-08
9.9437899e-09
1.0787262e-08
1.1556575e-08
1.232705e-08
1.3371951e-08
0
0
0
0
0
1.3747227e-08
1.2329331e-08
1.3365076e-08
1.44059e-08
1.5817937e-08
0
0
0
0
0
0
1.6290118e-08
1.5102326e-08
1.6475467e-08
1.8342402e-08
0
0
0
0
0
0
0
1.935594e-08
1.8609039e-08
2.106796e-08
0
0
0
0
0
0
0
0
2.3483481e-08
2.4256015e-08
0
0
0
0
0
0
0
0
0
3.176506e-08
3.3189732e-09
1.2487549e-09
1.4249071e-09
1.5132339e-09
1.5783026e-09
1.6336959e-09
1.6801475e-09
1.7222807e-09
1.7644439e-09
1.8216192e-09
0
4.9630385e-09
3.0326935e-09
3.3594418e-09
3.6025507e-09
3.8097715e-09
3.9835664e-09
4.1412077e-09
4.2989645e-09
4.5128966e-09
0
0
6.5904331e-09
4.6576059e-09
5.1232137e-09
5.5233585e-09
5.8594822e-09
6.1644108e-09
6.4695674e-09
6.8833921e-09
0
0
0
8.0321765e-09
6.1664718e-09
6.755937e-09
7.2540734e-09
7.7064105e-09
8.1591261e-09
8.7730624e-09
0
0
0
0
9.5890915e-09
7.8517925e-09
8.5401661e-09
9.168056e-09
9.7969039e-09
1.0649735e-08
0
0
0
0
0
1.1426455e-08
9.8062009e-09
1.0655076e-08
1.1508183e-08
1.2665567e-08
0
0
0
0
0
0
1.3512999e-08
1.2084633e-08
1.321361e-08
1.4748721e-08
0
0
0
0
0
0
0
1.6036228e-08
1.4975568e-08
1.7004888e-08
0
0
0
0
0
0
0
0
1.9448606e-08
1.965811e-08
0
0
0
0
0
0
0
0
0
2.6366011e-08
3.1441076e-09
9.6310783e-10
1.0972273e-09
1.1644666e-09
1.2140022e-09
1.2561723e-09
1.2915351e-09
1.3236105e-09
1.3557086e-09
1.3992352e-09
0
4.3950539e-09
2.3171041e-09
2.565378e-09
2.7503084e-09
2.9079654e-09
3.0401937e-09
3.1601319e-09
3.280158e-09
3.4429239e-09
0
0
5.6316464e-09
3.5597822e-09
3.920157e-09
4.2301912e-09
4.4906667e-09
4.726971e-09
4.9634521e-09
5.2841459e-09
0
0
0
6.7507155e-09
4.7416838e-09
5.2067511e-09
5.5999911e-09
5.9571002e-09
6.3145099e-09
6.7992006e-09
0
0
0
0
7.9845783e-09
6.0871529e-09
6.6386479e-09
7.1417956e-09
7.6457231e-09
8.329141e-09
0
0
0
0
0
9.4627967e-09
7.6676463e-09
8.3551388e-09
9.046109e-09
9.9835337e-09
0
0
0
0
0
0
1.115797e-08
9.5244809e-09
1.0444987e-08
1.169667e-08
0
0
0
0
0
0
0
1.3219623e-08
1.1891077e-08
1.3552742e-08
0
0
0
0
0
0
0
0
1.6018025e-08
1.5737215e-08
0
0
0
0
0
0
0
0
0
2.1718139e-08
3.011613e-09
7.4627017e-10
8.4853883e-10
8.9980058e-10
9.3756461e-10
9.6971344e-10
9.9667268e-10
1.0211256e-09
1.045596e-09
1.0787789e-09
0
3.9655098e-09
1.7770015e-09
1.9652234e-09
2.1054293e-09
2.2249679e-09
2.3252275e-09
2.4161685e-09
2.507176e-09
2.6305902e-09
0
0
4.9020759e-09
2.7155369e-09
2.9878963e-09
3.2224397e-09
3.4195373e-09
3.598349e-09
3.7772948e-09
4.0199643e-09
0
0
0
5.7469093e-09
3.6108389e-09
3.9654704e-09
4.2656409e-09
4.5382739e-09
4.8111398e-09
5.1811789e-09
0
0
0
0
6.6894405e-09
4.6459422e-09
5.0730213e-09
5.4629154e-09
5.8534461e-09
6.3830796e-09
0
0
0
0
0
7.8386668e-09
5.8844408e-09
6.4257685e-09
6.9700192e-09
7.7084127e-09
0
0
0
0
0
0
9.1799448e-09
7.3636734e-09
8.0989445e-09
9.0988686e-09
0
0
0
0
0
0
0
1.083448e-08
9.2729774e-09
1.0615171e-08
0
0
0
0
0
0
0
0
1.310425e-08
1.2404435e-08
0
0
0
0
0
0
0
0
0
1.7765074e-08
2.9109673e-09
5.8241138e-10
6.6045129e-10
6.9957468e-10
7.2839647e-10
7.5293265e-10
7.7350809e-10
7.9217071e-10
8.1084658e-10
8.3617188e-10
0
3.6385321e-09
1.3658719e-09
1.5089582e-09
1.6154986e-09
1.7063276e-09
1.7825076e-09
1.8516071e-09
1.9207571e-09
2.0145305e-09
0
0
4.3508786e-09
2.0796943e-09
2.2861034e-09
2.4637942e-09
2.6131184e-09
2.7485904e-09
2.8841641e-09
3.0680163e-09
0
0
0
4.9909139e-09
2.7556826e-09
3.0228871e-09
3.2491374e-09
3.4546545e-09
3.6603499e-09
3.9392976e-09
0
0
0
0
5.6999329e-09
3.5338534e-09
3.8557548e-09
4.1498275e-09
4.4444148e-09
4.8439334e-09
0
0
0
0
0
6.5658301e-09
4.470277e-09
4.8816476e-09
5.2954924e-09
5.8569958e-09
0
0
0
0
0
0
7.587486e-09
5.6042703e-09
6.170768e-09
6.9414334e-09
0
0
0
0
0
0
0
8.8682009e-09
7.0937129e-09
8.1446669e-09
0
0
0
0
0
0
0
0
1.0657548e-08
9.582648e-09
0
0
0
0
0
0
0
0
0
1.4405901e-08
2.8335308e-09
4.5811053e-10
5.1820128e-10
5.4830999e-10
5.7049076e-10
5.8937341e-10
6.0520792e-10
6.1957035e-10
6.3394297e-10
6.5343284e-10
0
3.3928444e-09
1.0553506e-09
1.1635555e-09
1.2441596e-09
1.3128789e-09
1.3705147e-09
1.4227936e-09
1.4751107e-09
1.5460571e-09
0
0
3.9304176e-09
1.5942976e-09
1.7507589e-09
1.8854298e-09
1.9985906e-09
2.1012529e-09
2.2039921e-09
2.3433173e-09
0
0
0
4.4159657e-09
2.1079995e-09
2.3108646e-09
2.4825459e-09
2.6384839e-09
2.7945568e-09
3.0062104e-09
0
0
0
0
4.9546456e-09
2.6980369e-09
2.9413216e-09
3.1635293e-09
3.3861278e-09
3.6880162e-09
0
0
0
0
0
5.6083453e-09
3.4027888e-09
3.7119665e-09
4.0230651e-09
4.4451793e-09
0
0
0
0
0
0
6.3748352e-09
4.2528107e-09
4.6782111e-09
5.2571152e-09
0
0
0
0
0
0
0
7.3363555e-09
5.3742942e-09
6.1685311e-09
0
0
0
0
0
0
0
0
8.6935854e-09
7.276402e-09
0
0
0
0
0
0
0
0
0
1.1605402e-08
2.7732266e-09
3.6284293e-10
4.0962564e-10
4.3305512e-10
4.5031476e-10
4.6500798e-10
4.7732935e-10
4.8850523e-10
4.9968903e-10
5.1485471e-10
0
3.2079741e-09
8.230252e-10
9.0543261e-10
9.6679123e-10
1.0191029e-09
1.0629778e-09
1.1027747e-09
1.1426006e-09
1.196608e-09
0
0
3.6162802e-09
1.2300733e-09
1.3477915e-09
1.4491625e-09
1.5343516e-09
1.6116377e-09
1.6889817e-09
1.7938682e-09
0
0
0
3.9807741e-09
1.6154126e-09
1.7680382e-09
1.8972562e-09
2.0146259e-09
2.1320966e-09
2.2914009e-09
0
0
0
0
4.3859694e-09
2.0604861e-09
2.2444354e-09
2.4124239e-09
2.5806989e-09
2.808913e-09
0
0
0
0
0
4.8809867e-09
2.5949748e-09
2.8292066e-09
3.0648165e-09
3.3844945e-09
0
0
0
0
0
0
5.4620799e-09
3.2383385e-09
3.5594663e-09
3.9964131e-09
0
0
0
0
0
0
0
6.1869177e-09
4.0810997e-09
4.6771369e-09
0
0
0
0
0
0
0
0
7.2030413e-09
5.503417e-09
0
0
0
0
0
0
0
0
0
9.390569e-09
2.7253276e-09
2.8851363e-10
3.2534583e-10
3.4378063e-10
3.5736055e-10
3.6892119e-10
3.7861565e-10
3.8740883e-10
3.9620825e-10
4.0814059e-10
0
3.0669812e-09
6.4686371e-10
7.1024633e-10
7.5742368e-10
7.9764152e-10
8.3137261e-10
8.6196851e-10
8.9258673e-10
9.3410759e-10
0
0
3.3800304e-09
9.5747886e-10
1.0469379e-09
1.1239217e-09
1.1886101e-09
1.2472973e-09
1.3060284e-09
1.3856738e-09
0
0
0
3.6566445e-09
1.2486765e-09
1.3635484e-09
1.4607869e-09
1.5491133e-09
1.6375162e-09
1.7574012e-09
0
0
0
0
3.9609495e-09
1.5816591e-09
1.7192048e-09
1.8448659e-09
1.9707496e-09
2.141473e-09
0
0
0
0
0
4.3303101e-09
1.9804648e-09
2.1557394e-09
2.3320973e-09
2.5713838e-09
0
0
0
0
0
0
4.7652437e-09
2.4634241e-09
2.7050413e-09
3.0337897e-09
0
0
0
0
0
0
0
5.3117206e-09
3.1001969e-09
3.5503529e-09
0
0
0
0
0
0
0
0
6.0798382e-09
4.1736806e-09
0
0
0
0
0
0
0
0
0
7.7207474e-09
2.6866766e-09
2.2947671e-10
2.5875805e-10
2.7340542e-10
2.84195e-10
2.933802e-10
3.0108268e-10
3.0806907e-10
3.1506041e-10
3.2454093e-10
0
2.9578606e-09
5.1177414e-10
5.6108708e-10
5.9777124e-10
6.2904203e-10
6.5526901e-10
6.7905826e-10
7.0286485e-10
7.3514855e-10
0
0
3.2006302e-09
7.51092e-10
8.1962129e-10
8.7858217e-10
9.2812352e-10
9.7306829e-10
1.0180467e-09
1.0790419e-09
0
0
0
3.4120147e-09
9.7279766e-10
1.0601249e-09
1.1340225e-09
1.2011407e-09
1.2683165e-09
1.3594148e-09
0
0
0
0
3.6429508e-09
1.2249008e-09
1.328806e-09
1.4236868e-09
1.5187305e-09
1.6476285e-09
0
0
0
0
0
3.9215957e-09
1.5246002e-09
1.6558872e-09
1.7879689e-09
1.9671829e-09
0
0
0
0
0
0
4.2465688e-09
1.8840557e-09
2.0637521e-09
2.3082986e-09
0
0
0
0
0
0
0
4.6520218e-09
2.356257e-09
2.6908144e-09
0
0
0
0
0
0
0
0
5.2233611e-09
3.1576971e-09
0
0
0
0
0
0
0
0
0
6.4560734e-09
2.6551248e-09
1.818079e-10
2.0522817e-10
2.1693835e-10
2.255641e-10
2.3290721e-10
2.3906496e-10
2.4465023e-10
2.5023947e-10
2.5781869e-10
0
2.8717797e-09
4.062429e-10
4.4505506e-10
4.7391272e-10
4.9850995e-10
5.1913956e-10
5.3785169e-10
5.5657745e-10
5.8197112e-10
0
0
3.0623239e-09
5.9295871e-10
6.4610633e-10
6.9180606e-10
7.3020017e-10
7.6503167e-10
7.9988918e-10
8.4715951e-10
0
0
0
3.225909e-09
7.6370786e-10
8.3070137e-10
8.8736855e-10
9.3883535e-10
9.9034617e-10
1.0602008e-09
0
0
0
0
3.4026453e-09
9.5576861e-10
1.0347418e-09
1.1068515e-09
1.1790837e-09
1.2770445e-09
0
0
0
0
0
3.6138813e-09
1.1823009e-09
1.281482e-09
1.3812478e-09
1.5166094e-09
0
0
0
0
0
0
3.8589705e-09
1.4529129e-09
1.5880129e-09
1.771821e-09
0
0
0
0
0
0
0
4.1633672e-09
1.8061942e-09
2.055835e-09
0
0
0
0
0
0
0
0
4.588175e-09
2.3992583e-09
0
0
0
0
0
0
0
0
0
5.497737e-09
2.6292517e-09
1.4289101e-10
1.616474e-10
1.7102296e-10
1.7792889e-10
1.8380791e-10
1.887379e-10
1.9320957e-10
1.9768442e-10
2.0375249e-10
0
2.8026674e-09
3.2227388e-10
3.5310311e-10
3.7601408e-10
3.9554106e-10
4.1191813e-10
4.2677297e-10
4.4163864e-10
4.617977e-10
0
0
2.9537402e-09
4.6958597e-10
5.1127669e-10
5.4710603e-10
5.7720459e-10
6.0450998e-10
6.3183574e-10
6.6889224e-10
0
0
0
3.0818199e-09
6.0265718e-10
6.5467967e-10
6.9866517e-10
7.38611e-10
7.7859063e-10
8.3280764e-10
0
0
0
0
3.2187401e-09
7.5082892e-10
8.1158987e-10
8.6704775e-10
9.225962e-10
9.9793032e-10
0
0
0
0
0
3.3808752e-09
9.2397425e-10
9.9956312e-10
1.0755766e-09
1.1787097e-09
0
0
0
0
0
0
3.5671633e-09
1.1287499e-09
1.2307761e-09
1.3695827e-09
0
0
0
0
0
0
0
3.7963362e-09
1.3938833e-09
1.5811844e-09
0
0
0
0
0
0
0
0
4.1143745e-09
1.8370563e-09
0
0
0
0
0
0
0
0
0
4.790244e-09
2.6080959e-09
1.1099017e-10
1.2595178e-10
1.3342985e-10
1.3893805e-10
1.4362718e-10
1.4755937e-10
1.51126e-10
1.5469516e-10
1.595351e-10
0
2.746442e-09
2.5440946e-10
2.790208e-10
2.9730411e-10
3.1288599e-10
3.2595424e-10
3.3780782e-10
3.4967004e-10
3.6575619e-10
0
0
2.8669659e-09
3.715712e-10
4.0457996e-10
4.3293449e-10
4.5675137e-10
4.7835779e-10
4.9998031e-10
5.2930263e-10
0
0
0
2.9682444e-09
4.7640408e-10
5.1724954e-10
5.5176876e-10
5.8311524e-10
6.1448803e-10
6.5703314e-10
0
0
0
0
3.0755413e-09
5.9205302e-10
6.3933458e-10
6.8247399e-10
7.2568167e-10
7.842792e-10
0
0
0
0
0
3.2014141e-09
7.2589696e-10
7.8417501e-10
8.4276655e-10
9.2225977e-10
0
0
0
0
0
0
3.3446502e-09
8.8271666e-10
9.6069539e-10
1.0667645e-09
0
0
0
0
0
0
0
3.5193105e-09
1.0839544e-09
1.2258125e-09
0
0
0
0
0
0
0
0
3.7592468e-09
1.4164735e-09
0
0
0
0
0
0
0
0
0
4.2624486e-09
2.5909672e-09
8.4933699e-11
9.6760669e-11
1.0267273e-10
1.0702743e-10
1.1073458e-10
1.1384332e-10
1.1666304e-10
1.1948478e-10
1.2331118e-10
0
2.7004124e-09
1.9902923e-10
2.1867443e-10
2.3326536e-10
2.4569993e-10
2.5612853e-10
2.6558781e-10
2.7505399e-10
2.8789092e-10
0
0
2.7966764e-09
2.9252613e-10
3.1879598e-10
3.4135354e-10
3.6029959e-10
3.7748709e-10
3.9468739e-10
4.1801274e-10
0
0
0
2.8772402e-09
3.7571725e-10
4.080446e-10
4.353543e-10
4.6015223e-10
4.8497082e-10
5.1862767e-10
0
0
0
0
2.9620541e-09
4.6684786e-10
5.0400803e-10
5.3790147e-10
5.7184673e-10
6.1788254e-10
0
0
0
0
0
3.0608012e-09
5.7146375e-10
6.1689994e-10
6.6256744e-10
7.2452414e-10
0
0
0
0
0
0
3.1722111e-09
6.9295451e-10
7.5322136e-10
8.3518197e-10
0
0
0
0
0
0
0
3.3068047e-09
8.4732714e-10
9.5591633e-10
0
0
0
0
0
0
0
0
3.4897227e-09
1.0995367e-09
0
0
0
0
0
0
0
0
0
3.8680147e-09
2.5773161e-09
6.3875195e-11
7.3098751e-11
7.7710926e-11
8.110819e-11
8.4000284e-11
8.6425526e-11
8.8625307e-11
9.0826658e-11
9.3811797e-11
0
2.6627872e-09
1.53742e-10
1.6933784e-10
1.8092076e-10
1.907917e-10
1.9907022e-10
2.0657927e-10
2.1409381e-10
2.2428416e-10
0
0
2.7393481e-09
2.2820639e-10
2.4911459e-10
2.6706432e-10
2.8213943e-10
2.9581521e-10
3.0950118e-10
3.2806075e-10
0
0
0
2.803493e-09
2.9439033e-10
3.2006707e-10
3.4175229e-10
3.6144202e-10
3.8114806e-10
4.0787171e-10
0
0
0
0
2.8708288e-09
3.6660783e-10
3.9599819e-10
4.2279745e-10
4.4963642e-10
4.8603475e-10
0
0
0
0
0
2.9488448e-09
4.4904091e-10
4.8476539e-10
5.2066249e-10
5.6936241e-10
0
0
0
0
0
0
3.0362881e-09
5.4408225e-10
5.9112563e-10
6.5509121e-10
0
0
0
0
0
0
0
3.1410899e-09
6.6380236e-10
7.4784263e-10
0
0
0
0
0
0
0
0
3.2821243e-09
8.5724883e-10
0
0
0
0
0
0
0
0
0
3.5693572e-09
2.5666542e-09
4.7132386e-11
5.4203459e-11
5.7741129e-11
6.0346977e-11
6.2565341e-11
6.4425611e-11
6.6112944e-11
6.7801482e-11
7.0091229e-11
0
2.6323037e-09
1.1691273e-10
1.2916562e-10
1.38267e-10
1.4602325e-10
1.5252823e-10
1.5842858e-10
1.6433325e-10
1.723405e-10
0
0
2.6926254e-09
1.7578879e-10
1.9234331e-10
2.0655468e-10
2.1848988e-10
2.2931716e-10
2.4015252e-10
2.5484638e-10
0
0
0
2.743473e-09
2.282975e-10
2.4865946e-10
2.6585349e-10
2.8146481e-10
2.9708902e-10
3.1827725e-10
0
0
0
0
2.7968932e-09
2.8556763e-10
3.0884885e-10
3.300735e-10
3.513289e-10
3.8015488e-10
0
0
0
0
0
2.858679e-09
3.5076252e-10
3.7897316e-10
4.0731446e-10
4.457629e-10
0
0
0
0
0
0
2.9276661e-09
4.2557872e-10
4.6254647e-10
5.1280412e-10
0
0
0
0
0
0
0
3.0098812e-09
5.1920424e-10
5.8480569e-10
0
0
0
0
0
0
0
0
3.1196345e-09
6.6905058e-10
0
0
0
0
0
0
0
0
0
3.3400225e-09
2.5585176e-09
3.4093585e-11
3.9408365e-11
4.2069188e-11
4.4029206e-11
4.5697776e-11
4.7097003e-11
4.8366154e-11
4.9636214e-11
5.1358485e-11
0
2.6079763e-09
8.732742e-11
9.6814027e-11
1.0386277e-10
1.0986994e-10
1.1490803e-10
1.1947784e-10
1.24051e-10
1.3025261e-10
0
0
2.6548498e-09
1.3332174e-10
1.4629751e-10
1.5743799e-10
1.6679424e-10
1.7528199e-10
1.8377606e-10
1.9529492e-10
0
0
0
2.6947791e-09
1.7465404e-10
1.906935e-10
2.0423736e-10
2.165344e-10
2.2884156e-10
2.4553152e-10
0
0
0
0
2.73691e-09
2.1986806e-10
2.3824458e-10
2.5499629e-10
2.7177196e-10
2.9452262e-10
0
0
0
0
0
2.7857101e-09
2.7136216e-10
2.9362712e-10
3.1599235e-10
3.4633305e-10
0
0
0
0
0
0
2.8401554e-09
3.3035347e-10
3.5946818e-10
3.9904492e-10
0
0
0
0
0
0
0
2.9048554e-09
4.0389224e-10
4.5534602e-10
0
0
0
0
0
0
0
0
2.9907637e-09
5.2077761e-10
0
0
0
0
0
0
0
0
0
3.1613181e-09
2.5524598e-09
2.4175572e-11
2.8085718e-11
3.0044946e-11
3.1488209e-11
3.2716867e-11
3.3747192e-11
3.4681738e-11
3.5616954e-11
3.6885161e-11
0
2.5889432e-09
6.3977461e-11
7.1191546e-11
7.6554212e-11
8.1124706e-11
8.4957908e-11
8.8434829e-11
9.1914297e-11
9.6632775e-11
0
0
2.6247375e-09
9.9339383e-11
1.0936609e-10
1.1797697e-10
1.2520908e-10
1.3176988e-10
1.3833558e-10
1.4723937e-10
0
0
0
2.6556655e-09
1.3147343e-10
1.4396612e-10
1.5451638e-10
1.6409551e-10
1.7368254e-10
1.8668369e-10
0
0
0
0
2.688542e-09
1.6683881e-10
1.812226e-10
1.943348e-10
2.074657e-10
2.2527344e-10
0
0
0
0
0
2.726793e-09
2.0725644e-10
2.247326e-10
2.422866e-10
2.6610019e-10
0
0
0
0
0
0
2.7695636e-09
2.5361655e-10
2.7648584e-10
3.0757076e-10
0
0
0
0
0
0
0
2.8203946e-09
3.1135871e-10
3.5172406e-10
0
0
0
0
0
0
0
0
2.8877327e-09
4.0279412e-10
0
0
0
0
0
0
0
0
0
3.0204064e-09
2.5480604e-09
1.6817089e-11
1.9631313e-11
2.1042745e-11
2.2082521e-11
2.2967691e-11
2.3709976e-11
2.4383257e-11
2.5057023e-11
2.5970689e-11
0
2.5743919e-09
4.5941989e-11
5.1317605e-11
5.5316001e-11
5.8724018e-11
6.1582293e-11
6.4174905e-11
6.6769419e-11
7.0287823e-11
0
0
2.6011838e-09
7.2618464e-11
8.0231606e-11
8.677248e-11
9.2266431e-11
9.7250446e-11
1.0223819e-10
1.0900211e-10
0
0
0
2.6247317e-09
9.7202575e-11
1.0678693e-10
1.1488311e-10
1.2223429e-10
1.2959157e-10
1.3956891e-10
0
0
0
0
2.6500155e-09
1.2449521e-10
1.3561277e-10
1.4574865e-10
1.558991e-10
1.6966487e-10
0
0
0
0
0
2.6796416e-09
1.5587943e-10
1.6946038e-10
1.8310222e-10
2.0160864e-10
0
0
0
0
0
0
2.7129324e-09
1.9202304e-10
2.0985562e-10
2.3409393e-10
0
0
0
0
0
0
0
2.7526124e-09
2.3713198e-10
2.6865625e-10
0
0
0
0
0
0
0
0
2.8052212e-09
3.0853535e-10
0
0
0
0
0
0
0
0
0
2.9085277e-09
2.5449406e-09
1.149203e-11
1.3474357e-11
1.4469562e-11
1.5202749e-11
1.5826919e-11
1.6350336e-11
1.6825095e-11
1.7300196e-11
1.7944464e-11
0
2.5635405e-09
3.2341892e-11
3.6261748e-11
3.9179415e-11
4.1666516e-11
4.3752449e-11
4.5644507e-11
4.7537955e-11
5.0105651e-11
0
0
2.5831649e-09
5.2048102e-11
5.77148e-11
6.258604e-11
6.6678008e-11
7.0390205e-11
7.4105183e-11
7.9143101e-11
0
0
0
2.6007441e-09
7.0504463e-11
7.7726139e-11
8.382876e-11
8.937012e-11
9.4916093e-11
1.0243711e-10
0
0
0
0
2.6198485e-09
9.121741e-11
9.9674094e-11
1.0738564e-10
1.1510849e-10
1.2558203e-10
0
0
0
0
0
2.6424417e-09
1.1523689e-10
1.2564645e-10
1.3610378e-10
1.5029023e-10
0
0
0
0
0
0
2.6680159e-09
1.4307795e-10
1.5682529e-10
1.7551144e-10
0
0
0
0
0
0
0
2.6986641e-09
1.7798794e-10
2.0239118e-10
0
0
0
0
0
0
0
0
2.7394504e-09
2.33404e-10
0
0
0
0
0
0
0
0
0
2.8196149e-09
2.5427296e-09
7.6802961e-12
9.0481817e-12
9.735612e-12
1.0242084e-11
1.067325e-11
1.1034817e-11
1.1362774e-11
1.1690967e-11
1.2136017e-11
0
2.5555988e-09
2.228832e-11
2.5084263e-11
2.7167022e-11
2.8942625e-11
3.0431844e-11
3.1782649e-11
3.3134449e-11
3.4967619e-11
0
0
2.5696568e-09
3.6527923e-11
4.0656783e-11
4.4208383e-11
4.7192195e-11
4.9899116e-11
5.2608067e-11
5.6281708e-11
0
0
0
2.5825035e-09
5.0099151e-11
5.5432375e-11
5.9941311e-11
6.4035846e-11
6.8133816e-11
7.3691168e-11
0
0
0
0
2.5966549e-09
6.5520019e-11
7.1834539e-11
7.7594357e-11
8.3362848e-11
9.1185958e-11
0
0
0
0
0
2.6135743e-09
8.358634e-11
9.1432561e-11
9.9316165e-11
1.1001126e-10
0
0
0
0
0
0
2.6329038e-09
1.0470547e-10
1.1514815e-10
1.293435e-10
0
0
0
0
0
0
0
2.6562445e-09
1.3137222e-10
1.500282e-10
0
0
0
0
0
0
0
0
2.6875029e-09
1.7394636e-10
0
0
0
0
0
0
0
0
0
2.7492431e-09
2.5412731e-09
5.0957496e-12
6.0230059e-12
6.4894459e-12
6.8331201e-12
7.1256955e-12
7.3710437e-12
7.5935846e-12
7.8162861e-12
8.1182841e-12
0
2.5500179e-09
1.5131587e-11
1.7084075e-11
1.8539745e-11
1.9780894e-11
2.0821874e-11
2.1766103e-11
2.2711028e-11
2.3992439e-11
0
0
2.5598731e-09
2.5198177e-11
2.814211e-11
3.0676314e-11
3.2805689e-11
3.473749e-11
3.6670744e-11
3.9292454e-11
0
0
0
2.569059e-09
3.4964157e-11
3.8820453e-11
4.2082555e-11
4.5045104e-11
4.8010162e-11
5.203115e-11
0
0
0
0
2.579323e-09
4.6210466e-11
5.0831496e-11
5.5048137e-11
5.9271349e-11
6.4998805e-11
0
0
0
0
0
2.5917433e-09
5.9538579e-11
6.5342388e-11
7.1175236e-11
7.9088404e-11
0
0
0
0
0
0
2.6060855e-09
7.5276473e-11
8.3073136e-11
9.3672875e-11
0
0
0
0
0
0
0
2.6235656e-09
9.5325369e-11
1.0936973e-10
0
0
0
0
0
0
0
0
2.6471751e-09
1.275984e-10
0
0
0
0
0
0
0
0
0
2.6942038e-09
2.5402974e-09
3.3412909e-12
3.9599563e-12
4.2714348e-12
4.5009454e-12
4.6963323e-12
4.86018e-12
5.0087968e-12
5.1575209e-12
5.3592008e-12
0
2.5461441e-09
1.0114298e-11
1.1451082e-11
1.2448549e-11
1.3299129e-11
1.4012542e-11
1.465965e-11
1.5307234e-11
1.6185422e-11
0
0
2.5529143e-09
1.7083214e-11
1.9138287e-11
2.0908724e-11
2.2396579e-11
2.3746406e-11
2.5097249e-11
2.6929147e-11
0
0
0
2.5593431e-09
2.3960928e-11
2.6690417e-11
2.9000774e-11
3.1099183e-11
3.3199388e-11
3.6047532e-11
0
0
0
0
2.5666295e-09
3.198994e-11
3.5301604e-11
3.832476e-11
4.135282e-11
4.5459447e-11
0
0
0
0
0
2.5755585e-09
4.1622466e-11
4.5829961e-11
5.0059746e-11
5.5798276e-11
0
0
0
0
0
0
2.58599e-09
5.3124491e-11
5.8836036e-11
6.6602252e-11
0
0
0
0
0
0
0
2.5988391e-09
6.7929287e-11
7.8318132e-11
0
0
0
0
0
0
0
0
2.6163726e-09
9.2007179e-11
0
0
0
0
0
0
0
0
0
2.6517016e-09
