# Fiducial parameters, omega_b = 0.022237, omega_cdm = 0.12, H0 = 67.36, ln10^{10}A_s = 3.044, n_s = 0.9649, tau_reio = 0.0544, M_tot = 0.18, sigma_NL = 7, beta_0^Euclid = 1, beta_1^Euclid = 1, z_reio = 1, Omega_Lambda = 1, YHe = 1, 100*theta_s = 1, A_s = 0, sigma8 = 0
30135.418 30396.153
28748.915 28984.543
27445.138 27658.191
26218.751 26411.513
25064.7 25239.226
23978.219 24136.358
22954.828 23098.238
21990.329 22120.497
21080.798 21199.057
20222.575 20330.117
19412.246 19510.14
18646.637 18735.838
17922.797 18004.159
17237.983 17312.271
16589.648 16657.546
15975.428 16037.548
15393.128 15450.019
14840.711 14892.865
14316.287 14364.142
13818.099 13862.051
13344.517 13384.921
12894.027 12931.202
12465.223 12499.452
12056.794 12088.337
11667.525 11696.614
11296.284 11323.126
10942.016 10966.801
28743.258 29000.029
27421.579 27653.414
26178.697 26388.122
25009.536 25198.829
23909.284 24080.497
22873.405 23028.38
21897.634 22038.026
20977.977 21105.268
20110.697 20226.215
19292.308 19397.242
18519.563 18614.975
17789.437 17876.279
17099.121 17178.242
16446.003 16518.163
15827.656 15893.536
15241.83 15302.037
14686.434 14741.511
14159.527 14209.961
13659.307 13705.534
13184.103 13226.513
12732.36 12771.303
12302.637 12338.427
11893.591 11926.51
11503.976 11534.278
11132.633 11160.545
10778.481 10804.209
10440.517 10464.246
27306.872 27557.29
26051.965 26277.815
24871.817 25075.6
23761.613 23945.588
22716.794 22882.992
21733.059 21883.306
20806.365 20942.299
19932.924 20056.013
19109.194 19220.751
18331.87 18433.07
17597.87 17689.765
16904.329 16987.857
16248.58 16324.579
15628.146 15697.366
15040.726 15103.837
14484.185 14541.783
13956.537 14009.159
13455.944 13504.065
12980.694 13024.743
12529.2 12569.559
12099.99 12137.001
11691.692 11725.663
11303.035 11334.24
10932.834 10961.52
10579.989 10606.379
10243.475 10267.767
9922.338 9944.7127
25857.927 26099.787
24670.275 24888.114
23553.319 23749.602
22502.51 22679.458
21513.54 21673.154
20582.345 20726.421
19705.105 19835.254
18878.239 18995.904
18098.402 18204.873
17362.467 17458.898
16667.525 16754.946
16010.864 16090.196
15389.965 15462.029
14802.485 14868.014
14246.25 14305.897
13719.238 13773.588
13219.575 13269.147
12745.52 12790.779
12295.454 12336.817
11867.877 11905.715
11461.395 11496.039
11074.712 11106.459
10706.623 10735.74
10356.009 10382.733
10021.828 10046.373
9703.11 9725.668
9398.9527 9419.6961
24429.716 24661.155
23308.268 23516.388
22253.521 22440.734
21261.189 21429.669
20327.208 20478.913
19447.748 19584.435
18619.207 18742.451
17838.211 17949.421
17101.603 17202.038
16406.437 16497.223
15749.967 15832.108
15129.638 15204.029
14543.072 14610.512
13988.061 14049.261
13462.551 13518.146
12964.638 13015.192
12492.552 12538.569
12044.648 12086.579
11619.403 11657.646
11215.398 11250.312
10831.318 10863.221
10465.94 10495.117
10118.126 10144.832
9786.8203 9811.2822
9471.0387 9493.4607
9169.8658 9190.4305
8882.4491 8901.3204
23054.746 23274.399
21996.961 22194.11
21002.041 21179.037
20065.948 20224.909
19184.858 19327.688
18355.163 18483.572
17573.471 17688.991
16836.603 16940.603
16141.586 16235.289
15485.646 15570.144
14866.196 14942.462
14280.828 14349.728
13727.303 13789.609
13203.538 13259.938
12707.601 12758.705
12237.694 12284.047
11792.151 11834.236
11369.422 11407.67
10968.069 11002.864
10586.756 10618.44
10224.243 10253.119
9879.3754 9905.7162
9551.0826 9575.1291
9238.3672 9260.3351
8940.3016 8960.3838
8656.0225 8674.3912
8384.7258 8401.5351
21762.858 21969.994
20764.829 20950.343
19826.069 19992.242
18942.774 19091.66
18111.341 18244.788
17328.371 17448.036
16590.669 16698.035
15895.24 15991.633
15239.282 15325.886
14620.182 14698.051
14035.501 14105.574
13482.97 13546.083
12960.48 13017.376
12466.067 12517.407
11997.909 12044.279
11554.313 11596.235
11133.706 11171.643
10734.627 10768.991
10355.722 10386.878
9995.7291 10024.002
9653.4794 9679.1584
9327.8849 9351.2266
9017.9346 9039.1674
8722.6879 8742.0152
8441.27 8458.8729
8172.8662 8188.9063
7916.7179 7931.3393
20578.26 20772.875
19634.981 19808.868
18747.681 18903.046
17912.771 18051.601
17126.847 17250.931
16386.704 16497.644
15689.323 15788.553
15031.879 15120.68
14411.727 14491.242
13826.399 13897.645
13273.595 13337.476
12751.171 12808.492
12257.135 12308.611
11789.635 11835.899
11346.948 11388.565
10927.476 10964.944
10529.735 10563.495
10152.343 10182.79
9794.0221 9821.5022
9453.5803 9478.4028
9129.9128 9152.3513
8821.9919 8842.2891
8528.8623 8547.2336
8249.6353 8266.2722
7983.4843 7998.5564
7729.6393 7743.2978
7487.3833 7499.7625
19516.856 19699.694
18622.605 18785.565
17781.393 17926.605
16989.82 17119.206
16244.664 16359.951
15542.886 15645.624
14881.631 14973.206
14258.221 14339.87
13670.152 13742.979
13115.087 13180.074
12590.847 12648.867
12095.403 12147.23
11626.867 11673.19
11183.484 11224.912
10763.624 10800.699
10365.772 10398.972
9988.522 10018.271
9630.5666 9657.2392
9290.6923 9314.6207
8967.7716 8989.2496
8660.7567 8680.0445
8368.6742 8386.0018
8090.6185 8106.1897
7825.7475 7839.7426
7573.2775 7585.8563
7332.4789 7343.7829
7102.6719 7112.8267
18583.537 18755.998
17732.383 17885.725
16931.691 17067.972
16178.225 16299.302
15468.92 15576.463
14800.887 14896.395
14171.408 14256.222
13577.937 13653.256
13018.092 13084.985
12489.651 12549.067
11990.541 12043.326
11518.833 11565.736
11072.731 11114.418
10650.567 10687.627
10250.79 10283.744
9871.9595 9901.2696
9512.737 9538.8115
9171.8798 9195.0796
8848.2336 8868.8775
8540.7256 8559.0955
8248.3593 8264.7041
7970.2084 7984.7479
7705.4115 7718.3398
7453.1671 7464.6558
7212.7297 7222.9303
6983.4049 6992.4513
6764.5459 6772.5566
17769.988 17933.889
16956.391 17101.821
16191.021 16319.963
15470.782 15585.031
14792.743 14893.916
14154.142 14243.691
13552.382 13631.609
12985.029 13055.099
12449.809 12511.758
11944.598 11999.351
11467.415 11515.794
11016.418 11059.152
10589.892 10627.628
10186.242 10219.554
9803.988 9833.3831
9441.7528 9467.6799
9098.2585 9121.1144
8772.318 8792.4531
8462.8285 8480.5521
8168.7651 8184.3505
7889.1758 7902.864
7623.1758 7635.1793
7369.9419 7380.4481
7128.7086 7137.8828
6898.7634 6906.7513
6679.4428 6686.3729
6470.1287 6476.1143
17053.161 17210.316
16272.645 16411.873
15538.397 15661.607
14847.443 14956.367
14196.97 14293.172
13584.323 13669.213
13007.011 13081.854
12462.699 12528.627
11949.204 12007.229
11464.488 11515.513
11006.653 11051.481
10573.931 10613.276
10164.677 10199.173
9777.364 9807.5728
9410.5706 9436.9897
9062.9778 9086.0474
8733.3599 8753.4694
8420.579 8438.0721
8123.5776 8138.7579
7841.3733 7854.5088
7573.0532 7584.3804
7317.7691 7327.4962
7074.7318 7083.0424
6843.2072 6850.263
6622.5122 6628.4556
6412.0107 6416.9671
6211.1099 6215.1897
16395.291 16546.887
15645.101 15779.269
14939.397 15057.966
14275.315 14379.949
13650.142 13742.35
13061.326 13142.472
12506.466 12577.778
11983.318 12045.898
11489.782 11544.617
11023.899 11071.872
10583.843 10625.741
10167.916 10204.439
9774.5384 9806.3086
9402.2402 9429.8115
9049.6574 9073.5203
8715.5226 8736.1115
8398.6585 8416.358
8097.9719 8113.1219
7812.4474 7825.3482
7541.141 7552.058
7283.1762 7292.3435
7037.7383 7045.3621
6804.069 6810.3313
6581.4636 6586.5245
6369.2657 6373.2664
6166.8645 6169.9289
5973.6906 5975.928
15746.634 15892.438
15026.272 15155.222
14348.657 14462.484
13711.028 13811.315
13110.772 13198.963
12545.431 12622.835
12012.697 12080.497
11510.41 11569.672
11036.551 11088.234
10589.239 10634.2
10166.719 10205.725
9767.36 9801.0965
9389.6441 9418.7212
9032.161 9057.122
8693.601 8714.9283
8372.7475 8390.869
8068.4705 8083.7659
7779.7209 7792.5259
7505.5242 7516.136
7244.9747 7253.6561
6997.2312 7004.2144
6761.5121 6767.0015
6537.0899 6541.2662
6323.2883 6326.3105
6119.4777 6121.4859
5925.0719 5926.1893
5739.5245 5739.8598
15052.16 15189.723
14363.612 14485.142
13715.964 13823.067
13106.564 13200.719
12532.905 12615.468
11992.629 12064.836
11483.525 11546.498
11003.523 11058.277
10550.692 10598.14
10123.228 10164.194
9719.4549 9754.6758
9337.8116 9367.9473
8976.8469 9002.4868
8635.2125 8656.8825
8311.6565 8329.8246
8005.0164 8020.0984
7714.2124 7726.5775
7438.2422 7448.2178
7176.1748 7184.0506
6927.1451 6933.1779
6690.3496 6694.7663
6465.0417 6468.0424
6250.5268 6252.2882
6046.1587 6046.8365
5851.3364 5851.0677
5665.4999 5664.4053
5488.1275 5486.3132
14262.609 14386.772
13610.072 13719.468
12996.345 13092.42
12418.9 12502.995
11875.353 11948.703
11363.458 11427.197
10881.114 10936.276
10426.354 10473.876
9997.3441 10038.075
9592.3727 9627.0788
9209.8483 9239.2173
8848.29 8872.9394
8506.3216 8526.804
8182.6647 8199.4742
7876.1327 7889.7093
7585.6237 7596.3591
7310.1147 7318.357
7048.6559 7054.7138
6800.3654 6804.5124
6564.4236 6566.9022
6340.0696 6341.0939
6126.5963 6126.355
5923.3457 5922.0056
5729.7061 5727.4138
5545.1082 5541.9928
5369.0218 5365.1965
5200.9529 5196.5173
13348.66 13451.75
12737.633 12827.842
12163.001 12241.572
11622.383 11690.476
11113.534 11172.227
10634.346 10684.631
10182.842 10225.629
9757.1777 9793.2943
9355.6287 9385.8273
8976.5907 9001.551
8618.5706 8638.905
8280.1801 8296.4385
7960.1291 7972.8046
7657.2196 7666.753
7370.3398 7377.124
7098.4576 7102.8421
6840.6147 6842.91
6595.9219 6596.4032
6363.5534 6362.4641
6142.7419 6140.2974
5932.7751 5929.1652
5732.9911 5728.3826
5542.7741 5537.314
5361.5515 5355.3686
5188.7906 5181.9976
5023.9953 5016.6907
4866.7032 4858.9731
12314.244 12387.277
11750.03 11812.764
11219.474 11272.907
10720.368 10765.44
10250.631 10288.217
9808.3062 9839.219
9391.5643 9416.551
8998.6954 9018.4383
8628.1043 8643.224
8278.3058 8289.3641
7947.9186 7955.4216
7635.6589 7640.0608
7340.3335 7342.0414
7060.8348 7060.2122
6796.1355 6793.5053
6545.2818 6540.9304
6307.3882 6301.5694
6081.6333 6074.5708
5867.2542 5859.1449
5663.5423 5654.5594
5469.8397 5460.1349
5285.5353 5275.2408
5110.0605 5099.2917
4942.8865 4931.7437
4783.5217 4772.0914
4631.508 4619.8648
4486.4186 4474.6268
11203.247 11238.092
10689.152 10716.897
10205.777 10227.141
9751.1029 9766.7664
9323.2242 9333.8291
8920.3519 8926.497
8540.8135 8543.0502
8183.0463 8181.8794
7845.5928 7841.4815
7527.0962 7520.4558
7226.2955 7217.4989
6942.0183 6931.399
6673.1756 6661.031
6418.7564 6405.3505
6177.8233 6163.3889
5949.5062 5934.2478
5732.9973 5717.0941
5527.5475 5511.1556
5332.4612 5315.7158
5147.0919 5130.1105
4970.8399 4953.7233
4803.1482 4785.9821
4643.4983 4626.3558
4491.4083 4474.351
4346.43 4329.5093
4208.1461 4191.4044
4076.1673 4059.6395
10093.409 10085.312
9629.2363 9617.5969
9192.8564 9178.0925
8782.4368 8764.9545
8396.251 8376.4376
8032.677 8010.898
7690.1995 7666.7924
7367.403 7342.6766
7062.9669 7037.2019
6775.6631 6749.1114
6504.3496 6477.2355
6247.9654 6220.4867
6005.5248 5977.8555
5776.113 5748.4047
5558.882 5531.265
5353.0446 5325.6303
5157.8703 5130.7531
4972.6817 4945.9402
4796.8498 4770.5489
4629.79 4603.9831
4470.9603 4445.6895
4319.8571 4295.1548
4176.0119 4151.9024
4038.9892 4015.4896
3908.3841 3885.505
3783.8194 3761.5659
3664.9436 3643.3165
9076.646 9026.1323
8658.0806 8607.5502
8264.6405 8214.2149
7894.6643 7844.4754
7546.5874 7496.7701
7218.94 7169.6277
6910.3496 6861.6673
6619.5343 6571.5964
6345.2986 6298.2082
6086.5306 6040.3777
5842.1973 5797.0582
5611.3386 5567.2767
5393.0628 5350.1296
5186.5428 5144.7782
4991.0117 4950.4446
4805.7581 4766.4074
4630.1216 4591.9976
4463.4902 4426.5949
4305.2956 4269.624
4155.0096 4120.5515
4012.1427 3978.8824
3876.2402 3844.1571
3746.8791 3715.9492
3623.666 3593.8625
3506.2356 3477.5287
3394.2474 3366.6055
3287.3841 3260.7744
8230.2998 8143.5403
7849.586 7765.8987
7491.8023 7411.0338
7155.4256 7077.4563
6839.0224 6763.7574
6541.2463 6468.6097
6260.8411 6190.7676
5996.6341 5929.065
5747.5317 5682.4131
5512.5175 5449.7971
5290.6476 5230.2727
5081.0452 5022.9621
4882.8959 4827.05
4695.4445 4641.7799
4517.9915 4466.45
4349.8877 4300.4093
4190.531 4143.0545
4039.3634 3993.8257
3895.8668 3852.2042
3759.5598 3717.7085
3629.9963 3589.8921
3506.7625 3468.3405
3389.4728 3352.6689
3277.7691 3242.5198
3171.3189 3137.561
3069.8123 3037.4837
2972.9605 2942.0004
7590.0608 7477.3088
7237.8856 7130.5714
6907.016 6804.7461
6596.0263 6498.4657
6303.5758 6210.4366
6028.4063 5939.4405
5769.3455 5684.3333
5525.2995 5444.0447
5295.2494 5217.5749
5078.2485 5003.9923
4873.4187 4802.4298
4679.9445 4612.0814
4497.0689 4432.1988
4324.0904 4262.0872
4160.3594 4101.1023
4005.2739 3948.6465
3858.2749 3804.1656
3718.8452 3667.1459
3586.5047 3537.111
3460.8072 3413.6187
3341.3395 3296.2592
3227.7184 3184.6518
3119.5871 3078.4433
3016.614 2977.3054
2918.4916 2880.9332
2824.9331 2789.0429
2735.6714 2701.3709
7133.6903 7005.9244
6801.7734 6681.0535
6490.0497 6375.7755
6197.1529 6088.8094
5921.8001 5818.9433
5662.7891 5565.0356
5419.0019 5326.0147
5189.3964 5100.8776
4973.0031 4888.6877
4768.9222 4688.5722
4576.3201 4499.7186
4394.4232 4321.3719
4222.5142 4152.8308
4059.9287 3993.4445
3906.0522 3842.6094
3760.3152 3699.7654
3622.1897 3564.3935
3491.1871 3436.0123
3366.8543 3314.1753
3248.77 3198.4684
3136.5448 3088.5075
3029.8173 2983.936
2928.2513 2884.423
2831.5345 2789.6609
2739.3771 2699.3638
2651.5093 2613.2662
2567.6795 2531.1209
6781.5581 6645.8861
6465.1981 6337.717
6168.2143 6048.1331
5889.277 5775.9193
5627.1407 5519.9261
5380.6402 5279.0706
5148.6941 5052.3363
4930.2964 4838.7719
4724.5123 4637.4889
4530.4756 4447.6594
4347.385 4268.5128
4174.4975 4099.3328
4011.125 3939.4544
3856.631 3788.26
3710.4273 3645.1771
3571.969 3509.6746
3440.7516 3381.26
3316.3085 3259.4767
3198.207 3143.9012
3086.0455 3034.1407
2979.4526 2929.8308
2878.0842 2830.6333
2781.6197 2736.2341
2689.762 2646.3417
2602.2353 2560.6849
2518.7829 2479.0117
2439.1655 2401.0875
6420.9684 6276.3764
6120.5026 5985.347
5838.5766 5711.8687
5573.8992 5454.7941
5325.2634 5213.0377
5091.5427 4985.5769
4871.6934 4771.4518
4664.7464 4569.7638
4469.8026 4379.6742
4286.0301 4200.4009
4112.6606 4031.2163
3948.9825 3871.4439
3794.3376 3720.4556
3648.1175 3577.6685
3509.7608 3442.5417
3378.7479 3314.5737
3254.598 3193.2993
3136.867 3078.2874
3025.143 2969.138
2919.0443 2865.4803
2818.2179 2766.9701
2722.337 2673.2879
2631.0974 2584.1373
2544.2171 2499.2427
2461.4347 2418.3482
2382.5067 2341.2158
2307.2064 2267.6239
5959.1635 5795.8972
5679.0771 5527.1517
5416.4046 5274.6133
5169.9175 5037.2222
4938.4697 4813.9762
4720.9927 4603.931
4516.4988 4406.2002
4324.072 4219.9542
4142.8632 4044.4182
3972.0885 3878.8704
3811.0241 3722.6387
3659.0009 3575.0985
3515.4004 3435.6698
3379.6513 3303.8142
3251.2273 3179.0324
3129.6415 3060.8611
3014.4436 2948.8711
2905.2181 2842.664
2801.5802 2741.8706
2703.1729 2646.1483
2609.6668 2555.1794
2520.7567 2468.6689
2436.1591 2386.343
2355.6109 2307.9473
2278.8685 2233.2454
2205.7053 2162.0175
2135.91 2094.0592
5384.0647 5189.3401
5129.3856 4948.7234
4890.6593 4722.617
4666.7501 4510.0724
4456.5992 4310.1922
4259.2205 4122.1309
4073.7034 3945.095
3899.2041 3778.3417
3734.9413 3621.1775
3580.194 3472.9558
3434.2974 3333.0752
3296.6374 3200.9763
3166.6464 3076.1399
3043.8007 2958.084
2927.6183 2846.3614
2817.6535 2740.5575
2713.4946 2640.2879
2614.7616 2545.1959
2521.103 2454.9509
2432.1927 2369.2463
2347.7301 2287.7976
2267.437 2210.3406
2191.0547 2136.6303
2118.3436 2066.4389
2049.0819 1999.5546
1983.0631 1935.7808
1920.095 1874.9343
4779.43 4546.808
4551.4417 4335.9868
4337.8464 4137.879
4137.612 3951.6534
3949.7768 3776.5239
3773.4455 3611.7496
3607.7919 3456.6354
3452.0512 3310.5304
3305.515 3172.8269
3167.5304 3042.9587
3037.4958 2920.3985
2914.8555 2804.6564
2799.0964 2695.2775
2689.7453 2591.8394
2586.3669 2493.9504
2488.5592 2401.2472
2395.9505 2313.3928
2308.1986 2230.075
2224.9866 2151.0041
2146.0209 2075.9113
2071.0308 2004.5473
1999.7664 1936.6809
1931.9948 1872.0972
1867.5009 1810.5966
1806.0853 1751.9937
1747.5627 1696.1161
1691.7607 1642.8033
4265.851 4000.7707
4060.4712 3815.2699
3868.1725 3640.9554
3688.0089 3477.0959
3519.0996 3322.9996
3360.6245 3178.0148
3211.828 3041.5298
3072.0109 2912.9718
2940.5262 2791.8064
2816.7778 2677.535
2700.2171 2569.694
2590.3376 2467.8522
2486.6719 2371.6092
2388.7893 2280.5936
2296.2939 2194.4606
2208.8203 2112.8905
2126.031 2035.587
2047.6153 1962.2751
1973.2859 1892.7001
1902.7762 1826.6254
1835.8414 1763.8318
1772.2549 1704.1156
1711.8062 1647.2878
1654.3005 1593.1729
1599.5578 1541.6077
1547.4107 1492.4405
1497.7032 1445.53
3909.625 3625.9825
3719.8548 3457.8611
3542.2942 3299.8778
3376.0487 3151.3699
3220.2865 3011.7104
3074.2342 2880.3087
2937.1807 2756.6104
2808.4687 2640.0965
2687.4902 2530.2824
2573.6862 2426.7164
2466.543 2328.9784
2365.5866 2236.6774
2270.3801 2149.4508
2180.5212 2066.9618
2095.6407 1988.8978
2015.3983 1914.9694
1939.4794 1844.9077
1867.5953 1778.4638
1799.4789 1715.4065
1734.8825 1655.5217
1673.5789 1598.6105
1615.3581 1544.4885
1560.025 1492.9842
1507.3991 1443.9387
1457.3139 1397.204
1409.6146 1352.6426
1364.157 1310.1266
3672.5295 3382.2595
3493.0885 3225.4401
3325.3203 3078.0772
3168.3553 2939.5526
3021.3865 2809.2815
2883.665 2686.7129
2754.504 2571.3298
2633.2692 2462.6481
2519.3758 2360.2158
2412.2862 2263.6116
2311.5077 2172.4434
2216.5862 2086.3469
2127.1036 2004.9835
2042.6756 1928.0392
1962.9499 1855.2226
1887.6021 1786.2634
1816.3329 1720.9111
1748.8678 1658.9333
1684.9529 1600.1146
1624.3532 1544.255
1566.8533 1491.1691
1512.2544 1440.6849
1460.3716 1392.6425
1411.0343 1346.8936
1364.0851 1303.3001
1319.3778 1261.7339
1276.7763 1222.0756
3445.1611 3148.6954
3275.626 3002.7066
3117.2466 2865.5211
2969.1778 2736.5635
2830.6372 2615.2892
2700.8998 2501.1855
2579.3021 2393.771
2465.2329 2292.5949
2358.129 2197.2367
2257.4739 2107.3039
2162.7949 2022.4318
2073.6571 1942.281
1989.6605 1866.5365
1910.438 1794.9058
1835.6535 1727.1178
1764.998 1662.9207
1698.1867 1602.0814
1634.9584 1544.3836
1575.0724 1489.6266
1518.3055 1437.6245
1464.4537 1388.2045
1413.3286 1341.2065
1364.7555 1296.4818
1318.5729 1253.892
1274.6324 1213.3089
1232.7958 1174.613
1192.9347 1137.6933
3144.4192 2831.2855
2988.0627 2700.0144
2842.114 2576.659
2705.7745 2460.702
2578.306 2351.6537
2459.0252 2249.053
2347.3077 2152.4671
2242.5788 2061.4907
2144.3095 1975.7455
2052.0156 1894.8789
1965.2543 1818.5628
1883.6184 1746.4919
1806.734 1678.3831
1734.2584 1613.9735
1665.878 1553.019
1601.3049 1495.2936
1540.2738 1440.5874
1482.542 1388.706
1427.8856 1339.4689
1376.0975 1292.7089
1326.9882 1248.2708
1280.3834 1206.0105
1236.1212 1165.7943
1194.0521 1127.4978
1154.0389 1091.0058
1115.954 1056.2106
1079.6787 1023.0126
2808.7567 2472.0414
2667.1384 2357.4274
2535.0596 2249.7246
2411.7815 2148.4813
2296.6215 2053.27
2188.9476 1963.6882
2088.1833 1879.3579
1993.7984 1799.9253
1905.305 1725.0601
1822.2567 1654.4545
1744.2459 1587.8218
1670.8982 1524.8957
1601.8697 1465.429
1536.8454 1409.192
1475.5379 1355.9718
1417.6828 1305.5709
1363.0373 1257.8061
1311.379 1212.5076
1262.5032 1169.5179
1216.2204 1128.691
1172.3577 1089.8914
1130.756 1052.9932
1091.2675 1017.8798
1053.7562 984.44248
1018.0971 952.58059
984.17395 922.20035
951.87904 893.21455
2534.2643 2179.9273
2404.6863 2078.8575
2283.9474 1983.8822
2171.3552 1894.603
2066.2707 1810.643
1968.1029 1731.6472
1876.3132 1657.2823
1790.4068 1587.2363
1709.9286 1521.2179
1634.4627 1458.9557
1563.6297 1400.197
1497.0816 1344.7069
1434.4986 1292.2674
1375.5885 1242.6758
1320.0846 1195.7446
1267.7422 1151.2994
1218.3363 1109.1789
1171.6614 1069.2332
1127.5283 1031.3236
1085.762 995.32109
1046.203 961.1063
1008.7047 928.56828
973.13102 897.60404
939.35677 868.11794
907.26708 840.02106
876.75527 813.23074
847.7223 787.67008
2348.3993 1987.6526
2226.9744 1895.498
2113.9378 1808.9002
2008.6236 1727.4961
1910.4174 1650.9419
1818.7522 1578.914
1733.112 1511.1085
1653.0232 1447.241
1578.051 1387.0458
1507.7984 1330.2755
1441.9039 1276.6996
1380.0361 1226.104
1321.8912 1178.2898
1267.1914 1133.0724
1215.6838 1090.2807
1167.1367 1049.7557
1121.337 1011.3504
1078.0906 974.92803
1037.2186 940.36209
998.556 907.53511
961.95245 876.33814
927.26998 846.67004
894.3805 818.43691
863.16634 791.55153
833.51968 765.93284
805.34041 741.50546
778.53565 718.19929
2185.2358 1820.5563
2070.9907 1736.1494
1964.7387 1656.832
1865.8362 1582.2716
1773.6908 1512.1534
1687.7561 1446.181
1607.5356 1384.0759
1532.5746 1325.5777
1462.4556 1270.4431
1396.7984 1218.4455
1335.2571 1169.3737
1277.5148 1123.0316
1223.2815 1079.2371
1172.2923 1037.8211
1124.3066 998.62674
1079.1036 961.50864
1036.4812 926.33192
996.25488 892.97151
958.25525 861.31143
922.32584 831.24413
888.32446 802.66979
856.12071 775.4958
825.59359 749.63614
796.63209 725.01092
769.13458 701.54591
743.00677 679.17207
718.16123 657.82517
1990.3737 1615.3878
1884.7267 1540.4935
1786.569 1470.1151
1695.2908 1403.9576
1610.3316 1341.7417
1531.1743 1283.2042
1457.3502 1228.0982
1388.4299 1176.1926
1324.0199 1127.2716
1263.7619 1081.1339
1207.3304 1037.5923
1154.4274 996.47281
1104.7804 957.61379
1058.1408 920.86523
1014.2829 886.08797
973.00006 853.15295
934.10282 821.94052
897.41894 792.3397
862.79001 764.2476
830.06997 737.56876
799.12624 712.21463
769.83738 688.10303
742.09072 665.15764
715.78301 643.30757
690.81985 622.48694
667.11372 602.63451
644.58347 583.69329
1802.0198 1416.1035
1704.7012 1350.4488
1614.3755 1288.753
1530.4676 1230.7573
1452.4489 1176.2169
1379.8326 1124.9011
1312.1775 1076.5935
1249.08 1031.0915
1190.1702 988.20573
1135.1117 947.75995
1083.5994 909.59001
1035.3539 873.54335
990.11996 839.47827
947.665 807.26329
907.77801 776.7764
870.26603 747.90448
834.95224 720.54263
801.67604 694.59357
770.2899 669.96709
740.65774 646.57953
712.65633 624.35324
686.17286 603.21619
661.10272 583.10148
637.35013 563.94696
614.82766 545.69489
593.45425 528.29157
573.15482 511.68704
1661.7792 1272.0815
1570.7096 1213.1044
1486.2691 1157.6834
1407.9064 1105.5862
1335.1153 1056.5928
1267.4298 1010.4961
1204.4285 967.10163
1145.7259 926.22733
1090.9691 887.70326
1039.8377 851.371
992.04099 817.08312
947.31352 784.70258
905.41265 754.1021
866.11749 725.16355
829.22802 697.77733
794.56139 671.84183
761.95022 647.2628
731.2427 623.95287
702.29942 601.83099
674.99191 580.82202
649.20397 560.85621
624.82939 541.86886
601.76965 523.79986
579.93468 506.5934
559.24238 490.19761
539.61665 474.56424
520.98704 459.64842
1537.9539 1146.5274
1452.4443 1093.3714
1373.2383 1043.4206
1299.8058 996.46551
1231.6609 952.30796
1168.3564 910.76117
1109.4884 871.64986
1054.6879 834.80999
1003.6172 800.08837
955.97 767.3422
911.46898 736.43861
869.86077 707.25406
830.91415 679.67385
794.4188 653.59152
760.18447 628.90832
728.03744 605.53263
697.81876 583.37955
669.38446 562.3703
642.60241 542.43186
617.35092 523.49648
593.52011 505.5013
571.00959 488.38799
549.72635 472.10239
529.5854 456.5942
510.50938 441.81667
492.42663 427.7263
475.27085 414.28267
1406.5876 1010.7557
1326.9826 963.89475
1253.3233 919.85937
1185.1048 878.46489
1121.8649 839.53655
1063.1782 802.90978
1008.6611 768.43008
957.96336 735.95281
910.76463 705.34294
866.77452 676.4746
825.73038 649.23062
787.39246 623.50213
751.54206 599.188
717.98039 576.19437
686.52787 554.43415
657.02059 533.8266
629.30873 514.29687
603.25672 495.77552
578.74021 478.19817
555.64473 461.5051
533.86707 445.64089
513.31304 430.55413
493.89536 416.19706
475.5344 402.52534
458.15775 389.49775
441.69838 377.07595
426.09428 365.2243
1293.0795 895.33708
1218.6256 853.8272
1149.8035 814.82031
1086.1307 778.15275
1027.1655 743.66975
972.50174 711.2255
921.77366 680.68313
874.64734 651.91452
830.81767 624.80005
790.00831 599.22823
751.96953 575.09529
716.4735 552.30476
683.31254 530.76709
652.29805 510.39912
623.25979 491.12374
596.04251 472.86939
570.50439 455.56978
546.51723 439.1634
523.96353 423.59322
502.73517 408.80635
482.73478 394.75368
463.87362 381.38969
446.06946 368.67205
429.24736 356.5615
413.33927 345.02153
398.2822 334.01817
384.01795 323.51985
1197.1454 800.36143
1127.1096 763.25495
1062.4351 728.38589
1002.6582 695.60799
947.3549 664.78289
896.13591 635.78029
848.65062 608.47783
804.57932 582.76098
763.63003 558.52281
725.53851 535.66364
690.06619 514.0907
656.99558 493.71777
626.12854 474.46478
597.28524 456.25741
570.30356 439.02673
545.03575 422.70878
521.3469 407.24429
499.11522 392.57828
478.22912 378.65977
458.58599 365.44146
440.09353 352.87949
422.66771 340.93313
406.23067 329.56456
390.71153 318.73868
376.04602 308.42284
362.17467 298.5867
349.04255 289.20202
1103.1084 706.7045
1037.4229 673.94019
976.8263 643.15147
920.87497 614.2092
869.16332 586.99124
821.3191 561.3825
777.0075 537.27493
735.9234 514.56742
697.78826 493.16555
662.35019 472.98131
629.382 453.93279
598.67664 435.94387
570.04558 418.94383
543.31786 402.86706
518.33948 387.65269
494.97019 373.24425
473.08198 359.58939
452.55942 346.63958
433.29681 334.34979
415.19696 322.67827
398.17261 311.58628
382.14434 301.03786
367.03862 290.99963
352.78855 281.44058
339.33354 272.33189
326.61757 263.64677
314.58888 255.36027
1019.7522 625.35602
957.97898 596.36325
901.04657 569.11865
848.52954 543.50797
800.03932 519.42309
755.21944 496.76218
713.74961 475.42965
675.33809 455.33602
639.71867 436.39773
606.65081 418.53691
575.9177 401.68107
547.32188 385.76286
520.68362 370.7197
495.84004 356.49353
472.64459 343.03048
450.96383 330.2806
430.67606 318.19755
411.67164 306.73839
393.85022 295.86328
377.11955 285.53526
361.39692 275.72006
346.60713 266.38586
332.68054 257.50313
319.55387 249.04442
307.16987 240.98422
295.47561 233.29884
284.42224 225.96619
945.34126 554.37395
887.11852 528.67212
833.5078 504.52
784.10075 481.81633
738.5247 460.46527
696.43789 440.37655
657.53356 421.46542
621.53243 403.65257
588.17977 386.86391
557.24557 371.03042
528.52269 356.08784
501.82252 341.97646
476.97348 328.64081
453.8202 316.02941
432.22296 304.09451
412.05463 292.79183
393.19932 282.0803
375.55271 271.92183
359.01938 262.28111
343.51162 253.12539
328.95089 244.42429
315.26586 236.14959
302.39043 228.2751
290.26464 220.77651
278.83429 213.6312
268.04929 206.81815
257.86342 200.31781
875.77219 488.65002
820.90686 465.99535
770.43336 444.70669
723.9601 424.69472
681.12994 405.87498
641.61556 388.16792
605.12341 371.49882
571.38636 355.79779
540.16087 340.99954
511.22716 327.0432
484.38745 313.87216
459.46172 301.43377
436.28628 289.67914
414.71297 278.56289
394.60868 268.04294
375.85234 258.08025
358.33365 248.63862
341.95337 239.68449
326.62079 231.18673
312.25255 223.11647
298.77408 215.44691
286.11771 208.15321
274.22076 201.21228
263.02638 194.60267
252.48328 188.30447
242.54403 182.29914
233.16491 176.56944
813.80789 431.89994
761.99704 411.8763
714.37392 393.06
670.56275 375.37214
630.22101 358.73806
593.03491 343.08743
558.72328 328.35423
527.03035 314.47666
497.72306 301.39703
470.5912 289.06154
445.44571 277.42014
422.11459 266.4263
400.44149 256.03681
380.28497 246.21157
361.51805 236.91337
344.02527 228.10772
327.7015 219.76261
312.45223 211.84838
298.19108 204.33752
284.83872 197.20451
272.32424 190.42568
260.58333 183.97905
249.55644 177.84422
239.18962 172.00223
229.43419 166.43549
220.24521 161.1276
211.58122 156.06333
756.533 380.44277
707.59145 362.8048
662.64236 346.23032
621.32528 330.64984
583.31191 315.9976
548.3016 302.21163
516.02519 289.23379
486.23793 277.00963
458.71688 265.48834
433.26107 254.62252
409.68986 244.3681
387.83896 234.68409
367.55908 225.53242
348.71523 216.87778
331.1863 208.68738
314.86223 200.93085
299.6428 193.57999
285.43801 186.60867
272.16563 179.99266
259.75012 173.70949
248.12408 167.73829
237.22638 162.05972
227.00044 156.6558
217.39501 151.50983
208.36393 146.60631
199.86457 141.93081
191.85762 137.4699
704.56932 335.23256
658.28935 319.69062
615.81701 305.0858
576.8066 291.35685
540.94347 278.44582
507.93963 266.29813
477.53739 254.86253
449.50259 244.09104
423.62196 233.9389
399.70333 224.36434
377.5741 215.32852
357.07732 206.79531
338.07044 198.7312
320.42456 191.10503
304.02417 183.88795
288.76427 177.05317
274.54933 170.57585
261.2936 164.43298
248.91874 158.60319
237.35282 153.06669
226.5317 147.80508
216.39724 142.80133
206.89565 138.03958
197.97823 133.50514
189.60115 129.18434
181.72393 125.06445
174.30928 121.13366
656.79769 294.87533
613.01608 281.20444
572.86511 268.35784
536.01347 256.28167
502.15978 244.92496
471.02832 234.23968
442.37256 224.18077
415.96853 214.70603
391.61235 205.77605
369.12037 197.35414
348.32772 189.4061
329.08453 181.90018
311.2547 174.80687
294.71523 168.09879
279.35593 161.75054
265.0767 155.73857
251.78645 150.04104
239.4035 144.63768
227.85322 139.50971
217.06712 134.63972
206.98416 130.01154
197.54905 125.61017
188.71062 121.42167
180.42259 117.43311
172.64334 113.63247
165.33441 110.00855
158.46042 106.55097
613.05666 259.26462
571.61805 247.2447
533.64062 235.94953
498.80706 225.33174
466.8289 215.34652
437.44232 205.95166
410.41161 197.10751
385.52269 188.77699
362.58072 180.92545
341.4103 173.52061
321.85401 166.53243
303.7688 159.93296
287.02477 153.69628
271.50459 147.79831
257.10318 142.21671
243.72511 136.93078
231.28356 131.92131
219.70072 127.17049
208.90552 122.6618
198.83271 118.37994
189.42422 114.31068
180.62745 110.44084
172.39374 106.75817
164.67908 103.25129
157.44393 99.909633
150.65178 96.723365
144.269 93.68334
572.7583 227.68076
533.53034 217.12512
497.60044 207.20595
464.66494 197.88164
434.44796 189.11284
406.69733 180.86248
381.18786 173.09574
357.71508 165.78005
336.09298 158.885
316.15412 152.38223
297.74834 146.24535
280.73917 140.44984
265.00272 134.97292
250.42713 129.79344
236.91224 124.8918
224.36712 120.24981
212.70907 115.85059
201.86399 111.67852
191.76419 107.71909
182.34758 103.95885
173.5589 100.38531
165.34813 96.986898
157.66897 93.752853
150.47961 90.673185
143.74247 87.73861
137.42288 84.940496
131.4889 82.270812
535.60566 199.79952
498.46822 190.5365
464.47138 181.83201
433.32489 173.64954
404.76523 165.95455
378.55156 158.71451
354.46898 151.89887
332.3224 145.47905
311.9344 139.42836
293.1453 133.7219
275.81195 128.33653
259.8043 123.25073
245.00428 118.4445
231.30531 113.89929
218.612 109.59789
206.83776 105.52435
195.90384 101.66385
185.73973 98.002684
176.28101 94.528116
167.46858 91.228343
159.24988 88.092413
151.57738 85.110161
144.40704 82.272149
137.69913 79.569611
131.41795 76.994397
125.53056 74.538932
120.00665 72.196168
501.23129 175.17635
466.0783 167.05491
433.91346 159.42316
404.45971 152.2491
377.46561 145.50244
352.70147 139.15466
329.96243 133.17898
309.0626 127.55033
289.8329 122.24532
272.12126 117.24212
255.79135 112.52044
240.71936 108.06141
226.79288 103.8475
213.91046 99.862442
201.98132 96.091148
190.92309 92.519625
180.66083 89.134896
171.12748 85.924929
162.2618 82.878566
154.00756 79.985457
146.31481 77.235998
139.13838 74.621277
132.43643 72.133021
126.17119 69.763542
120.30879 67.505697
114.81795 65.352843
109.66987 63.2988
469.34011 153.45553
436.0766 146.3411
405.65331 139.65565
377.80613 133.37112
352.2955 127.46101
328.90267 121.90032
307.43263 116.66559
287.70848 111.73486
269.56933 107.08764
252.87052 102.70481
237.48239 98.56859
223.2872 94.662451
210.17806 90.971043
198.0585 87.480113
186.84225 84.17644
176.45098 81.047766
166.81349 78.082722
157.86606 75.270771
149.55049 72.602138
141.81335 70.067758
134.60721 67.659218
127.88917 65.368709
121.61947 63.188982
115.76228 61.113303
110.28544 59.135416
105.15926 57.249503
100.35642 55.450149
439.67304 134.3197
408.2134 128.09224
379.45019 122.24034
353.13208 116.73953
329.03114 111.56643
306.93935 106.69916
286.67135 102.11716
268.05904 97.801227
250.94961 93.733464
235.20566 89.897191
220.70404 86.276781
207.33289 82.857751
194.99073 79.626672
183.58594 76.571071
173.03662 73.679375
163.26842 70.940855
154.21374 68.345565
145.81209 65.884275
138.00821 63.548428
130.75142 61.330093
123.99667 59.221902
117.70327 57.217018
111.83351 55.309101
106.35338 53.49226
101.23239 51.76102
96.442377 50.110287
91.957432 48.535319
411.99924 117.47908
382.26603 112.03217
355.08924 106.91384
330.23017 102.10273
307.47231 97.578248
286.61816 93.32123
267.49186 89.313671
249.93395 85.538776
233.79952 81.980962
218.95832 78.625689
205.2935 75.459222
192.69902 72.468877
181.07863 69.642919
170.34547 66.970438
160.42189 64.44131
151.2374 62.046152
142.7279 59.776266
134.83606 57.623579
127.50949 55.580605
120.70011 53.640411
114.36526 51.796548
108.46633 50.043032
102.96759 48.374323
97.836805 46.785275
93.045092 45.271099
88.565762 43.82734
84.374252 42.449845
386.11384 102.67001
358.03674 97.910019
332.37949 93.437059
308.91572 89.232387
287.44038 85.278215
267.76639 81.557817
249.72724 78.055492
233.17192 74.756553
217.96319 71.647299
203.97766 68.714959
191.10483 65.947615
179.24431 63.334204
168.30499 60.864456
158.20464 58.528839
148.86977 56.318506
140.23363 54.225258
132.23555 52.241489
124.82125 50.360146
117.94114 48.57469
111.54968 46.879056
105.60648 45.267613
100.07502 43.735139
94.921443 42.276783
90.11523 40.888043
85.629035 39.564732
81.437594 38.302956
77.517656 37.099093
361.84072 89.660681
335.35456 85.504005
311.15516 81.597919
289.02827 77.926004
268.78007 74.472845
250.23373 71.223854
233.23187 68.165342
217.63181 65.284474
203.30381 62.569237
190.13126 60.008442
178.0098 57.59173
166.8446 55.309452
156.54956 53.152634
147.04696 51.112949
138.26737 49.182677
130.14771 47.354655
122.63062 45.622239
115.66481 43.979272
109.2034 42.420043
103.20334 40.939254
97.626429 39.531991
92.438155 38.193695
87.606499 36.920128
83.102598 35.707354
78.900599 34.551715
74.976611 33.449812
71.308647 32.398484
339.0269 78.243003
314.07079 74.615652
291.27174 71.206984
270.4275 68.002666
251.3552 64.989244
233.888 62.153991
217.87751 59.48496
203.18917 56.970951
189.70066 54.601484
177.30201 52.36679
165.89485 50.257831
155.38974 48.266186
145.70548 46.384024
136.76878 44.60408
128.51414 42.919615
120.88207 41.32438
113.81844 39.812576
107.27487 38.37883
101.2071 37.018158
95.57449 35.725938
90.341007 34.49788
85.474057 33.330008
80.943407 32.218621
76.721807 31.160286
72.784847 30.151809
69.109964 29.190226
65.67639 28.272778
317.53924 68.231067
294.05584 65.067811
272.60316 62.095281
252.99079 59.300996
235.04652 56.673179
218.61334 54.200726
203.5516 51.873212
189.73474 49.680874
177.04766 47.614589
165.38695 45.665851
154.66 43.826761
144.78268 42.089971
135.67857 40.448654
127.27867 38.896476
119.52134 37.427559
112.35057 36.036453
105.71538 34.718103
99.570213 33.467822
93.873374 32.281265
88.586564 31.154399
83.675832 30.083486
79.110461 29.065054
74.861952 28.09588
70.904615 27.172969
67.21544 26.293539
63.773149 25.455002
60.558151 24.654953
297.2619 59.459344
275.19682 56.702709
255.03951 54.1123
236.61111 51.677252
219.7499 49.387271
204.30847 47.232677
190.15574 45.204378
177.17292 43.29387
165.252 41.493214
154.2959 39.795008
144.21772 38.192355
134.93844 36.678848
126.38631 35.248541
118.49654 33.895913
111.21121 32.615842
104.47771 31.403578
98.248133 30.254717
92.479652 29.165174
87.133077 28.131161
82.172384 27.149167
77.565639 26.215931
73.283951 25.328428
69.3005 24.48385
65.591108 23.679588
62.134122 22.913218
58.909507 22.182485
55.898811 21.48529
278.09675 51.780618
257.39762 49.379972
238.48672 47.124088
221.19652 45.003509
205.37556 43.009263
190.88577 41.13292
177.60448 39.366559
165.42045 37.702775
154.23256 36.134657
143.94992 34.655763
134.49114 33.260081
125.78223 31.942033
117.75596 30.696441
110.35161 29.518496
103.51493 28.403736
97.196564 27.348028
91.351613 26.347534
85.939907 25.398698
80.924677 24.498221
76.272109 23.643044
71.952232 22.830329
67.937922 22.05744
64.203987 21.321933
60.727715 20.621535
57.488764 19.954136
54.468304 19.317772
51.648987 18.710615
259.96067 45.064145
240.57638 42.974895
222.86433 41.011625
206.66802 39.166104
191.84601 37.430532
178.26939 35.79757
165.82359 34.260326
154.40477 32.812354
143.91847 31.447638
134.27981 30.16057
125.41278 28.945922
117.24824 27.798838
109.72336 26.714812
102.78139 25.689657
96.371599 24.719493
90.447838 23.80072
84.968089 22.93
79.894768 22.104236
75.193454 21.32056
70.832475 20.576308
66.783761 19.86901
63.021902 19.196373
59.52328 18.556268
56.266602 17.946719
53.232795 17.365888
50.404195 16.812066
47.764521 16.283664
242.78109 39.193989
224.66156 37.3769
208.10192 35.669375
192.95644 34.064254
179.09343 32.55476
166.39284 31.134511
154.74801 29.797515
144.06224 28.538162
134.24755 27.35122
125.22488 26.231807
116.92341 25.17538
109.27872 24.177717
102.23224 23.234898
95.731045 22.343282
89.727823 21.499492
84.179524 20.7004
79.046925 19.943101
74.294943 19.224903
69.891427 18.543309
65.806779 17.896004
62.014769 17.28084
58.491642 16.695822
55.215307 16.139099
52.16584 15.608951
49.325396 15.10378
46.677436 14.6221
44.20671 14.162527
226.49496 34.067463
209.59089 32.488053
194.13815 31.003873
180.00146 29.608699
167.05857 28.296644
155.19803 27.062163
144.32084 25.900045
134.33719 24.805417
125.16539 23.773726
116.73197 22.80073
108.97115 21.882482
101.82306 21.015312
95.233251 20.195812
89.152485 19.420818
83.536754 18.687395
78.345996 17.992822
73.543693 17.334576
69.097173 16.710317
64.976483 16.117875
61.154027 15.555237
57.605351 15.020535
54.308299 14.512036
51.242254 14.028132
48.388617 13.567327
45.730725 13.128231
43.253128 12.709554
40.94157 12.310093
211.05047 29.593688
195.31292 28.221689
180.92202 26.932414
167.75263 25.720456
155.69164 24.580701
144.63591 23.508333
134.49381 22.498826
125.1822 21.547946
116.62543 20.651739
108.75544 19.806518
101.5113 19.008855
94.83752 18.255563
88.683597 17.54368
83.003875 16.870459
77.757518 16.23335
72.907342 15.629989
68.419433 15.058185
64.263446 14.515904
60.41154 14.001262
56.838052 13.51251
53.520238 13.048025
50.437486 12.606304
47.570597 12.185946
44.902249 11.785654
42.41692 11.404221
40.100208 11.040525
37.938818 10.693521
196.40391 25.692358
181.78403 24.501229
168.41016 23.381919
156.16693 22.329733
144.95004 21.340232
134.66436 20.409234
125.22535 19.53281
116.55631 18.707284
108.58737 17.929224
101.25569 17.195428
94.504982 16.502921
88.283952 15.848936
82.545912 15.2309
77.248627 14.64643
72.354315 14.093311
67.828551 13.569491
63.639926 13.073068
59.760327 12.602276
56.163945 12.155479
52.826974 11.731159
49.728314 11.327908
46.848835 10.944418
44.170705 10.579476
41.677828 10.231955
39.355781 9.9008061
37.191169 9.5850559
35.171621 9.283798
182.51641 22.292616
168.9655 21.259102
156.56408 20.287904
145.20617 19.374949
134.79599 18.516385
125.24607 17.708581
116.47869 16.948129
108.4233 16.231841
101.01561 15.556737
94.197743 14.920041
87.917864 14.319171
82.128713 13.751724
76.787242 13.21547
71.854491 12.70834
67.295599 12.228413
63.078789 11.773908
59.175044 11.343174
55.558393 10.93468
52.204973 10.547005
49.092757 10.178834
46.202223 9.8289427
43.515661 9.4961983
41.016548 9.1795473
38.689969 8.8780116
36.522551 8.5906822
34.501869 8.3167138
32.616437 8.0553199
169.35361 19.332003
156.82309 18.435746
145.34975 17.593529
134.83667 16.801821
125.19617 16.057281
116.34815 15.356759
108.22142 14.6973
100.75128 14.07614
93.87878 13.490694
87.550803 12.938557
81.719751 12.417486
76.342209 11.9254
71.378603 11.460365
66.793101 11.020585
62.553632 10.604395
58.630939 10.210252
54.998297 9.8367226
51.631773 9.4824794
48.509367 9.1462909
45.610753 8.827015
42.917915 8.523592
40.414501 8.2350384
38.085244 7.9604409
35.916355 7.6989513
33.895469 7.4497812
32.011087 7.2121977
30.252574 6.9855188
156.8871 16.7555
145.32839 15.978693
134.7389 15.248724
125.03031 14.562533
116.12271 13.917222
107.94302 13.310063
100.42626 12.738495
93.513349 12.200121
87.150372 11.692702
81.28876 11.214151
75.88495 10.762527
70.899181 10.336025
66.295189 9.9329676
62.040113 9.5518002
58.104535 9.1910791
54.461599 8.8494658
51.086759 8.5257192
47.958024 8.2186883
45.055166 7.9273059
42.359479 7.6505821
39.854384 7.3875983
37.524825 7.1375021
35.356729 6.899502
33.337384 6.6728628
31.455387 6.4569013
29.700124 6.2509822
28.061771 6.0545142
145.09195 14.51471
134.45649 13.841789
124.70671 13.209443
115.76248 12.615019
107.55124 12.056009
100.00658 11.530048
93.069431 11.034919
86.686017 10.568544
80.807235 10.128984
75.388813 9.7144325
70.39102 9.3232062
65.777563 8.953742
61.515312 8.6045877
57.574228 8.2743955
53.927406 7.9619153
50.550269 7.6659875
47.420335 7.3855371
44.517457 7.1195668
41.823089 6.8671523
39.320064 6.6274361
36.993167 6.3996223
34.828572 6.1829727
32.813345 5.9768014
30.935795 5.7804718
29.185436 5.5933918
27.552496 5.4150111
26.027925 5.2448177
133.94476 12.567111
124.18418 11.984484
115.23024 11.436987
107.01052 10.922324
99.459422 10.438322
92.516847 9.9829359
86.129288 9.5542436
80.248013 9.1504475
74.828462 8.7698684
69.830428 8.4109416
65.217805 8.0722105
60.957576 7.7523214
57.019576 7.4500169
53.376434 7.1641303
50.003618 6.893579
46.878705 6.6373591
43.981166 6.3945397
41.292599 6.1642577
38.796044 5.9457124
36.475795 5.7381615
34.317926 5.540916
32.309777 5.3533366
30.439492 5.1748297
28.69635 5.0048437
27.070733 4.8428663
25.553671 4.6884209
24.136846 4.5410642
123.42373 10.875379
114.48997 10.371183
106.28833 9.8973874
98.753663 9.4520061
91.826878 9.033159
85.453821 8.6390749
79.58624 8.2680915
74.180142 7.9186529
69.195252 7.5893059
64.595195 7.2786963
60.347278 6.9855639
56.421575 6.7087369
52.790713 6.4471275
49.429831 6.1997258
46.316638 5.965595
43.430739 5.7438663
40.753442 5.5337343
38.26799 5.3344519
35.958923 5.1453263
33.811908 4.965715
31.814237 4.7950219
29.954351 4.6326937
28.22141 4.4782166
26.605614 4.3311135
25.098162 4.1909408
23.690842 4.0572862
22.376034 3.929766
113.51004 9.4067701
105.35519 8.9706606
97.862606 8.5608468
90.973841 8.1756098
84.635907 7.8133238
78.800193 7.4724568
73.423362 7.151571
68.465862 6.8493206
63.891435 6.5644486
59.667303 6.2957837
55.763978 6.0422358
52.154433 5.8027916
48.813916 5.5765098
45.719929 5.3625172
42.852281 5.1600034
40.192479 4.968217
37.723564 4.7864612
35.430318 4.6140898
33.298692 4.4505037
31.315646 4.2951471
29.469616 4.1475044
27.750077 4.0070969
26.14715 3.8734804
24.651896 3.746242
23.25629 3.6249982
21.952832 3.5093923
20.734559 3.3990924
104.18566 8.132596
96.762172 7.7555589
89.935764 7.4012557
83.654197 7.0682002
77.870105 6.754987
72.540012 6.4602915
67.62515 6.1828707
63.090098 5.921561
58.902348 5.6752758
55.032478 5.4430024
51.453996 5.2237984
48.142587 5.0167876
45.075955 4.8211564
42.233807 4.6361497
39.597922 4.461067
37.15159 4.2952587
34.87947 4.1381222
32.767789 3.9890991
30.803818 3.8476712
28.975729 3.7133581
27.273029 3.585714
25.686166 3.4643251
24.206158 3.3488074
22.824878 3.2388038
21.535027 3.1339828
20.329776 3.0340361
19.202779 2.9386766
95.43224 7.0277402
88.693171 6.7019256
82.490699 6.3957564
76.778237 6.1079484
71.513572 5.8372869
66.65795 5.5826275
62.176814 5.3428958
58.038569 5.1170864
54.214185 4.9042604
50.677359 4.7035427
47.404386 4.5141187
44.37348 4.3352315
41.564632 4.1661779
38.95961 4.0063054
36.542029 3.8550086
34.296842 3.7117263
32.21022 3.5759376
30.269739 3.4471601
28.463901 3.324946
26.782011 3.20888
25.214578 3.0985771
23.752956 2.9936795
22.389005 2.8938555
21.115355 2.7987965
19.925387 2.708216
18.8129 2.6218475
17.772128 2.5394432
87.231559 6.0702307
81.130769 5.7888076
75.510747 5.5243532
70.330018 5.2757583
65.551045 5.0419737
61.139385 4.822011
57.064337 4.6149422
53.297823 4.4198988
49.814017 4.2360698
46.589504 4.0626993
43.603159 3.8990839
40.83554 3.7445696
38.268765 3.5985491
35.886518 3.4604588
33.674116 3.3297758
31.618065 3.2060153
29.70594 3.0887275
27.926572 2.9774956
26.26961 2.8719328
24.725412 2.7716805
23.285422 2.6764061
21.941836 2.5858005
20.687298 2.4995772
19.515147 2.4174698
18.419394 2.3392306
17.394427 2.2646296
16.435019 2.1934527
79.56721 5.2408554
74.059228 4.9978833
68.980806 4.7695614
64.295051 4.5549321
59.968637 4.3530897
55.971015 4.1631805
52.274986 3.9844035
48.855672 3.816009
45.690179 3.6572966
42.757738 3.5076138
40.039599 3.3663532
37.518479 3.2329502
35.178459 3.1068806
33.004995 2.9876576
30.984985 2.8748299
29.106366 2.7679787
27.35802 2.666716
25.729939 2.5706817
24.212838 2.479542
22.798054 2.3929872
21.477894 2.3107301
20.245339 2.232504
19.093762 2.1580614
18.017157 2.0871723
17.010125 2.019623
16.067598 1.9552148
15.184854 1.8937627
72.422167 4.5228367
67.462453 4.3131529
62.885622 4.1161121
58.658863 3.9308881
54.752608 3.7566989
51.139797 3.5928082
47.796375 3.4385245
44.700351 3.2932007
41.831488 3.1562327
39.171422 3.0270571
36.703566 2.9051498
34.412619 2.7900237
32.284461 2.6812261
30.306178 2.5783372
28.466124 2.4809674
26.75356 2.3887553
25.15857 2.3013661
23.672224 2.2184889
22.28622 2.1398357
20.992799 2.0651393
19.785072 1.9941518
18.656744 1.926643
17.601862 1.8623993
16.615029 1.8012224
15.691391 1.7429276
14.826386 1.6873435
14.015758 1.6343107
65.778007 3.901536
61.323313 3.7206565
57.209208 3.5506833
53.406493 3.3909035
49.88893 3.2406428
46.632555 3.0992658
43.61611 2.966176
40.820186 2.8408154
38.22693 2.7226627
35.820146 2.611232
33.585209 2.5060711
31.508615 2.4067598
29.577889 2.3129078
27.781606 2.2241527
26.109457 2.1401586
24.551918 2.0606137
23.100182 1.9852291
21.746308 1.9137367
20.482903 1.8458881
19.303043 1.7814528
18.200578 1.7202168
17.169882 1.6619817
16.205625 1.6065632
15.302972 1.5537901
14.457572 1.5035032
13.66533 1.4555547
12.922421 1.409807
59.615648 3.3641906
55.62428 3.2082232
51.935384 3.0616599
48.522945 2.9238861
45.363655 2.7943204
42.436278 2.6724148
39.722027 2.5576551
37.203779 2.4495601
34.865806 2.3476802
32.693849 2.2515965
30.675048 2.1609191
28.797519 2.0752856
27.050279 1.9943595
25.42326 1.9178285
23.907368 1.8454026
22.494193 1.7768132
21.175943 1.711811
19.945585 1.6501651
18.79656 1.5916611
17.722713 1.5361002
16.718573 1.483298
15.779129 1.4330835
14.899626 1.3852975
14.075744 1.3397926
13.303597 1.2964316
12.579519 1.2550869
11.900085 1.2156398
53.916792 2.8996805
50.348727 2.7652484
47.048922 2.6389219
43.994173 2.5201713
41.163751 2.4084954
38.538821 2.303422
36.102769 2.2045078
33.840487 2.111338
31.738124 2.0235251
29.783143 1.9407082
27.964252 1.8625511
26.271018 1.7887415
24.693797 1.7189893
23.223745 1.6530253
21.85287 1.5905996
20.57377 1.5314807
19.379578 1.4754537
18.264091 1.4223195
17.22151 1.3718935
16.246384 1.3240041
15.333865 1.2784926
14.479505 1.2352115
13.679077 1.1940235
12.928735 1.1548017
12.225017 1.1174277
11.564653 1.0817917
10.944584 1.0477913
48.662001 2.4983232
45.479103 2.3824985
42.533869 2.2736575
39.805585 2.1713437
37.275795 2.0751254
34.927778 1.9845957
32.746827 1.8993727
30.719602 1.819099
28.833902 1.7434408
27.078705 1.6720869
25.444103 1.6047479
23.92095 1.5411547
22.500794 1.4810572
21.175883 1.4242235
19.939214 1.3704385
18.784294 1.3195025
17.705091 1.2712305
16.696154 1.2254508
15.752376 1.1820044
14.868949 1.1407437
14.041589 1.1015316
13.266367 1.0642412
12.539535 1.0287543
11.857683 0.99496126
11.217737 0.96276037
10.61679 0.93205688
10.052116 0.9027626
43.830451 2.1516933
40.996672 2.0519387
38.373283 1.9581989
35.941783 1.8700808
33.685729 1.7872123
31.59026 1.7092432
29.64234 1.6358445
27.830176 1.5667084
26.143007 1.5015474
24.571138 1.4400936
23.10587 1.3820976
21.739189 1.3273276
20.463691 1.2755684
19.272595 1.2266201
18.159775 1.1802975
17.119553 1.1364287
16.146647 1.0948542
15.236281 1.0554262
14.383976 1.0180078
13.585504 0.9824718
12.837099 0.94870024
12.135299 0.91658367
11.476796 0.88602038
10.858576 0.85691596
10.277919 0.82918278
9.7322506 0.80273925
9.2191497 0.7775094
39.400566 1.8524625
36.882103 1.7665807
34.549779 1.6858771
32.387069 1.6100134
30.379317 1.5386693
28.513303 1.4715432
26.777456 1.4083519
25.161333 1.3488304
23.655427 1.2927313
22.251196 1.2398237
20.940994 1.1898931
19.717791 1.1427399
18.575105 1.0981787
17.507004 1.0560376
16.50814 1.016157
15.573553 0.97838885
14.698633 0.94259603
13.879208 0.90865126
13.111361 0.87643655
12.391391 0.84584245
11.715997 0.81676742
11.082142 0.78911723
10.486917 0.76280431
9.9276679 0.73774739
9.4019982 0.713871
8.9076331 0.69110491
8.4424315 0.66938371
35.350747 1.5942596
33.116178 1.5203483
31.046212 1.4508935
29.126095 1.385604
27.342758 1.3242042
25.684433 1.2664343
24.14084 1.212051
22.70272 1.1608259
21.361661 1.112546
20.110122 1.067013
18.941375 1.0240419
17.849245 0.9834611
16.828053 0.94511105
15.872609 0.90884374
14.978245 0.87452184
14.140637 0.842018
13.355764 0.81121413
12.619991 0.78200072
11.929905 0.75427623
11.282271 0.72794645
10.674208 0.70292402
10.103063 0.67912781
9.5662837 0.6564825
9.0615436 0.63491813
8.5867384 0.61436973
8.1398661 0.59477685
7.7190391 0.57608324
31.658856 1.3715516
29.679146 1.3079654
27.844935 1.248213
26.143049 1.1920441
24.561837 1.1392215
23.090824 1.0895218
21.72087 1.0427354
20.443757 0.99866621
19.252036 0.95713081
18.139042 0.91795846
17.098842 0.88099021
16.126007 0.84607831
15.215553 0.81308555
14.362937 0.78188458
13.564083 0.75235725
12.815218 0.724394
12.112839 0.69789325
11.453785 0.67276078
10.835083 0.64890923
10.253917 0.62625757
9.7077779 0.60473062
9.1943522 0.58425859
8.7114131 0.5647767
8.2569254 0.54622476
7.8290487 0.52854685
7.4260275 0.51169098
7.0462036 0.49560875
28.302394 1.1795377
26.550855 1.1248535
24.927873 1.0734663
23.421696 1.025161
22.02194 0.97973347
20.719284 0.93699165
19.5056 0.89675533
18.373595 0.85885573
17.316665 0.82313523
16.328915 0.78944695
15.405105 0.75765419
14.540454 0.7276299
13.730581 0.69925607
12.971502 0.67242318
12.259651 0.64702962
11.591735 0.62298118
10.9647 0.60019048
10.375797 0.57857651
9.822439 0.55806413
9.3021767 0.53858366
8.8128302 0.52007043
8.3523888 0.50246444
7.9189137 0.48570998
7.5106315 0.46975528
7.1259381 0.45455225
6.7633 0.44005615
6.4212655 0.42622539
25.258871 1.0140543
23.711096 0.96704208
22.276869 0.92286441
20.94571 0.88133616
19.708372 0.84228193
18.556564 0.80553663
17.483062 0.77094532
16.481393 0.73836289
15.545704 0.70765383
14.670775 0.67869188
13.851976 0.65135953
13.085086 0.62554752
12.366248 0.60115442
11.69196 0.57808607
11.059097 0.55625512
10.464777 0.53558057
9.9063354 0.51598731
9.3813765 0.49740568
8.8876514 0.4797711
8.4230301 0.46302365
7.985621 0.44710774
7.57368 0.43197179
7.1855233 0.4175679
6.8196102 0.40385158
6.4745474 0.39078146
6.1489998 0.3783191
5.8417014 0.36642873
22.506111 0.8714932
21.139919 0.83109027
19.873986 0.79312341
18.698971 0.75743348
17.606645 0.72386976
16.589635 0.69229038
15.641528 0.66256214
14.756578 0.63456036
13.929597 0.60816857
13.155962 0.58327828
12.431577 0.55978847
11.752714 0.53760528
11.11597 0.51664151
10.518262 0.49681625
9.9568443 0.47805443
9.4291914 0.46028643
8.9329717 0.4434477
8.4660965 0.42747839
8.0266076 0.41232298
7.6126527 0.39792998
7.2225908 0.38425162
6.8549103 0.37124357
6.5081511 0.35886465
6.1809779 0.34707664
5.8721833 0.33584399
5.5806085 0.32513366
5.3051531 0.3149149
20.022393 0.74872772
18.8177 0.71401634
17.701506 0.68139788
16.665493 0.65073557
15.702337 0.62189997
14.80549 0.59476917
13.969255 0.56922874
13.188536 0.54517154
12.458736 0.52249755
11.775759 0.50111353
11.135983 0.48093271
10.53611 0.46187444
9.9731357 0.44386381
9.4443431 0.42683131
8.9473152 0.41071244
8.4798346 0.3954474
8.0398579 0.38098072
7.6255597 0.36726098
7.2352326 0.35424049
6.8672636 0.34187501
6.520228 0.3301235
6.1928155 0.31894787
5.8837607 0.30831275
5.5919071 0.2981853
5.3162105 0.28853497
5.0556674 0.27933337
4.8093235 0.27055411
17.786633 0.64304992
16.725312 0.61323789
15.742092 0.58522337
14.829565 0.55888889
13.98122 0.5341233
13.191238 0.51082188
12.454565 0.48888635
11.766681 0.46822469
11.123513 0.44875101
10.521436 0.43038522
9.9572422 0.41305281
9.4280193 0.39668451
8.9311133 0.38121598
8.4641264 0.36658752
8.0249293 0.35274373
7.6115717 0.33963326
7.2222598 0.32720847
6.8553946 0.31542518
6.5094835 0.30424245
6.1831192 0.29362228
5.8750625 0.28352942
5.5841756 0.27393116
5.3093609 0.26479712
5.049617 0.25609908
4.8040411 0.24781083
4.5717652 0.23990798
4.3519635 0.23236785
15.778526 0.55211509
14.844274 0.52651889
13.978931 0.50246602
13.175905 0.4798556
12.429405 0.4585922
11.734265 0.43858593
11.086 0.41975237
10.480605 0.40201256
9.9144709 0.38529271
9.3843907 0.36952409
8.8875286 0.35464272
8.4213099 0.3405891
7.9833914 0.32730803
7.5716577 0.31474822
7.1842313 0.30286212
6.8193948 0.29160564
6.4755705 0.28093787
6.1513547 0.27082089
5.8454393 0.26121953
5.5565932 0.25210119
5.2837353 0.24343558
5.0258753 0.23519463
4.7820594 0.22735226
4.5514194 0.21988423
4.3331743 0.21276803
4.1265737 0.20598274
3.9309036 0.19950887
13.978663 0.47389376
13.156869 0.45192399
12.395862 0.43127888
11.689777 0.41187186
11.033468 0.39362102
10.422349 0.37644919
9.8524409 0.36028393
9.320194 0.34505745
8.822415 0.33070644
8.3562664 0.31717187
7.9192417 0.30439885
7.5090665 0.29233632
7.1236724 0.28093686
6.7611929 0.27015649
6.4199723 0.25995438
6.098497 0.25029268
5.7953779 0.24113629
5.5093804 0.23245265
5.2393557 0.22421158
4.9842245 0.21638509
4.743041 0.2089472
4.5149412 0.2018738
4.2990946 0.1951425
4.0947467 0.18873251
3.9012212 0.18262451
3.7178688 0.17680053
3.5440722 0.17124385
12.368664 0.40663149
11.646264 0.38778006
10.977479 0.37006528
10.35709 0.35341285
9.7805263 0.33775249
9.243718 0.32301799
8.7431362 0.30914719
8.2756367 0.29608192
7.8383933 0.28376785
7.4288969 0.27215435
7.0449325 0.26119429
6.6844919 0.25084388
6.3457496 0.24106243
6.0270592 0.23181219
5.7269603 0.22305813
5.4441188 0.21476778
5.1773109 0.20691101
4.9254495 0.1994599
4.6875245 0.19238854
4.4625879 0.18567291
4.2498107 0.17929072
4.0484372 0.17322129
3.8577424 0.1674454
3.6770692 0.16194522
3.5058306 0.15670416
3.3434639 0.15170681
3.1894347 0.14693883
10.931238 0.34881234
10.296579 0.33264147
9.7091997 0.31744561
9.1644618 0.30316105
8.6583047 0.28972748
8.1871183 0.27708813
7.7477741 0.26518966
7.3374871 0.25398218
6.9537567 0.24341908
6.5943647 0.23345693
6.2573542 0.22405531
5.940952 0.21517665
5.6435479 0.20678605
5.3636896 0.19885112
5.1000898 0.19134182
4.8515725 0.18423029
4.6170598 0.17749069
4.3955944 0.17109907
4.1862874 0.16503319
3.9883057 0.15927247
3.8009212 0.15379777
3.6234716 0.14859136
3.4553225 0.14363676
3.2959001 0.13891865
3.1446932 0.13442282
3.0012126 0.13013605
2.864995 0.12604603
0.00033656198 1519.4062
0.00034704053 1559.5977
0.0003578011 1595.1068
0.00036883533 1626.3955
0.00038013524 1653.8769
0.00039169321 1677.9208
0.000403502 1698.8583
0.00041555471 1716.9868
0.00042784482 1732.5736
0.00044036612 1745.8591
0.00045311275 1757.0597
0.00046607914 1766.3707
0.00047926003 1773.9683
0.00049265043 1780.0116
0.00050624562 1784.6447
0.00052004112 1787.998
0.00053403269 1790.1894
0.00054821632 1791.3262
0.00056258818 1791.5054
0.00057714466 1790.8155
0.00059188232 1789.3367
0.00060679789 1787.142
0.00062188825 1784.2979
0.00063715046 1780.8651
0.00065258168 1776.8988
0.00066817924 1772.4493
0.00068394055 1767.5627
5.0426387 9.802428e+09 1.3228757
5.0157885 1.1209317e+10 1.3601471
4.978386 1.2482376e+10 1.396424
4.9331651 1.3616465e+10 1.4317821
4.8823011 1.4613452e+10 1.4662878
4.8275063 1.5479611e+10 1.5
4.7701166 1.6223755e+10 1.532971
4.7111659 1.6855955e+10 1.5652476
4.6514486 1.7386681e+10 1.5968719
4.5915698 1.7826252e+10 1.6278821
4.5319868 1.8184505e+10 1.6583124
4.4730408 1.8470606e+10 1.6881943
4.414983 1.8692966e+10 1.7175564
7
