# Fiducial parameters, omega_b = 0.022237, omega_cdm = 0.12, H0 = 67.36, ln10^{10}A_s = 3.044, n_s = 0.9649, tau_reio = 0.0544, M_tot = 0.12, sigma_NL = 7, beta_0^Euclid = 1, beta_1^Euclid = 1, z_reio = 1, Omega_Lambda = 1, YHe = 1, 100*theta_s = 1, A_s = 0, sigma8 = 0
30734.183 31006.184
29319.527 29565.443
27989.21 28211.654
26737.802 26939.135
25560.161 25742.509
24451.433 24616.71
23407.058 23556.984
22422.761 22558.877
21494.542 21618.234
20618.671 20731.178
19791.67 19894.104
19010.305 19103.658
18271.565 18356.729
17572.653 17650.425
16910.974 16982.066
16284.114 16349.166
15689.835 15749.421
15126.06 15180.691
14590.859 14640.996
14082.441 14128.497
13599.143 13641.487
13139.418 13178.384
12701.831 12737.718
12285.047 12318.124
11887.823 11918.333
11509.003 11537.165
11147.512 11173.524
29322.576 29590.585
27973.602 28215.697
26704.996 26923.782
25511.587 25709.418
24388.476 24567.476
23331.044 23493.12
22334.947 22481.815
21396.112 21529.311
20510.733 20631.642
19675.255 19785.111
18886.366 18986.275
18140.985 18231.936
17436.243 17519.123
16769.478 16845.079
16138.214 16207.245
15540.153 15603.249
14973.163 15030.892
14435.263 14488.134
13924.615 13973.083
13439.511 13483.984
12978.366 13019.211
12539.707 12577.252
12122.164 12156.705
11724.465 11756.267
11345.425 11374.727
10983.943 11010.959
10638.992 10663.917
27864.582 28126.113
26583.347 26819.336
25378.389 25591.419
24244.804 24437.207
23177.948 23351.826
22173.436 22330.682
21227.151 21369.461
20335.228 20464.128
19494.057 19610.912
18700.267 18806.299
17950.715 18047.018
17242.476 17330.028
16572.832 16652.507
15939.253 16011.834
15339.392 15405.577
14771.068 14831.482
14232.256 14287.458
13721.077 13771.566
13235.785 13282.009
12774.761 12817.119
12336.497 12375.35
11919.597 11955.264
11522.76 11555.531
11144.777 11174.91
10784.524 10812.251
10440.954 10466.485
10113.092 10136.617
26392.597 26645.354
25179.66 25407.435
24038.88 24244.216
22965.623 23150.816
21955.497 22122.617
21004.36 21155.268
20108.316 20244.684
19263.715 19387.04
18467.142 18578.767
17715.409 17816.533
17005.545 17097.243
16334.785 16418.016
15700.556 15776.176
15100.468 15169.242
14532.3 14594.911
13993.988 14051.047
13483.617 13535.67
12999.41 13046.943
12539.715 12583.162
12102.999 12142.75
11687.837 11724.239
11292.905 11326.271
10916.974 10947.581
10558.899 10586.998
10217.615 10243.432
9892.1333 9915.8673
9581.5301 9603.3629
24940.689 25182.73
23795.036 24012.815
22717.488 22913.493
21703.673 21880.152
20749.449 20908.428
19850.91 19994.21
19004.382 19133.637
18206.422 18323.094
17453.807 17559.208
16743.531 16838.833
16072.793 16159.041
15438.981 15517.11
14839.67 14910.514
14272.604 14336.905
13735.685 13794.108
13226.969 13280.103
12744.646 12793.021
12287.039 12331.125
11852.589 11892.805
11439.848 11476.57
11047.472 11081.033
10674.21 10704.911
10318.901 10347.008
9980.4653 10006.218
9657.8967 9681.5091
9350.2599 9371.9242
9056.6838 9076.572
23542.142 23772.037
22461.232 22667.704
21444.531 21630.004
20487.921 20654.585
19587.5 19737.326
18739.587 18874.348
17940.722 18062.006
17187.658 17296.89
16477.362 16575.813
15807 15895.807
15173.931 15254.109
14575.696 14648.149
14010.008 14075.542
13474.739 13534.074
12967.915 13021.689
12487.699 12536.484
12032.389 12076.691
11600.402 11640.672
11190.267 11226.909
10800.619 10833.992
10430.191 10460.613
10077.804 10105.561
9742.3608 9767.7071
9422.8439 9446.0064
9118.3045 9139.4861
8827.86 8847.2421
8550.6883 8568.4332
22227.514 22444.491
21207.405 21401.869
20247.851 20422.155
19344.973 19501.238
18495.091 18635.23
17694.737 17820.468
16940.648 17053.511
16229.767 16331.14
15559.233 15650.347
14926.374 15008.329
14328.703 14402.478
13763.9 13830.367
13229.809 13289.745
12724.424 12778.521
12245.883 12294.757
11792.456 11836.652
11362.536 11402.54
10954.629 10990.873
10567.35 10600.218
10199.41 10229.245
9849.6139 9876.7182
9516.8491 9541.4935
9200.0821 9222.5072
8898.351 8918.7711
8610.7613 8629.3674
8336.48 8353.4424
8074.7312 8090.202
21021.694 21225.736
20057.311 20239.764
19150.141 19313.279
18296.518 18442.396
17492.97 17623.437
16736.22 16852.937
16023.188 16127.645
15350.987 15444.514
14716.915 14800.702
14118.45 14193.557
13553.241 13620.613
13019.1 13079.577
12513.989 12568.318
12036.014 12084.86
11583.416 11627.369
11154.56 11194.143
10747.928 10783.607
10362.11 10394.296
9995.7962 10024.856
9647.7696 9674.0275
9316.8997 9340.6442
9002.1356 9023.6227
8702.5004 8721.9573
8417.0853 8434.7138
8145.0446 8161.0241
7885.5909 7900.081
7637.9909 7651.1334
19940.942 20132.8
19026.475 19197.627
18166.234 18318.875
17356.743 17492.858
16594.713 16716.088
15877.039 15985.28
15200.803 15297.349
14563.27 14649.407
13961.88 14038.757
13394.245 13462.885
12858.136 12919.451
12351.481 12406.28
11872.349 11921.353
11418.946 11462.793
10989.605 11028.863
10582.777 10617.948
10197.024 10228.552
9831.0082 9859.29
9483.4894 9508.8738
9153.3143 9176.111
8839.4113 8859.8944
8540.7843 8559.1968
8256.5072 8273.0642
7985.7184 8000.6106
7727.6163 7741.0127
7481.4543 7493.5047
7246.5372 7257.3745
18990.498 19171.603
18119.911 18281.105
17300.93 17444.331
16530.247 16657.77
15804.732 15918.104
15121.43 15222.202
14477.563 14567.128
13870.53 13950.133
13297.895 13368.647
12757.385 12820.277
12246.881 12302.795
11764.412 11814.131
11308.14 11352.361
10876.359 10915.698
10467.482 10502.488
10080.036 10111.194
9712.6535 9740.3919
9364.0617 9388.7606
9033.08 9055.0754
8718.6111 8738.2003
8419.6354 8437.0811
8135.2051 8150.7396
7864.4389 7878.2676
7606.5168 7618.8213
7360.6758 7371.6165
7126.2054 7135.9243
6902.4438 6911.0665
18161.929 18334.141
17329.58 17482.566
16546.566 16682.364
15809.722 15930.181
15116.052 15222.84
14462.73 14557.351
13847.102 13930.904
13266.679 13340.87
12719.134 12784.794
12202.294 12260.386
11714.135 11765.516
11252.771 11298.203
10816.449 10856.608
10403.536 10439.024
10012.518 10043.867
9641.9862 9669.668
9290.6336 9315.0651
8957.245 8978.7953
8640.6919 8659.6873
8339.926 8356.6546
8053.9729 8068.6893
7781.9269 7794.8559
7522.9458 7534.2858
7276.2461 7286.1721
7041.0985 7049.7652
6816.824 6824.3678
6602.7901 6609.3313
17431.715 17596.885
16633.045 16779.574
15881.723 16011.567
15174.706 15289.647
14509.114 14610.764
13882.234 13972.047
13291.516 13370.802
12734.571 12804.504
12209.165 12270.796
11713.214 11767.482
11244.774 11292.517
10802.039 10844.001
10383.324 10420.168
9987.0645 10019.379
9611.8078 9640.1151
9256.2036 9280.9657
8918.998 8940.624
8599.0257 8617.8776
8295.2046 8311.6025
8006.5292 8020.756
7732.0653 7744.3706
7470.9445 7481.5486
7222.359 7231.4564
6985.5575 6993.3195
6759.8406 6766.4185
6544.5571 6550.084
6339.1003 6343.6937
16761.321 16920.642
15993.532 16134.758
15271.283 15396.282
14591.639 14702.118
13951.827 14049.336
13349.23 13435.176
12781.396 12857.045
12246.023 12312.517
11740.964 11799.326
11264.213 11315.36
10813.902 10858.653
10388.292 10427.377
9985.7657 10019.835
9604.8191 9634.451
9244.0551 9269.7641
8902.1766 8924.4186
8577.9789 8597.1574
8270.3423 8286.8152
7978.2271 7992.311
7700.6675 7712.6421
7436.7659 7446.8784
7185.688 7194.1565
6946.6579 6953.6751
6718.9537 6724.6894
6501.9036 6506.5075
6294.8821 6298.4861
6097.3062 6100.0266
16099.965 16253.154
15362.564 15498.287
14668.936 14788.956
14016.254 14122.188
13401.841 13495.168
12823.179 12905.244
12277.907 12349.927
11763.81 11826.887
11278.822 11333.947
10821.015 10869.077
10388.594 10430.391
9979.8872 10016.132
9593.3417 9624.6692
9227.5126 9254.4907
8881.0582 8904.192
8552.7333 8572.4714
8241.3811 8258.1214
7945.9269 7960.0225
7665.3726 7677.1364
7398.7913 7408.5003
7145.3217 7153.2206
6904.1628 6910.4681
6674.5703 6679.473
6455.8513 6459.52
6247.3611 6249.9445
6048.4994 6050.1286
5858.7069 5859.4972
15391.468 15535.95
14686.502 14814.407
14023.434 14136.389
13399.543 13499.054
12812.263 12899.711
12259.175 12335.827
11738.015 11805.021
11246.661 11305.067
10783.135 10833.884
10345.589 10389.532
9932.3049 9970.207
9541.6849 9574.2308
9172.2423 9200.0451
8822.5955 8846.2036
8491.4617 8511.3643
8177.6505 8194.2829
7880.0564 7893.8052
7597.6523 7608.8614
7329.4846 7338.4588
7074.6676 7081.6772
6832.3782 6837.6624
6601.8516 6605.6219
6382.3765 6384.8197
6173.2911 6174.5723
5973.9797 5974.2443
5783.8688 5783.2452
5602.4243 5601.0252
14585.461 14715.857
13917.246 14032.414
13288.802 13390.196
12697.534 12786.513
12140.998 12218.816
11616.891 11684.704
11123.059 11181.924
10657.487 10708.366
10218.292 10262.059
9803.7221 9841.1669
9412.145 9443.9798
9042.0443 9068.9085
8692.0097 8714.4771
8360.7307 8379.3154
8046.9908 8062.1526
7749.6618 7761.8099
7467.6958 7477.1944
7200.1194 7207.2923
6946.0289 6951.1639
6704.5851 6707.9371
6475.0085 6476.8032
6256.5744 6257.0113
6048.6091 6047.8644
5850.4858 5848.7149
5661.6213 5658.9613
5481.4725 5478.0439
5309.5335 5305.4422
13652.023 13760.36
13026.21 13121.302
12437.704 12520.793
11884.061 11956.314
11362.979 11425.483
10872.293 10926.057
10409.978 10455.928
9974.1396 10013.122
9563.0114 9595.7974
9174.9475 9202.2369
8808.4168 8830.8418
8461.9971 8480.1261
8134.366 8148.7098
7824.2949 7835.3118
7530.6436 7538.7436
7252.3552 7257.9031
6988.4479 6991.7684
6738.0101 6739.3918
6500.1953 6499.8941
6274.2178 6272.4602
6059.3477 6056.3339
5854.9064 5850.813
5660.2635 5655.2458
5474.8321 5469.0268
5298.0663 5291.5935
5129.4579 5122.4226
4968.5334 4961.0274
12595.244 12672.211
12017.283 12083.698
11473.833 11530.683
10962.628 11010.849
10481.531 10522.001
10028.534 10062.074
9601.7589 9629.1255
9199.4515 9221.3398
8819.9756 8837.0198
8461.8076 8474.584
8123.5306 8132.5605
7803.8287 7809.5807
7501.4788 7504.3738
7215.3447 7215.76
6944.3723 6942.6451
6687.5847 6684.0139
6444.0746 6438.9253
6212.9994 6206.5065
5993.5774 5985.9483
5785.0825 5776.4997
5586.8406 5577.4643
5398.2251 5388.1956
5218.6535 5208.0934
5047.5842 5036.6002
4884.5129 4873.1978
4728.9705 4717.4044
4580.5197 4568.7717
11460.067 11497.25
10933.362 10963.31
10438.164 10461.576
9972.3986 9989.9461
9534.1096 9546.4289
9121.4592 9129.1495
8732.7314 8736.3473
8366.3214 8366.374
8020.7342 8017.6905
7694.5775 7688.8617
7386.5569 7378.5523
7095.4709 7085.5205
6820.2026 6808.6135
6559.7149 6546.7609
6313.0454 6298.9698
6079.3029 6064.3194
5857.6597 5841.9558
5647.347 5631.0872
5447.6516 5430.9792
5257.9115 5240.9508
5077.5118 5060.37
4905.8813 4888.6502
4742.4888 4725.2469
4586.8405 4569.6542
4438.4769 4421.4022
4296.9701 4280.0536
4161.9217 4145.2018
10326.024 10318.506
9850.3864 9839.3132
9403.26 9389.0243
8982.7616 8965.7517
8587.1186 8567.7093
8214.6638 8193.2142
7863.8422 7840.6864
7533.1996 7508.6467
7221.3815 7195.7135
6927.1267 6900.5992
6649.263 6622.1053
6386.7028 6359.1175
6138.4351 6110.6011
5903.5208 5875.5955
5681.0893 5653.2096
5470.3343 5442.6171
5270.5069 5243.0515
5080.9118 5053.8023
4900.9039 4874.2104
4729.8847 4703.6646
4567.2981 4541.5977
4412.6277 4387.4833
4265.3936 4240.8327
4125.1491 4101.1919
3991.4791 3968.139
3863.9971 3841.2819
3742.3429 3720.2554
9287.1249 9235.4495
8858.1412 8806.5586
8454.938 8403.537
8075.808 8024.6956
7719.1444 7668.4357
7383.4357 7333.2511
7067.2733 7017.7277
6769.3397 6720.5416
6488.4083 6440.4564
6223.3373 6176.3194
5973.0656 5927.0581
5736.609 5691.6753
5513.0528 5469.2445
5301.5476 5258.9064
5101.3058 5059.8632
4911.5984 4871.3754
4731.7487 4692.757
4561.128 4523.3721
4399.1534 4362.6307
4245.2841 4209.9859
4099.0177 4064.9299
3959.8878 3926.9917
3827.461 3795.7338
3701.3341 3670.75
3581.132 3551.6626
3466.5059 3438.1205
3357.1307 3329.797
8422.4809 8333.0291
8032.2043 7946.05
7665.4627 7582.4119
7320.6909 7240.5909
6996.4158 6919.1446
6691.2521 6616.7139
6403.9105 6332.023
6133.1849 6063.8774
5877.953 5811.1614
5637.1707 5572.8351
5409.8679 5347.9307
5195.1457 5135.5486
4992.1683 4934.8528
4800.16 4745.0679
4618.4018 4565.4742
4446.2288 4395.4044
4283.0236 4234.2395
4128.2127 4081.4059
3981.2646 3936.3711
3841.6864 3798.6416
3709.0202 3667.7595
3582.8412 3543.2996
3462.7544 3424.8672
3348.3925 3312.0957
3239.4142 3204.6445
3135.5018 3102.1967
3036.3594 3004.4576
7768.5107 7651.8737
7407.3964 7296.5298
7068.1588 6962.6186
6749.3318 6648.7408
6449.537 6353.5719
6167.4792 6075.8642
5901.9543 5814.4458
5651.8367 5568.2201
5416.0802 5336.1626
5193.7119 5117.3185
4983.8287 4910.799
4785.594 4715.778
4598.231 4531.488
4421.0186 4357.2169
4253.289 4192.3038
4094.4249 4036.1361
3943.8535 3888.1454
3801.0427 3747.8047
3665.4999 3614.6255
3536.7679 3488.1543
3414.4227 3367.9706
3298.0707 3253.6842
3187.3462 3144.9326
3081.9093 3041.3792
2981.444 2942.711
2885.6563 2848.6374
2794.2724 2758.8875
7302.4389 7169.9444
6961.9986 6836.9833
6642.304 6524.1048
6341.9486 6229.9976
6059.6129 5953.4209
5794.0577 5693.2051
5544.134 5448.2526
5308.7688 5217.5358
5086.9658 5000.0946
4877.7996 4795.0345
4680.4124 4601.5226
4494.0103 4418.7849
4317.8566 4246.1023
4151.2679 4082.8074
3993.612 3928.2812
3844.3051 3781.9493
3702.8055 3643.2794
3568.6105 3511.7777
3441.2549 3386.9863
3320.3071 3268.4805
3205.3671 3155.8663
3096.0638 3048.7778
2992.0523 2946.8755
2893.0124 2849.8439
2798.6463 2757.3901
2708.6772 2669.2412
2622.8475 2585.1439
6942.7882 6801.7491
6618.2045 6485.8887
6313.5395 6189.0793
6027.4234 5910.077
5758.5734 5647.7046
5505.7875 5400.8528
5267.9534 5168.4804
5044.034 4949.6124
4833.0681 4743.3382
4634.164 4548.809
4446.4963 4365.2351
4269.3024 4191.8819
4101.8749 4028.0674
3943.5588 3873.1584
3793.7483 3726.5678
3651.8847 3587.7508
3517.45 3456.2021
3389.964 3331.4536
3268.9822 3213.0707
3154.093 3100.6506
3044.9149 2993.8194
2941.0939 2892.2302
2842.3016 2795.5608
2748.233 2703.5121
2658.6046 2615.8059
2573.153 2532.1836
2491.633 2452.4048
6574.287 6423.6315
6265.917 6125.3319
5976.6178 5845.024
5705.0578 5581.533
5449.993 5333.7473
5210.2599 5100.6194
4984.7841 4881.1656
4772.5656 4674.4654
4572.6792 4479.6588
4384.2679 4295.9443
4206.5396 4122.5759
4038.7633 3958.86
3880.2621 3804.1525
3730.4093 3657.8554
3588.6263 3519.4141
3454.3801 3388.3143
3327.177 3264.0787
3206.5593 3146.2652
3092.1041 3034.4634
2983.4196 2928.2929
2880.1433 2827.4006
2781.9389 2731.4588
2688.4945 2640.1635
2599.5207 2553.2318
2514.7484 2470.4012
2433.928 2391.4276
2356.827 2316.0836
6102.1519 5931.8228
5814.6156 5656.3634
5545.0009 5397.5178
5292.0404 5154.2016
5054.5519 4925.388
4831.431 4710.1098
4621.6603 4507.4587
4424.2937 4316.5845
4238.4573 4136.6934
4063.3427 3967.0451
3898.2033 3806.9507
3742.3514 3655.7697
3595.1503 3512.9073
3456.0115 3377.8113
3324.3921 3249.9696
3199.7923 3128.9072
3081.7498 3014.1834
2969.8361 2905.39
2863.6555 2802.1481
2762.8421 2704.1062
2667.057 2610.9385
2575.9864 2522.3422
2489.3392 2438.0366
2406.8454 2357.7605
2328.2544 2281.2716
2253.3333 2208.3443
2181.8658 2138.7688
5514.1513 5311.0071
5252.6274 5064.3782
5007.5273 4832.6243
4777.6788 4614.7742
4561.9896 4409.9089
4359.4398 4217.162
4169.0914 4035.7209
3990.0722 3864.824
3821.5778 3703.7604
3662.8646 3551.8677
3513.2462 3408.5287
3372.0912 3273.1703
3238.8155 3145.2597
3112.8792 3024.3028
2993.7848 2909.8409
2881.0749 2801.4487
2774.3263 2698.7319
2673.1471 2601.3247
2577.1757 2508.8879
2486.0779 2421.107
2399.5442 2337.69
2317.2882 2258.366
2239.0448 2182.8836
2164.5676 2111.0091
2093.6282 2042.5253
2026.0149 1977.2304
1961.5304 1914.9365
4896.0575 4653.5098
4661.8732 4437.4141
4442.5105 4234.352
4236.9042 4043.4722
4044.0625 3863.9694
3863.0588 3695.0849
3693.0423 3536.1063
3533.222 3386.3666
3382.8685 3245.2428
3241.3082 3112.1544
3107.9197 2986.5609
2982.1317 2867.9599
2863.416 2755.8847
2751.2845 2649.9023
2645.2876 2549.6108
2545.0126 2454.6376
2450.0777 2364.637
2360.1295 2279.2888
2274.8419 2198.2956
2193.9139 2121.3819
2117.067 2048.2919
2044.0435 1978.7882
1974.6048 1912.6504
1908.5295 1849.6739
1845.6124 1789.6683
1785.6633 1732.4568
1728.5051 1677.8749
4371.1991 4094.8888
4160.1626 3904.7346
3962.6012 3726.0491
3777.5389 3558.0836
3604.0668 3400.1294
3441.3358 3251.5187
3288.5678 3111.6247
3145.0394 2979.8605
3010.0843 2855.678
2883.087 2738.5661
2763.4807 2628.0494
2650.7446 2523.6858
2544.3974 2425.0646
2443.9946 2331.8047
2349.1269 2243.5526
2259.4195 2159.9804
2174.5253 2080.7838
2094.1232 2005.6811
2017.9175 1934.4106
1945.635 1866.7299
1877.0234 1802.4138
1811.8493 1741.2536
1749.8965 1683.0552
1690.9649 1627.6385
1634.8689 1574.8361
1581.4365 1524.4924
1530.5078 1476.4626
4007.2676 3711.534
3812.19 3539.1822
3629.6963 3377.2255
3458.8631 3224.985
3298.8321 3081.8186
3148.8019 2947.1209
3008.0395 2820.3238
2875.8644 2700.8954
2751.6505 2588.3388
2634.8202 2482.1909
2524.8422 2382.0207
2421.229 2287.4275
2323.5304 2198.0392
2231.331 2113.5102
2144.2489 2033.5201
2061.9345 1957.7717
1984.0647 1885.9894
1910.3405 1817.9177
1840.4868 1753.3194
1774.25 1691.9748
1711.3956 1633.6798
1651.7072 1578.2452
1594.9844 1525.4952
1541.0417 1475.2665
1489.7072 1427.4074
1440.8218 1381.7767
1394.2377 1338.2432
3765.0329 3462.1701
3580.4939 3301.3985
3407.9937 3150.3234
3246.6337 3008.3118
3095.5808 2874.7644
2954.0581 2749.1169
2821.3572 2630.839
2696.8212 2519.4347
2579.8467 2414.4406
2469.8784 2315.4245
2366.4059 2221.9845
2268.9618 2133.7468
2177.1152 2050.3642
2090.4689 1971.5145
2008.6581 1896.8988
1931.3496 1826.2398
1858.2354 1759.2803
1789.0312 1695.7821
1723.4756 1635.524
1661.3274 1578.3009
1602.3645 1523.9226
1546.3816 1472.2125
1493.189 1423.0066
1442.611 1376.1525
1394.4854 1331.5089
1348.6615 1288.944
1304.9999 1248.3354
3532.5665 3223.0181
3358.1442 3073.3525
3195.2343 2932.7136
3042.9634 2800.5119
2900.5228 2676.1898
2767.16 2559.2216
2642.1905 2449.1141
2524.9801 2345.4053
2414.948 2247.6638
2311.56 2155.4874
2214.326 2068.502
2122.7982 1986.3594
2036.564 1908.7365
1955.2437 1835.3334
1878.489 1765.8718
1805.9822 1700.0936
1737.4303 1637.7595
1672.5626 1578.6474
1611.1307 1522.5516
1552.9059 1469.2813
1497.6774 1418.6592
1445.2508 1370.5209
1395.4465 1324.7139
1348.0984 1281.0964
1303.0531 1239.5365
1260.1684 1199.9117
1219.3127 1162.1081
3224.9952 2898.0182
3064.0702 2763.4447
2913.89 2636.9876
2773.6293 2518.1169
2642.525 2406.3313
2519.8675 2301.158
2405.0122 2202.1536
2297.3629 2108.9026
2196.3739 2021.0172
2101.5437 1938.1358
2012.4133 1859.9218
1928.5633 1786.0624
1849.6078 1716.2669
1775.1921 1650.2657
1704.991 1587.8085
1638.7084 1528.6632
1576.0713 1472.6147
1516.8279 1419.4633
1460.7472 1369.0241
1407.6167 1321.1254
1357.2408 1275.6079
1309.4392 1232.3237
1264.0456 1191.1358
1220.9062 1151.9165
1179.879 1114.5473
1140.8326 1078.9182
1103.6454 1044.9266
2881.7924 2530.3268
2735.977 2412.8279
2600.0127 2302.4156
2473.1361 2198.6271
2354.6415 2101.0247
2243.8726 2009.1957
2140.2344 1922.7528
2043.1763 1841.3333
1952.1952 1764.5987
1866.8288 1692.2331
1786.6542 1623.9427
1711.2858 1559.4544
1640.3685 1498.5144
1573.5764 1440.8872
1510.6109 1386.3544
1451.2004 1334.7133
1395.0948 1285.7761
1342.0632 1239.3684
1291.8943 1195.3288
1244.3938 1153.5073
1199.383 1113.7649
1156.6972 1075.9726
1116.1847 1040.0104
1077.7052 1005.7671
1041.1294 973.13922
1006.3379 942.03061
973.21975 912.35175
2601.2339 2231.451
2467.7539 2127.8309
2343.4047 2030.4604
2227.4711 1938.9313
2119.2928 1852.8576
2018.2554 1771.8753
1923.8032 1695.643
1835.4222 1623.8408
1752.6428 1556.17
1675.0344 1492.352
1602.203 1432.128
1533.79 1375.2568
1469.4656 1321.5149
1408.9267 1270.6945
1351.8965 1222.6029
1298.1233 1177.0615
1247.3755 1133.9046
1199.4393 1092.9785
1154.1195 1054.1407
1111.2366 1017.259
1070.6255 982.21091
1032.1346 948.88247
995.6239 917.16804
960.96447 886.96947
928.03724 858.19551
896.73241 830.76136
866.94829 804.58808
2411.2584 2034.7112
2286.1179 1940.2274
2169.647 1851.4419
2061.1573 1767.983
1960.014 1689.4983
1865.6272 1615.6562
1777.4643 1546.1451
1695.0332 1480.6735
1617.885 1418.969
1545.6085 1360.7778
1477.828 1305.8636
1414.2021 1254.0067
1354.4167 1205.0031
1298.1841 1158.6634
1245.2414 1114.8119
1195.35 1073.2858
1148.2907 1033.9339
1103.8613 996.61608
1061.8771 961.2025
1022.1688 927.57259
984.58077 895.61452
948.96998 865.2245
915.20486 836.30621
883.16404 808.77011
852.73566 782.53304
823.81666 757.51763
796.31163 733.65193
2244.3697 1863.6159
2126.577 1777.0771
2017.0492 1695.7575
1915.121 1619.3164
1820.1799 1547.4314
1731.6572 1479.7986
1649.0406 1416.1327
1571.8569 1356.1665
1499.6752 1299.6507
1432.1014 1246.3527
1368.7758 1196.0561
1309.3718 1148.5598
1253.5896 1103.6768
1201.1546 1061.2337
1151.8163 1021.0697
1105.3478 983.0354
1061.5403 946.99254
1020.2021 912.81277
981.15795 880.37707
944.24724 849.57504
909.32271 820.30428
876.24913 792.46973
844.90215 765.98314
815.16717 740.76252
786.93871 716.73168
760.11963 693.81978
734.62011 671.96092
2045.0371 1653.5537
1936.0623 1576.7693
1834.8335 1504.6158
1740.7208 1436.7909
1653.1443 1373.0086
1571.5661 1312.9991
1495.5023 1256.5094
1424.5062 1203.3024
1358.1714 1153.1569
1296.1265 1105.8666
1238.0328 1061.2394
1183.5831 1019.0968
1132.4958 979.27297
1084.513 941.61405
1039.3994 905.97725
996.94268 872.23015
956.9474 840.24998
919.23399 809.92288
883.63869 781.14327
850.01161 753.81319
818.21532 727.84178
788.1238 703.14469
759.62122 679.64361
732.60095 657.26581
706.96493 635.94369
682.62295 615.61438
659.49161 596.2194
1852.4171 1449.6011
1751.9863 1382.2877
1658.7898 1319.0341
1572.2335 1259.5751
1491.7712 1203.6599
1416.8958 1151.0523
1347.1522 1101.5302
1282.1203 1054.886
1221.4183 1010.9256
1164.6973 969.46816
1111.6394 930.3453
1061.9571 893.40058
1015.3862 858.48865
971.68549 825.4746
930.63495 794.23327
892.03612 764.64859
855.70662 736.6129
821.47889 710.0264
789.20029 684.79651
758.73125 660.83736
729.94391 638.06931
702.72112 616.4184
676.95532 595.81598
652.54755 576.1983
629.40688 557.50607
607.44975 539.6842
586.59896 522.68142
1708.9879 1302.2177
1614.9621 1241.748
1527.7965 1184.9254
1446.9217 1131.5117
1371.8144 1081.2815
1301.9895 1034.0226
1237.0119 989.53556
1176.4802 947.63377
1120.0303 908.14293
1067.3295 870.90058
1018.0753 835.75549
971.99379 802.56705
928.83421 771.20473
888.36718 741.54731
850.38408 713.48238
814.69681 686.90564
781.13268 661.72041
749.53313 637.83702
719.75389 615.1723
691.66316 593.64913
665.14031 573.19595
640.07493 553.74632
616.36573 535.23859
593.91959 517.61547
572.65102 500.82372
552.48157 484.81383
533.33878 469.53976
1582.2675 1173.668
1493.9445 1119.1678
1412.1466 1067.9546
1336.3266 1019.8138
1265.982 974.5422
1200.647 931.9485
1139.9048 891.85307
1083.3711 854.08768
1030.6974 818.49526
981.56573 784.92933
935.68705 753.25361
892.80019 723.34142
852.66602 695.07506
815.06602 668.34531
779.80167 643.05083
746.69419 619.09765
715.57956 596.3986
686.30729 574.87287
658.74058 554.44552
632.75458 535.04703
608.23515 516.61289
585.07787 499.08324
563.18707 482.40251
542.47485 466.51906
522.86061 451.38491
504.2704 436.95545
486.63603 423.18916
1447.8322 1034.6744
1365.572 986.62856
1289.4677 941.48044
1218.9982 899.04083
1153.6856 859.13065
1093.0869 821.58121
1036.8061 786.23416
984.47844 752.9412
935.77323 721.56386
890.38907 691.97304
848.05216 664.04858
808.51529 637.67879
771.55228 612.75993
736.95656 589.1957
704.54058 566.89676
674.13572 545.78027
645.58732 525.76939
618.75354 506.79289
593.50559 488.78468
569.72606 471.68348
547.30765 455.43243
526.15231 439.97876
506.17028 425.27347
487.27915 411.27105
469.40342 397.92918
452.47388 385.20855
436.42676 373.07256
1331.6741 916.55253
1254.7029 873.99174
1183.5639 833.99786
1117.759 796.40327
1056.8318 761.04936
1000.3591 727.78672
947.96349 696.47503
899.29709 666.98293
854.045 639.18775
811.9203 612.97512
772.66259 588.23863
736.03697 564.87932
701.82859 542.80529
669.8414 521.93124
639.89755 502.17803
611.83728 483.47227
585.51417 465.74591
560.79401 448.93583
537.55505 432.9835
515.68637 417.83464
495.08672 403.43887
475.66365 389.74944
457.33257 376.72296
440.01589 364.3191
423.64257 352.50039
408.1476 341.23199
393.47107 330.48148
1233.4392 819.32083
1161.0064 781.27506
1094.1266 745.52388
1032.3215 711.91746
975.15293 680.31405
922.21512 650.58005
873.14633 622.59005
827.61348 596.2266
785.31522 571.38005
745.97719 547.94818
709.35052 525.83585
675.21095 504.9546
643.35349 485.22227
613.59116 466.56263
585.75449 448.90493
559.69143 432.18357
535.26267 416.3377
512.34062 401.31091
490.80962 387.05087
470.56439 373.50907
451.50891 360.64047
433.55557 348.40328
416.62428 336.7587
400.64162 325.6707
385.54044 315.10577
371.25933 305.03277
357.74172 295.42272
1137.135 723.44203
1069.1745 689.84859
1006.4856 658.28118
948.61071 628.6075
895.13085 600.7024
845.65805 574.44795
799.84694 549.73339
757.37958 526.45505
717.96852 504.5161
681.35221 483.82628
647.29355 464.30157
615.57907 445.86389
586.01373 428.44068
558.41971 411.96463
532.63595 396.37327
508.51814 381.60867
485.93408 367.61712
464.76274 354.34879
444.89454 341.7575
426.22979 329.80039
408.67764 318.4377
392.15524 307.63253
376.58695 297.35063
361.90343 287.56016
348.04135 278.23156
334.94281 269.33732
322.55455 260.85187
1051.7472 640.1749
987.80996 610.44799
928.88799 582.51394
874.5426 556.2557
824.37248 531.56248
778.00605 508.3299
735.11294 486.45996
695.38914 465.86093
658.55999 446.44713
624.37566 428.13868
592.60987 410.86124
563.05901 394.54571
535.53715 379.12789
509.87484 364.54821
485.91874 350.75139
463.53154 337.68618
442.58756 325.30503
422.97175 313.56387
404.58006 302.42181
387.31787 291.84095
371.09903 281.78609
355.84503 272.22458
341.48423 263.12611
327.95103 254.46251
315.18552 246.20762
303.133 238.33709
291.74317 230.8283
975.48295 567.50881
915.19918 541.15618
859.69418 516.3929
808.547 493.11521
761.37277 471.22491
717.81525 450.62945
677.5581 431.24198
640.31025 412.98115
605.8089 395.77101
573.81517 379.54076
544.11279 364.22449
516.50731 349.76094
490.82124 336.0932
466.89288 323.16847
444.57599 310.93773
423.73977 299.35555
404.26452 288.37979
386.04071 277.97137
368.96936 268.09405
352.96054 258.71421
337.93238 249.80068
323.81038 241.32449
310.52655 233.25878
298.01871 225.57859
286.23008 218.26071
275.10888 211.28356
264.60753 204.62709
904.1635 500.23077
847.33654 477.00225
795.06056 455.17466
746.93203 434.65653
702.58221 415.36132
661.66989 397.20745
623.8924 380.11836
588.9713 364.02235
556.65541 348.85248
526.71643 334.54632
498.94784 321.04579
473.16405 308.29689
449.19574 296.24946
426.8887 284.85694
406.10356 274.07615
386.71576 263.86705
368.61135 254.19249
351.6861 245.01801
335.84587 236.31165
321.00518 228.04379
307.08632 220.18695
294.01854 212.71562
281.73737 205.6061
270.18383 198.83639
259.30416 192.38604
249.04933 186.23603
239.3743 180.36868
840.60372 442.13654
786.92378 421.60566
737.58363 402.31302
692.1961 384.17777
650.40759 367.1234
611.89104 351.07784
576.35656 335.97339
543.53759 321.7467
513.19376 308.33857
485.10674 295.69386
459.07907 283.76124
434.93346 272.49296
412.50814 261.84467
391.6559 251.77524
372.24373 242.24648
354.15287 233.223
337.27468 224.67196
321.50987 216.56293
306.76879 208.86768
292.9701 201.56001
280.03984 194.61562
267.91079 188.01197
256.52167 181.72811
245.81648 175.7446
235.7442 170.04336
226.25831 164.60759
217.31615 159.42164
781.82855 389.46014
731.10676 371.37534
684.52254 354.38124
641.70466 338.40665
602.31425 323.38415
566.03796 309.25027
532.59835 295.94538
501.74033 283.41366
473.23401 271.60299
446.87065 260.46478
422.46156 249.9538
399.8374 240.02801
378.84375 230.64835
359.34009 221.77859
341.19953 213.38509
324.30883 205.43668
308.56448 197.90442
293.87184 190.76152
280.14556 183.98308
267.30823 177.54606
255.28948 171.42903
244.0254 165.61214
233.45776 160.07694
223.53338 154.80631
214.20382 149.78432
205.42496 144.99617
197.15633 140.42808
728.47253 343.17901
680.49662 327.24329
636.46682 312.26867
596.02718 298.19241
558.85302 284.95511
524.64415 272.50082
493.13504 260.77701
464.08159 249.73449
437.26396 239.32734
412.48256 229.51272
389.55707 220.25081
368.32574 211.50454
348.6411 203.23951
330.36901 195.42378
313.38837 188.02771
297.5912 181.02384
282.8788 174.38667
269.16098 168.09258
256.3564 162.11966
244.39136 156.44756
233.19891 151.05745
222.71821 145.9318
212.89391 141.05438
203.67546 136.41008
195.01683 131.98487
186.87614 127.76572
179.21498 123.74047
679.39278 301.86527
633.99621 287.84805
592.36235 274.67626
554.1501 262.29462
519.04853 250.65088
486.7703 239.6959
457.06143 229.38346
429.68847 219.6703
404.44127 210.51601
381.12911 201.88294
359.57972 193.73602
339.63869 186.04267
321.16524 178.77264
304.03133 171.89782
288.12144 165.39214
273.33263 159.23142
259.57079 153.39327
246.74997 147.8569
234.7927 142.60302
223.62879 137.61376
213.19452 132.87254
203.43201 128.36394
194.28861 124.07369
185.71627 119.98849
177.67125 116.09601
170.11378 112.38478
163.00739 108.84411
634.42461 265.41082
591.44865 253.08632
552.05968 241.50513
515.93117 230.6187
482.76555 220.38113
452.2879 210.74912
424.25539 201.68205
398.44492 193.14189
374.65571 185.09312
352.70561 177.50262
332.43014 170.33958
313.68189 163.57531
296.32654 157.18323
280.24196 151.13863
265.31795 145.4186
251.4564 140.00189
238.56761 134.86878
226.56968 130.001
215.38882 125.3816
204.95819 120.99487
195.21712 116.82621
186.11057 112.8621
177.58846 109.08995
169.60507 105.4981
162.11886 102.07569
155.09204 98.812644
148.48996 95.699563
592.96802 233.07873
552.27763 222.2556
515.00502 212.08522
480.83781 202.52498
449.49149 193.53454
420.70328 185.07589
394.24126 177.11337
369.89236 169.61357
347.46492 162.54529
326.78509 155.87945
307.69596 149.58899
290.05695 143.64875
273.73996 138.03536
258.62853 132.72711
244.61764 127.70389
231.6138 122.94703
219.53157 118.43924
208.29293 114.16445
197.82762 110.10779
188.07203 106.25544
178.96843 102.59461
170.46443 99.113402
162.51243 95.800778
155.06896 92.646485
148.09453 89.640995
141.55324 86.775447
135.4122 84.0416
554.71947 204.53653
516.19201 195.03877
480.91897 186.11385
448.60182 177.72434
418.96884 169.83485
391.76911 162.41202
366.78136 155.42457
343.80231 148.84317
322.64918 142.64045
303.15622 136.79089
285.17384 131.27074
268.56809 126.05793
253.21691 121.13194
239.00933 116.47372
225.84533 112.06563
213.63591 107.89128
202.2997 103.93549
191.76245 100.18418
181.95729 96.624282
172.82369 93.243684
164.30674 90.031145
156.35662 86.976233
148.92808 84.069261
141.9798 81.301232
135.47425 78.663784
129.37735 76.149142
123.65783 73.750073
519.30468 179.32977
482.83187 171.0025
449.45523 163.17746
418.88988 155.82185
390.87662 148.90464
365.1762 142.3966
341.57771 136.27027
319.88748 130.49996
299.93139 125.06166
281.55158 119.93299
264.60561 115.09314
248.96596 110.52274
234.51645 106.20382
221.15148 102.11967
208.77584 98.254829
197.30488 94.594925
186.6612 91.126645
176.77415 87.837642
167.58014 84.716462
159.02163 81.752486
151.04642 78.935857
143.60716 76.257429
136.66083 73.70871
130.16819 71.28181
124.09361 68.969399
118.40469 66.764659
113.07178 64.661248
486.42238 157.09357
451.90728 149.79885
420.33473 142.94409
391.43326 136.50055
364.95599 130.44106
340.67507 124.73999
318.38982 119.37331
297.91593 114.31849
279.08778 109.55452
261.75521 105.06178
245.78276 100.82205
231.0492 96.818363
217.44407 93.034966
204.86697 89.45724
193.22739 86.071621
182.44489 82.865529
172.44592 79.827301
163.16334 76.94612
154.53673 74.211954
146.51141 71.615497
139.0378 69.148119
132.07095 66.801804
125.56999 64.569115
119.49768 62.44314
113.82016 60.417458
108.50672 58.486096
103.52921 56.643499
455.80991 137.5051
423.16518 131.12003
393.31358 125.12003
365.99683 119.47995
340.98018 114.17601
318.04703 109.18582
297.00667 104.48831
277.68402 100.06378
259.92176 95.893835
243.57728 91.961306
228.52193 88.250224
214.64062 84.745747
201.82847 81.434099
189.99017 78.302484
179.03978 75.339021
168.90095 72.532701
159.50386 69.873313
150.78478 67.35139
142.68636 64.958149
135.15671 62.685448
128.14878 60.525729
121.61992 58.471979
115.53135 56.517687
109.84774 54.656802
104.53697 52.883704
99.569918 51.193165
94.91988 49.580324
427.23059 120.26494
396.37711 114.68047
368.17123 109.43276
342.36768 104.49981
318.74363 99.860868
297.09354 95.496326
277.23652 91.387777
259.0065 87.517983
242.25431 83.87085
226.84474 80.431367
212.65581 77.185559
199.57841 74.120446
187.51314 71.223995
176.36963 68.485013
166.06641 65.8931
156.53111 63.438626
147.69754 61.112663
139.50528 58.90693
131.89997 56.813745
124.83243 54.825987
118.25805 52.937046
112.1364 51.140788
106.43073 49.431518
101.10756 47.803945
96.136439 46.253151
91.489772 44.774565
87.142263 43.363937
400.47682 105.10439
371.3422 100.22384
344.71337 95.637628
320.35788 91.326541
298.0646 87.272401
277.63884 83.458073
258.90934 79.867464
241.7189 76.48551
225.92633 73.298147
211.40365 70.29226
198.03544 67.455642
185.71843 64.776949
174.35855 62.245644
163.87025 59.851947
154.17644 57.586781
145.20862 55.441729
136.90415 53.408986
129.20582 51.481316
122.06219 49.652007
115.42667 47.914834
109.25706 46.264021
103.51508 44.694207
98.165934 43.200415
93.177916 41.77802
88.522223 40.422726
84.172716 39.130538
80.10545 37.897739
375.36975 91.786404
347.88735 87.524238
322.77244 83.519138
299.80521 79.754326
278.78602 76.213904
259.53085 72.882907
241.87792 69.747281
225.67869 66.79387
210.7998 64.010391
197.12037 61.385395
184.53137 58.908225
172.93526 56.568972
162.24317 54.358425
152.37427 52.268043
143.25572 50.289907
134.82282 48.416664
127.01637 46.6415
119.78231 44.958094
113.072 43.360586
106.84142 41.843538
101.05068 40.401908
95.663567 39.031013
90.647216 37.726506
85.971634 36.484349
81.609591 35.300792
77.536372 34.172343
73.729333 33.095758
351.75422 80.097947
325.86172 76.378542
302.20189 72.883467
280.5673 69.598081
260.76965 66.508509
242.63539 63.601693
226.01201 60.865369
210.75948 58.288056
196.75211 55.859036
183.87593 53.568317
172.02818 51.406599
161.11692 49.365235
151.05836 47.436187
141.77627 45.612001
133.20199 43.885768
125.27448 42.251071
117.9379 40.701962
111.14126 39.232927
104.83865 37.838852
98.988558 36.51499
93.553303 35.256942
88.498735 34.060622
83.793811 32.922235
79.410221 31.838259
75.322253 30.80542
71.506571 29.820672
67.941792 28.881183
329.49528 69.848655
305.13381 66.605195
282.87365 63.557353
262.51953 60.692358
243.8943 57.998122
226.83463 55.463255
211.19712 53.077064
196.85005 50.829539
183.67522 48.711331
171.56543 46.713727
160.42403 44.828616
150.16455 43.048456
140.70814 41.366243
131.98311 39.775477
123.9248 38.270128
116.47577 36.844603
109.58348 35.493715
103.19988 34.212654
97.281765 32.996961
91.790003 31.842498
86.689106 30.745426
81.946897 29.702184
77.534119 28.709463
73.424087 27.76419
69.59256 26.86351
66.017538 26.004768
62.678856 25.185493
308.47559 60.869032
285.58914 58.042554
264.67613 55.386541
245.55323 52.889863
228.05417 50.541989
212.02567 48.332996
197.33319 46.253567
183.85314 44.294977
171.47463 42.44908
160.09708 40.708281
149.62977 39.065512
139.99157 37.514202
131.10848 36.04825
122.91316 34.661988
115.3449 33.350162
108.34977 32.107898
101.87839 30.930676
95.885629 29.814304
90.330853 28.754897
85.177288 27.748848
80.391561 26.792812
75.943409 25.883685
71.805309 25.018585
67.952151 24.194833
64.361121 23.409942
61.011512 22.661597
57.884338 21.947645
288.59601 53.008339
267.13052 50.546877
247.51416 48.233866
229.5753 46.059611
213.15831 44.014943
198.11969 42.091221
184.33356 40.28033
171.68427 38.574674
160.06802 36.967158
149.39068 35.451167
139.56732 34.020546
130.522 32.669574
122.1854 31.392937
114.49447 30.1857
107.39231 29.043284
100.82839 27.961446
94.756432 26.936251
89.134095 25.964049
83.923286 25.041454
79.089499 24.165327
74.601417 23.332754
70.430632 22.541033
66.551305 21.787652
62.939852 21.07028
59.57484 20.38675
56.436815 19.735047
53.507932 19.113295
269.77281 46.132705
249.67541 43.990515
231.30654 41.97752
214.50597 40.085285
199.12843 38.30583
185.03998 36.631631
172.12315 35.055629
160.26998 33.571212
149.3836 32.172205
139.37612 30.852851
130.16825 29.607795
121.68907 28.432056
113.87383 27.321011
106.6636 26.270364
100.00521 25.276129
93.851413 24.334615
88.158932 23.442397
82.888159 22.596298
78.00344 21.793372
73.472476 21.030886
69.265941 20.306306
65.357226 19.617278
61.722119 18.961617
58.338514 18.337295
55.186319 17.742424
52.247288 17.175252
49.504679 16.634148
251.93291 40.12343
233.15173 38.260281
215.98228 36.5095
200.27543 34.863749
185.896 33.316088
172.71934 31.859973
160.63612 30.489263
149.54587 29.198208
139.35841 27.981437
129.99191 26.833944
121.37254 25.751071
113.43423 24.728485
106.11666 23.762165
99.364894 22.848375
93.129359 21.983651
87.366006 21.16478
82.034449 20.388784
77.097722 19.652899
72.522538 18.954563
68.27873 18.291399
64.338899 17.661203
60.678178 17.061929
57.273927 16.491675
54.105472 15.948678
51.154013 15.431296
48.402474 14.938005
45.835181 14.467385
235.01287 34.875384
217.49679 33.25593
201.47954 31.734146
186.82282 30.303657
173.40122 28.958427
161.09907 27.692769
149.81495 26.501346
139.45562 25.379158
129.93737 24.321539
121.18422 23.324136
113.12762 22.382901
105.70617 21.494066
98.863843 20.654135
92.549556 19.859865
86.717209 19.108245
81.325833 18.396481
76.337844 17.721983
71.718824 17.08235
67.437772 16.475355
63.46658 15.898932
59.77971 15.351165
56.353975 14.830274
53.168259 14.334609
50.203265 13.862635
47.441445 13.412926
44.866851 12.984156
42.464839 12.575093
218.96075 30.29554
202.65891 28.888754
187.74707 27.566812
174.0974 26.324176
161.59394 25.155602
150.12973 24.056152
139.61095 23.021187
129.95134 22.046365
121.07344 21.127633
112.90691 20.261211
105.38825 19.443579
98.460599 18.671464
92.072032 17.941829
86.175192 17.251859
80.727324 16.598942
75.690419 15.980648
71.029594 15.394725
66.712885 14.83909
62.711492 14.311806
58.999294 13.811079
55.552545 13.335245
52.349678 12.882758
49.371041 12.452184
46.59867 12.042189
44.016219 11.651536
41.608831 11.279073
39.362852 10.923728
203.73281 26.301698
188.5944 25.080369
174.74135 23.932698
162.05593 22.853878
150.43132 21.839357
139.76891 20.884847
129.98224 19.986321
120.99175 19.140011
112.72596 18.342394
105.11997 17.590192
98.115135 16.880349
91.658948 16.210019
85.703417 15.576567
80.204764 14.977553
75.12344 14.41071
70.424284 13.873926
66.075005 13.365245
62.045995 12.882858
58.310572 12.425086
54.844518 11.99037
51.625814 11.577265
48.634446 11.184429
45.852175 10.810617
43.262315 10.454672
40.849678 10.115519
38.600454 9.792157
36.501943 9.483657
189.29016 22.821327
175.26443 21.76161
162.42373 20.765806
150.66005 19.829741
139.87534 18.949467
129.97905 18.121262
120.89174 17.341634
112.54029 16.607311
104.85898 15.91524
97.788066 15.262573
91.273587 14.646659
85.267186 14.06503
79.724648 13.515398
74.605611 12.995647
69.873599 12.503811
65.496174 12.038057
61.443527 11.596688
57.688308 11.178133
54.205859 10.780935
50.973792 10.403743
47.971737 10.045302
45.181174 9.7044481
42.585215 9.3801009
40.168402 9.0712563
37.916657 8.7769813
35.817174 8.4964084
33.858172 8.2287307
175.59837 19.79049
162.63466 18.871512
150.76005 18.007958
139.87587 17.196209
129.89248 16.432842
120.72702 15.714629
112.30679 15.038541
104.5648 14.401741
97.440828 13.801582
90.880093 13.235594
84.833072 12.701478
79.255376 12.197093
74.106389 11.720457
69.349011 11.269733
64.949696 10.843217
60.878606 10.439318
57.108297 10.056566
53.613579 9.6935978
50.371724 9.3491509
47.362093 9.0220524
44.565893 8.7112149
41.966031 8.4156289
39.546911 8.1343573
37.29425 7.8665294
35.195033 7.6113363
33.237416 7.3680254
31.410496 7.1358969
162.62906 17.152872
150.67664 16.356373
139.72194 15.607911
129.67518 14.904349
120.45473 14.242721
111.98508 13.620229
104.19993 13.034248
97.038173 12.48232
90.444786 11.962147
84.369714 11.471592
78.76766 11.008662
73.598013 10.571501
68.823576 10.158392
64.410352 9.7677403
60.327581 9.3980687
56.547895 9.0480001
53.046106 8.7162597
49.799073 8.4016673
46.785911 8.1031272
43.987642 7.8196233
41.386978 7.5502133
38.968186 7.2940221
36.7169 7.0502375
34.619959 6.8181049
32.665364 6.5969231
30.842186 6.3860397
29.140363 6.1848483
150.35729 14.858932
139.36541 14.168953
129.28451 13.520586
120.03324 12.911115
111.53758 12.33797
103.72897 11.798727
96.547221 11.291112
89.936752 10.812995
83.847519 10.362388
78.233932 9.9374374
73.054711 9.5364168
68.272818 9.1577211
63.854303 8.799861
59.768109 8.4614551
55.986117 8.1412216
52.483303 7.8379692
49.236614 7.5505942
46.224855 7.2780737
43.428889 7.0194589
40.831315 6.7738694
38.416273 6.5404888
36.169322 6.3185593
34.077267 6.1073772
32.128011 5.9062888
30.310521 5.7146868
28.614744 5.5320057
27.031414 5.3577205
138.75955 12.865141
128.67762 12.267745
119.42466 11.706376
110.92723 11.178685
103.11852 10.682445
95.93652 10.215558
89.326812 9.7760556
83.239063 9.3620933
77.627914 8.9719495
72.452007 8.6040189
67.673854 8.2568077
63.259798 7.928927
59.178956 7.6190867
55.403048 7.3260898
51.906453 7.0488256
48.666358 6.7862639
45.661731 6.5374492
42.873217 6.3014958
40.283331 6.0775821
37.876163 5.8649461
35.637205 5.6628809
33.553237 5.4707301
31.612176 5.2878846
29.802933 5.1137785
28.115392 4.9478858
26.540327 4.7897171
25.06923 4.6388175
127.81388 11.13329
118.59159 10.616312
110.12101 10.130513
102.33616 9.6738574
95.17693 9.2444191
88.587516 8.8403827
82.518898 8.4600441
76.925692 8.1018077
71.766956 7.7641834
67.005314 7.4457822
62.60685 7.1453112
58.541094 6.8615689
54.780049 6.5934388
51.298055 6.3398845
48.07184 6.0999444
45.080677 5.8727276
42.305434 5.6574073
39.728489 5.4532169
37.333915 5.2594454
35.107209 5.0754336
33.035137 4.9005695
31.105632 4.7342853
29.307658 4.5760537
27.631082 4.425385
26.066649 4.2818241
24.605922 4.1449474
23.241107 4.0143613
117.50134 9.6298567
109.08851 9.1826913
101.35502 8.7624941
94.24177 8.3675053
87.69492 7.9960581
81.664433 7.6465827
76.106343 7.3176049
70.97989 7.0077446
66.248271 6.715713
61.877843 6.4403085
57.838045 6.1804131
54.10139 5.9349873
50.642598 5.7030654
47.438461 5.483751
44.467918 5.2762124
41.712196 5.0796789
39.153949 4.8934354
36.777186 4.7168185
34.567438 4.5492138
32.511527 4.3900509
30.597414 4.2388003
28.81412 4.094971
27.151593 3.958107
25.600597 3.8277845
24.152693 3.70361
22.800182 3.5852171
21.53595 3.4722653
107.80372 8.3254682
100.15046 7.9388724
93.109133 7.5755923
86.626946 7.2341058
80.655826 6.9129722
75.151068 6.6108342
70.073395 6.3264174
65.386345 6.0585285
61.056968 5.8060534
57.055104 5.5679532
53.353323 5.3432614
49.926931 5.131079
46.75318 4.9305714
43.811164 4.7409636
41.081888 4.5615367
38.54841 4.3916242
36.195053 4.2306078
34.007351 4.0779141
31.972207 3.9330118
30.077678 3.7954079
28.31285 3.6646447
26.667758 3.5402974
25.133275 3.4219719
23.701008 3.309302
22.363284 3.2019472
21.113096 3.099591
19.943965 3.001939
98.702286 7.1944109
91.759366 6.8603361
85.3659 6.5464096
79.474854 6.2513159
74.043419 5.9738101
69.03178 5.7127193
64.404969 5.466942
60.130497 5.2354473
56.17898 5.0172722
52.52349 4.8115193
49.139508 4.6173529
46.004938 4.4339965
43.099394 4.2607287
40.404115 4.09688
37.902032 3.9418291
35.577909 3.7950001
33.417631 3.6558587
31.408155 3.5239091
29.53766 3.3986926
27.795361 3.2797829
26.17139 3.1667845
24.656734 3.0593305
23.243127 2.9570801
21.922966 2.859717
20.689291 2.7669469
19.535746 2.6784964
18.45645 2.594111
90.178335 6.2141916
83.897341 5.9256337
78.108232 5.654479
72.769155 5.3995912
67.842067 5.1598949
63.291599 4.9343771
59.086722 4.7220864
55.198587 4.5221323
51.601091 4.3336831
48.270291 4.1559634
45.18436 3.9882515
42.323606 3.8298769
39.669839 3.6802164
37.206285 3.5386915
34.917669 3.404766
32.790341 3.2779421
30.811637 3.1577582
28.969835 3.0437865
27.254307 2.9356304
25.655341 2.8329218
24.164046 2.7353192
22.772292 2.6425055
21.472618 2.5541865
20.258153 2.4700888
19.122607 2.3899584
18.060227 2.313559
17.065689 2.240671
82.215031 5.365145
76.548264 5.116013
71.320666 4.8819064
66.495015 4.661844
62.037544 4.4548976
57.916898 4.2601925
54.105605 4.0769072
50.578125 3.904273
47.311349 3.7415717
44.284061 3.5881339
41.476906 3.4433363
38.872408 3.3066004
36.454395 3.1773881
34.207935 3.0551999
32.119408 2.9395727
30.176634 2.8300767
28.368291 2.7263136
26.683887 2.627914
25.113895 2.5345353
23.649601 2.4458598
22.28302 2.3615926
21.006841 2.2814601
19.814351 2.2052081
18.699359 2.1326007
17.656196 2.0634185
16.679672 1.9974577
15.764979 1.9345283
74.794766 4.6300977
69.695525 4.415098
64.98748 4.213065
60.637526 4.0231522
56.615708 3.8445585
52.89425 3.6765288
49.448872 3.5183544
46.257007 3.3693719
43.29825 3.2289615
40.553859 3.0965452
38.00673 2.9715853
35.641408 2.8535829
33.443572 2.7420733
31.39998 2.6366254
29.498536 2.5368397
27.728414 2.4423451
26.079532 2.352798
24.542532 2.2678796
23.108906 2.1872942
21.770865 2.1107676
20.521258 2.0380454
19.353534 1.9688914
18.261673 1.9030862
17.240114 1.8404263
16.28376 1.7807224
15.387947 1.7237985
14.548343 1.6694907
67.898338 3.9940651
63.321308 3.8085998
59.092078 3.6343201
55.181181 3.4704955
51.562028 3.3164351
48.210021 3.1714876
45.103704 3.0350416
42.223166 2.9065247
39.550417 2.7854024
37.068944 2.6711761
34.76367 2.5633818
32.620975 2.4615893
30.628224 2.3653978
28.773716 2.2744352
27.046752 2.188357
25.437748 2.106843
23.937762 2.0295969
22.538478 1.9563438
21.232329 1.8868284
20.012376 1.8208142
18.87224 1.7580818
17.806072 1.6984274
16.808486 1.6416618
15.874508 1.5876094
14.999569 1.536107
14.179486 1.4870027
13.410371 1.4401551
61.505736 3.4439813
57.407281 3.2840594
53.617577 3.1337825
50.11036 2.9925208
46.862002 2.8596784
43.850697 2.7346939
41.057481 2.61704
38.464787 2.5062232
36.05677 2.4017826
33.818901 2.3032881
31.737923 2.2103399
29.801865 2.1225669
27.999614 2.0396234
26.320872 1.9611887
24.756209 1.8869657
23.297175 1.8166783
21.93587 1.7500709
20.664936 1.6869066
19.477668 1.6269653
18.367906 1.5700429
17.329984 1.5159504
16.358695 1.4645119
15.449242 1.4155644
14.597183 1.3689564
13.798441 1.3245472
13.049275 1.2822057
12.346204 1.2418103
55.597654 2.9684599
51.935966 2.830619
48.548027 2.7010913
45.4104 2.5793341
42.502061 2.4648338
39.80366 2.3571064
37.298422 2.2556974
34.970838 2.1601814
32.806958 2.0701613
30.794007 1.9852664
28.920345 1.905152
27.17547 1.8294981
25.549635 1.7580069
24.0338 1.6904019
22.619683 1.6264271
21.299861 1.5658446
20.067381 1.5084339
18.915758 1.4539909
17.83907 1.4023259
16.831875 1.353263
15.889154 1.3066392
15.006293 1.262303
14.17903 1.2201139
13.403417 1.1799412
12.675824 1.1416637
11.992915 1.1051684
11.351588 1.0703505
50.153531 2.5575865
46.888857 2.4388247
43.866657 2.3272254
41.066002 2.2223211
38.468166 2.1236691
36.055963 2.0308526
33.814532 1.94348
31.730175 1.8611847
29.790599 1.7836245
27.984573 1.7104803
26.301881 1.6414549
24.733317 1.5762725
23.270346 1.5146766
21.905051 1.4564291
20.630177 1.4013092
19.439222 1.3491121
18.326087 1.2996479
17.285075 1.2527406
16.310981 1.2082267
15.39901 1.1659547
14.544736 1.1257843
13.744082 1.0875848
12.99328 1.0512352
12.288831 1.0166229
11.627513 0.98364353
11.006366 0.95219971
10.422628 0.92220102
45.151336 2.202735
42.246167 2.1004508
39.555613 2.0043354
37.060976 1.9139861
34.745565 1.8290216
32.5941 1.7490829
30.593403 1.6738329
28.731358 1.6029557
26.997118 1.5361566
25.380799 1.4731608
23.873428 1.4137124
22.466938 1.3575738
21.153858 1.304524
19.92726 1.2543581
18.780803 1.2068858
17.708803 1.1619308
16.70593 1.1193295
15.767193 1.0789303
14.888031 1.0405924
14.064237 1.0041855
13.291924 0.96958852
12.567503 0.93668902
11.887654 0.90538274
11.249288 0.87557278
10.649558 0.84716908
10.085842 0.82008792
9.5556927 0.79425139
40.568217 1.8964039
37.987446 1.8083443
35.596528 1.7255956
33.378762 1.6478111
31.319266 1.5746626
29.404446 1.5058409
27.622598 1.4410558
25.96299 1.3800354
24.416035 1.322526
22.973018 1.268291
21.626048 1.2171101
20.368046 1.1687786
19.192469 1.1231064
18.09326 1.079917
17.064878 1.0390466
16.102365 1.0003435
15.20107 0.96366671
14.356636 0.92888575
13.565079 0.89587952
12.822721 0.86453569
12.12616 0.83475003
11.472249 0.80642583
10.858075 0.77947327
10.28092 0.75380894
9.7382778 0.72935531
9.227836 0.70604028
8.7474324 0.6837968
36.381238 1.632073
34.092292 1.5562877
31.971219 1.485073
30.003104 1.4181306
28.174677 1.355178
26.473837 1.2959491
24.890184 1.2401941
23.414196 1.1876792
22.037389 1.1381858
20.752066 1.0915103
19.551276 1.0474634
18.428798 1.0058686
17.378897 0.96656246
16.396272 0.92939302
15.476085 0.89421941
14.614013 0.86091092
13.806003 0.82934638
13.048259 0.7994134
12.337309 0.77100776
11.669947 0.74403281
11.043205 0.71839884
10.454335 0.69402262
9.9007875 0.67082686
9.3801827 0.64873977
8.8903204 0.62769461
8.4291694 0.60762936
7.9948264 0.5884863
32.566938 1.4040801
30.539774 1.3388818
28.660986 1.2776155
26.91726 1.2200247
25.296765 1.1658663
23.78873 1.1149115
22.383906 1.0669453
21.073842 1.0217665
19.851021 0.9791871
18.708636 0.93903204
17.640554 0.90113824
16.641301 0.8653541
15.705841 0.83153885
14.829533 0.79956183
14.008146 0.76930183
13.237912 0.74064639
12.515298 0.71349128
11.837 0.68773981
11.199999 0.66330231
10.601506 0.64009564
10.038936 0.61804262
9.5098976 0.59707165
9.0121672 0.57711623
8.5436674 0.5581146
8.1024743 0.54000936
7.6868098 0.52274713
7.2950045 0.50627826
29.101535 1.2075113
27.308579 1.1514407
25.646717 1.0987517
24.104067 1.0492235
22.67009 1.0026473
21.335198 0.95882613
20.091169 0.91757515
18.9305 0.87872132
17.846526 0.84210304
16.833225 0.80756965
15.885177 0.77498093
14.997558 0.74420654
14.16594 0.7151254
13.386248 0.68762513
12.654779 0.66160149
11.968243 0.63695778
11.323559 0.61360435
10.71785 0.59145805
10.148491 0.57044177
9.6130581 0.550484
9.1093061 0.53151838
8.6351565 0.51348331
8.1886765 0.49632162
7.7680581 0.47998019
7.3716251 0.46440965
6.9978263 0.44956411
6.6452029 0.43540085
25.961303 1.0381041
24.377377 0.98989997
22.909234 0.94460302
21.54628 0.90202347
20.279126 0.86198168
19.099247 0.82430842
17.999335 0.78884477
16.972732 0.75544196
16.013529 0.72396106
15.116392 0.69427255
14.276531 0.66625587
13.489688 0.63979898
12.751959 0.61479779
12.059762 0.59115568
11.409848 0.56878303
10.799336 0.54759672
10.225537 0.52751965
9.6859408 0.50848037
9.1782638 0.49041257
8.7003998 0.47325477
8.2504001 0.45694993
7.8264616 0.44144509
7.4269076 0.42669109
7.0501687 0.41264228
6.6947891 0.3992562
6.3594205 0.38649341
6.0427925 0.37431718
23.122878 0.89216336
21.725124 0.85073601
20.4296 0.81180715
19.226862 0.77521366
18.108554 0.74080117
17.067098 0.70842421
16.096002 0.67794622
15.189358 0.64923935
14.34193 0.6221842
13.548994 0.59666944
12.806313 0.57259149
12.110121 0.54985404
11.456976 0.52836763
10.843723 0.50804924
10.267504 0.48882185
9.7257924 0.470614
9.2162342 0.45335947
8.7366381 0.43699681
8.2850135 0.42146906
7.8595294 0.40672338
7.4584939 0.39271074
7.080344 0.37938564
6.7236267 0.36670582
6.3869823 0.35463205
6.0691494 0.34312784
5.7689591 0.33215929
5.4853087 0.32169485
20.563427 0.76648732
19.331171 0.73089578
18.189154 0.69745076
17.128962 0.66601213
16.143161 0.63644726
15.225016 0.60863118
14.368767 0.58244656
13.569171 0.55778357
12.821588 0.53453962
12.121835 0.51261907
11.466163 0.49193293
10.851243 0.47239845
10.274035 0.45393878
9.7317555 0.4364826
9.221889 0.41996371
8.7422146 0.40432076
8.2906684 0.38949683
7.8653326 0.37543913
7.4644698 0.36209874
7.0864853 0.34943024
6.7299088 0.33739152
6.3933843 0.32594348
6.0756528 0.31504983
5.7755374 0.30467685
5.4919461 0.29479321
5.2238678 0.28536976
4.9703474 0.27637941
18.260838 0.65830332
17.175438 0.62773533
16.169675 0.59901089
15.236055 0.57200964
14.367966 0.54661768
13.559427 0.52272769
12.805324 0.50023888
12.10101 0.47905692
11.442372 0.45909371
10.82571 0.44026712
10.247705 0.4225007
9.7054151 0.40572339
9.1961543 0.38986919
8.7174672 0.37487683
8.2671368 0.36068948
7.8432083 0.34725443
7.4438686 0.3345228
7.0674361 0.32244925
6.7123908 0.31099176
6.3773407 0.30011134
6.061005 0.2897718
5.7622054 0.27993957
5.4798495 0.27058348
5.212918 0.26167458
4.960466 0.25318594
4.7216191 0.24509254
4.4955517 0.23737111
16.193857 0.56521111
15.238562 0.53896587
14.353532 0.51430348
13.532097 0.4911206
12.768378 0.46931943
12.057064 0.44880782
11.393616 0.42949924
10.773916 0.41131271
10.194322 0.39417258
9.6515581 0.37800833
9.1426911 0.36275433
8.6651208 0.34834956
8.2164755 0.33473736
7.794589 0.32186512
7.3975064 0.30968405
7.0235058 0.2981489
6.670992 0.28721768
6.3384877 0.2768515
6.0246596 0.26701425
5.7282893 0.25767245
5.4482582 0.24879506
5.1835395 0.24035324
4.9331834 0.23232022
4.6963053 0.22467114
4.4720868 0.2173829
4.2597719 0.21043401
4.0586471 0.20380449
14.342201 0.4851337
13.502007 0.46260688
12.7238 0.44143864
12.001644 0.42154029
11.330312 0.40282789
10.705091 0.38522234
10.121952 0.36864939
9.5772479 0.35303951
9.0677532 0.33832777
8.5905707 0.32445365
8.1431077 0.31136081
7.7230674 0.29899689
7.3283563 0.28731324
6.9570635 0.27626472
6.6074654 0.26580944
6.2780441 0.25590857
5.9673948 0.24652607
5.6742178 0.23762854
5.3973415 0.22918501
5.1356971 0.22116674
4.8883049 0.21354708
4.654268 0.20630127
4.4327584 0.19940635
4.223007 0.19284097
4.0243035 0.18658531
3.8359937 0.18062092
3.6574606 0.17493065
12.686694 0.41627544
11.948201 0.39694606
11.264381 0.37878243
10.629956 0.36170844
10.04028 0.34565206
9.4911706 0.33054543
8.9790559 0.31632482
8.5007032 0.30293058
8.0532585 0.29030701
7.6341596 0.27840216
7.2411157 0.2671677
6.8720984 0.25655869
6.5252604 0.2465334
6.1989163 0.23705309
5.8915465 0.22808182
5.6018129 0.21958625
5.3284778 0.21153548
5.0703969 0.20390085
4.8265394 0.19665577
4.5959662 0.1897756
4.3778179 0.18323745
4.171309 0.17702009
3.9757161 0.17110381
3.7903688 0.16547031
3.6146493 0.16010256
3.44799 0.15498473
3.2898568 0.15010212
11.209331 0.35708465
10.560588 0.34050381
9.9600623 0.32492294
9.4030588 0.31027677
8.8854523 0.29650352
8.403532 0.28354496
7.9541301 0.27134643
7.5343837 0.25985678
7.1417671 0.2490282
6.7740151 0.23881614
6.4291038 0.22917915
6.1052423 0.22007867
5.8008008 0.21147891
5.5142931 0.20334663
5.2443801 0.195651
4.9898823 0.18836345
4.7497093 0.18145744
4.5228538 0.17490839
4.3084085 0.16869351
4.1055479 0.16279165
3.9135168 0.15718317
3.7316262 0.15184987
3.5592426 0.14677484
3.3957799 0.14194238
3.2406995 0.13733787
3.0935074 0.13294776
2.9537399 0.12875941
0.00033614517 1520.3715
0.00034659019 1560.6416
0.00035731694 1596.2263
0.00036831709 1627.5875
0.00037958266 1655.1382
0.00039110605 1679.2479
0.00040288003 1700.248
0.00041489771 1718.4358
0.00042715256 1734.0786
0.0004396384 1747.4168
0.00045234935 1758.6671
0.00046527985 1768.0247
0.00047842465 1775.666
0.00049177875 1781.7503
0.00050533742 1786.4216
0.00051909621 1789.8105
0.00053305086 1792.0352
0.00054719735 1793.2029
0.00056153187 1793.4109
0.0005760508 1792.7476
0.0005907507 1791.2934
0.00060562829 1789.1215
0.00062068046 1786.2985
0.00063590426 1782.885
0.00065129686 1778.9364
0.00066685557 1774.5032
0.00068257783 1769.6315
5.0491908 9.8283274e+09 1.3228757
5.022846 1.1241562e+10 1.3601471
4.9858599 1.2520908e+10 1.396424
4.9409769 1.366106e+10 1.4317821
4.8903827 1.4663775e+10 1.4662878
4.8357993 1.5535256e+10 1.5
4.7785717 1.6284275e+10 1.532971
4.7197416 1.692089e+10 1.5652476
4.6601103 1.7455572e+10 1.5968719
4.6002887 1.7898657e+10 1.6278821
4.540739 1.8260003e+10 1.6583124
4.4818068 1.8548804e+10 1.6881943
4.4237465 1.8773499e+10 1.7175564
7
