# Fiducial parameters, omega_b = 0.022237, omega_cdm = 0.12, 100*theta_s = 1.0418, ln10^{10}A_s = 3.044, n_s = 0.9649, tau_reio = 0.0544, M_tot_IH = 0.11, sigma_NL = 7, beta_0^Euclid = 1, beta_1^Euclid = 1, z_reio = 1, Omega_Lambda = 1, YHe = 1, H0 = 0, A_s = 0, sigma8 = 0
1.4428538e-08
1.5837512e-08
1.7052457e-08
1.7655621e-08
1.809979e-08
1.8477928e-08
1.8795047e-08
1.908271e-08
1.937061e-08
1.9761103e-08
0
2.5402602e-08
2.5445398e-08
2.6757621e-08
2.7726522e-08
2.8551629e-08
2.9243621e-08
2.9871347e-08
3.0499608e-08
3.1351781e-08
0
0
3.1429218e-08
3.0717392e-08
3.2081381e-08
3.3245763e-08
3.4222694e-08
3.5108933e-08
3.5995938e-08
3.7199091e-08
0
0
0
3.5433713e-08
3.4550589e-08
3.5972986e-08
3.7168536e-08
3.8253373e-08
3.9339175e-08
4.0811996e-08
0
0
0
0
3.900697e-08
3.8137094e-08
3.9547212e-08
4.0828396e-08
4.2110948e-08
4.3850676e-08
0
0
0
0
0
4.2590542e-08
4.1688294e-08
4.3181225e-08
4.4677196e-08
4.6706609e-08
0
0
0
0
0
0
4.6084694e-08
4.5257308e-08
4.6978067e-08
4.9313856e-08
0
0
0
0
0
0
0
4.973567e-08
4.916597e-08
5.1846133e-08
0
0
0
0
0
0
0
0
5.3963595e-08
5.4533627e-08
0
0
0
0
0
0
0
0
0
6.0902565e-08
1.3522388e-08
1.4976747e-08
1.6227639e-08
1.684888e-08
1.7306368e-08
1.7695844e-08
1.8022475e-08
1.8318766e-08
1.8615304e-08
1.9017516e-08
0
2.4837947e-08
2.5056472e-08
2.6461092e-08
2.7498472e-08
2.8381921e-08
2.9122845e-08
2.9794962e-08
3.0467654e-08
3.13801e-08
0
0
3.132584e-08
3.0774838e-08
3.2260456e-08
3.3528936e-08
3.4593246e-08
3.5558758e-08
3.6525108e-08
3.7835895e-08
0
0
0
3.5701866e-08
3.4982751e-08
3.6547084e-08
3.7862149e-08
3.9055461e-08
4.0249839e-08
4.1869946e-08
0
0
0
0
3.9642725e-08
3.8952536e-08
4.0515295e-08
4.1935318e-08
4.3356882e-08
4.5285184e-08
0
0
0
0
0
4.3624429e-08
4.2910896e-08
4.4576621e-08
4.6245867e-08
4.8510369e-08
0
0
0
0
0
0
4.7532178e-08
4.6913585e-08
4.8844868e-08
5.1466553e-08
0
0
0
0
0
0
0
5.1639212e-08
5.1322169e-08
5.4346906e-08
0
0
0
0
0
0
0
0
5.6422697e-08
5.741215e-08
0
0
0
0
0
0
0
0
0
6.4329607e-08
1.24805e-08
1.3883394e-08
1.5141923e-08
1.5767241e-08
1.6227737e-08
1.6619777e-08
1.6948557e-08
1.72468e-08
1.7545293e-08
1.795016e-08
0
2.3886506e-08
2.4235312e-08
2.5710107e-08
2.6799637e-08
2.7727529e-08
2.8505732e-08
2.9211667e-08
2.9918209e-08
3.0876576e-08
0
0
3.0741423e-08
3.0328316e-08
3.1918953e-08
3.3277446e-08
3.4417331e-08
3.5451408e-08
3.6486387e-08
3.7890271e-08
0
0
0
3.5444008e-08
3.4873487e-08
3.6566875e-08
3.7990703e-08
3.9282745e-08
4.0575948e-08
4.2330113e-08
0
0
0
0
3.9723364e-08
3.9201897e-08
4.0908329e-08
4.2459104e-08
4.401159e-08
4.6117495e-08
0
0
0
0
0
4.4083667e-08
4.3552328e-08
4.538514e-08
4.7221993e-08
4.97139e-08
0
0
0
0
0
0
4.8394773e-08
4.7982232e-08
5.0121509e-08
5.3025702e-08
0
0
0
0
0
0
0
5.2955866e-08
5.2892949e-08
5.6264527e-08
0
0
0
0
0
0
0
0
5.830303e-08
5.9722204e-08
0
0
0
0
0
0
0
0
0
6.7213666e-08
1.1477679e-08
1.2731477e-08
1.3966516e-08
1.4580496e-08
1.5032652e-08
1.5417592e-08
1.574042e-08
1.6033264e-08
1.6326354e-08
1.6723896e-08
0
2.2696735e-08
2.3115653e-08
2.4630876e-08
2.5750671e-08
2.6704378e-08
2.7504236e-08
2.8229817e-08
2.8956024e-08
2.994107e-08
0
0
2.9787683e-08
2.9477874e-08
3.1148239e-08
3.2575256e-08
3.3772701e-08
3.4859002e-08
3.5946252e-08
3.7421048e-08
0
0
0
3.4745954e-08
3.4297894e-08
3.6098281e-08
3.7612422e-08
3.8986461e-08
4.0361743e-08
4.2227252e-08
0
0
0
0
3.9311578e-08
3.8937187e-08
4.0769338e-08
4.2434619e-08
4.4101774e-08
4.6363237e-08
0
0
0
0
0
4.4008192e-08
4.3642334e-08
4.5627261e-08
4.7616778e-08
5.0315828e-08
0
0
0
0
0
0
4.8690954e-08
4.8471463e-08
5.0805926e-08
5.3975299e-08
0
0
0
0
0
0
0
5.3682647e-08
5.3864106e-08
5.7569566e-08
0
0
0
0
0
0
0
0
5.9578209e-08
6.1420899e-08
0
0
0
0
0
0
0
0
0
6.9493729e-08
1.0252122e-08
1.1243029e-08
1.2417479e-08
1.3001732e-08
1.3432008e-08
1.3798321e-08
1.4105528e-08
1.4384202e-08
1.4663113e-08
1.5041424e-08
0
2.0950418e-08
2.136025e-08
2.2876376e-08
2.399733e-08
2.4952073e-08
2.5752805e-08
2.6479181e-08
2.7206187e-08
2.819232e-08
0
0
2.8099223e-08
2.7843027e-08
2.9556569e-08
3.1021011e-08
3.2249938e-08
3.3364808e-08
3.4480655e-08
3.5994247e-08
0
0
0
3.3208671e-08
3.2842894e-08
3.471618e-08
3.6292067e-08
3.7722195e-08
3.9153623e-08
4.1095302e-08
0
0
0
0
3.7977864e-08
3.7714699e-08
3.9642646e-08
4.1395321e-08
4.3150015e-08
4.5530234e-08
0
0
0
0
0
4.2938055e-08
4.2707185e-08
4.4816719e-08
4.6931406e-08
4.9800308e-08
0
0
0
0
0
0
4.7931554e-08
4.7878004e-08
5.0380702e-08
5.3778738e-08
0
0
0
0
0
0
0
5.3300649e-08
5.3701003e-08
5.7706036e-08
0
0
0
0
0
0
0
0
5.9696193e-08
6.1932506e-08
0
0
0
0
0
0
0
0
0
7.056707e-08
9.0579173e-09
9.702278e-09
1.0784556e-08
1.1323396e-08
1.1720237e-08
1.2058088e-08
1.2341425e-08
1.2598448e-08
1.2855689e-08
1.320461e-08
0
1.8948152e-08
1.9263886e-08
2.0738028e-08
2.1828524e-08
2.2757385e-08
2.3536416e-08
2.4243107e-08
2.4950413e-08
2.590983e-08
0
0
2.5954919e-08
2.569316e-08
2.7406112e-08
2.8870703e-08
3.0099851e-08
3.121493e-08
3.233099e-08
3.3844877e-08
0
0
0
3.1087815e-08
3.0753445e-08
3.265629e-08
3.425758e-08
3.571083e-08
3.716541e-08
3.91385e-08
0
0
0
0
3.5953413e-08
3.5753551e-08
3.7737147e-08
3.9540813e-08
4.1346615e-08
4.3796173e-08
0
0
0
0
0
4.1077545e-08
4.0938483e-08
4.3133541e-08
4.5334303e-08
4.8320029e-08
0
0
0
0
0
0
4.6293164e-08
4.6364644e-08
4.8994755e-08
5.2566113e-08
0
0
0
0
0
0
0
5.1956628e-08
5.2534189e-08
5.6782445e-08
0
0
0
0
0
0
0
0
5.8768748e-08
6.134311e-08
0
0
0
0
0
0
0
0
0
7.0488623e-08
7.9853254e-09
8.2361601e-09
9.2033541e-09
9.6853463e-09
1.0040335e-08
1.0342554e-08
1.059601e-08
1.0825927e-08
1.105604e-08
1.1368165e-08
0
1.6854102e-08
1.6992166e-08
1.8381547e-08
1.9410005e-08
2.0286091e-08
2.1020867e-08
2.1687415e-08
2.2354543e-08
2.3259465e-08
0
0
2.3511974e-08
2.3179232e-08
2.4842923e-08
2.6266165e-08
2.7460724e-08
2.8544434e-08
2.9629101e-08
3.1100409e-08
0
0
0
2.8523356e-08
2.8160605e-08
3.0041883e-08
3.1625667e-08
3.3063112e-08
3.4501882e-08
3.6453533e-08
0
0
0
0
3.3356685e-08
3.3160961e-08
3.5150489e-08
3.6960037e-08
3.8771796e-08
4.1229447e-08
0
0
0
0
0
3.8519199e-08
3.8416052e-08
4.0645916e-08
4.2881993e-08
4.591569e-08
0
0
0
0
0
0
4.3839872e-08
4.3980896e-08
4.6682926e-08
5.0352343e-08
0
0
0
0
0
0
0
4.9682521e-08
5.0377732e-08
5.4788532e-08
0
0
0
0
0
0
0
0
5.6788474e-08
5.9615803e-08
0
0
0
0
0
0
0
0
0
6.9183871e-08
6.973475e-09
6.8068733e-09
7.6436125e-09
8.0610235e-09
8.368461e-09
8.6301988e-09
8.8497049e-09
9.0488255e-09
9.2481162e-09
9.5184355e-09
0
1.4671952e-08
1.4556401e-08
1.5821341e-08
1.6758407e-08
1.7556718e-08
1.8226271e-08
1.8833653e-08
1.9441566e-08
2.0266167e-08
0
0
2.0781927e-08
2.0310472e-08
2.1874142e-08
2.3212694e-08
2.43363e-08
2.5355654e-08
2.637591e-08
2.7759852e-08
0
0
0
2.5517572e-08
2.5060483e-08
2.6863559e-08
2.8382256e-08
2.9760724e-08
3.1140473e-08
3.3012071e-08
0
0
0
0
3.0173661e-08
2.9913587e-08
3.1851306e-08
3.3614313e-08
3.5379554e-08
3.7774117e-08
0
0
0
0
0
3.5226403e-08
3.5091591e-08
3.7294789e-08
3.950463e-08
4.2502804e-08
0
0
0
0
0
0
4.0508044e-08
4.0648782e-08
4.3352746e-08
4.7025279e-08
0
0
0
0
0
0
0
4.6382244e-08
4.7116999e-08
5.1584368e-08
0
0
0
0
0
0
0
0
5.3617511e-08
5.6580614e-08
0
0
0
0
0
0
0
0
0
6.6439693e-08
6.1249168e-09
5.565198e-09
6.2717238e-09
6.6245219e-09
6.884382e-09
7.1056152e-09
7.2911523e-09
7.4594588e-09
7.6279094e-09
7.8563975e-09
0
1.2643252e-08
1.2225707e-08
1.3339554e-08
1.4165406e-08
1.486905e-08
1.5459211e-08
1.5994575e-08
1.6530407e-08
1.7257237e-08
0
0
1.8060213e-08
1.7392907e-08
1.8813153e-08
2.0029864e-08
2.1051336e-08
2.1978043e-08
2.2905574e-08
2.4163739e-08
0
0
0
2.2383738e-08
2.177047e-08
2.3441896e-08
2.4850534e-08
2.6129214e-08
2.7409093e-08
2.9145224e-08
0
0
0
0
2.6722311e-08
2.6329026e-08
2.8156627e-08
2.9820102e-08
3.1485778e-08
3.3745292e-08
0
0
0
0
0
3.1512463e-08
3.1274086e-08
3.3385022e-08
3.5502909e-08
3.8376403e-08
0
0
0
0
0
0
3.6598442e-08
3.6661002e-08
3.9288667e-08
4.2858143e-08
0
0
0
0
0
0
0
4.2336164e-08
4.3019419e-08
4.7419623e-08
0
0
0
0
0
0
0
0
4.9504757e-08
5.2460405e-08
0
0
0
0
0
0
0
0
0
6.2439012e-08
5.3878351e-09
4.4726739e-09
5.0574564e-09
5.3496887e-09
5.5649472e-09
5.7482092e-09
5.901902e-09
6.0413216e-09
6.1808607e-09
6.3701334e-09
0
1.0792961e-08
1.0055426e-08
1.1006289e-08
1.1711926e-08
1.2313217e-08
1.2817541e-08
1.3275037e-08
1.3732933e-08
1.4354049e-08
0
0
1.5440595e-08
1.4537715e-08
1.5783544e-08
1.6851741e-08
1.7748674e-08
1.8562409e-08
1.9376868e-08
2.0481658e-08
0
0
0
1.9249935e-08
1.8429871e-08
1.9925407e-08
2.1186665e-08
2.2331675e-08
2.3477771e-08
2.503243e-08
0
0
0
0
2.3151061e-08
2.2562503e-08
2.4227076e-08
2.5742873e-08
2.7260777e-08
2.9319846e-08
0
0
0
0
0
2.7536332e-08
2.712476e-08
2.9079651e-08
3.1041629e-08
3.3703676e-08
0
0
0
0
0
0
3.2271018e-08
3.2175621e-08
3.4646624e-08
3.800394e-08
0
0
0
0
0
0
0
3.7696211e-08
3.8229999e-08
4.2429647e-08
0
0
0
0
0
0
0
0
4.4582305e-08
4.7368532e-08
0
0
0
0
0
0
0
0
0
5.7260355e-08
4.7908354e-09
3.5713308e-09
4.0501642e-09
4.2895539e-09
4.4658943e-09
4.6160234e-09
4.7419293e-09
4.8561427e-09
4.9704541e-09
5.1255078e-09
0
9.2213781e-09
8.1812134e-09
8.9751517e-09
9.564772e-09
1.0067259e-08
1.0488717e-08
1.0871043e-08
1.1253704e-08
1.1772767e-08
0
0
1.311287e-08
1.1962052e-08
1.3022395e-08
1.3932314e-08
1.4696471e-08
1.5389758e-08
1.6083662e-08
1.7024925e-08
0
0
0
1.6364815e-08
1.5309761e-08
1.6603965e-08
1.7696214e-08
1.8687902e-08
1.9680539e-08
2.1027038e-08
0
0
0
0
1.9754275e-08
1.8927334e-08
2.0391558e-08
2.1725611e-08
2.3061619e-08
2.4873952e-08
0
0
0
0
0
2.3629402e-08
2.2989272e-08
2.4737003e-08
2.6491739e-08
2.8872688e-08
0
0
0
0
0
0
2.7883591e-08
2.7560656e-08
2.9804572e-08
3.2854046e-08
0
0
0
0
0
0
0
3.2837339e-08
3.3129723e-08
3.7003273e-08
0
0
0
0
0
0
0
0
3.9231823e-08
4.1686074e-08
0
0
0
0
0
0
0
0
0
5.1267929e-08
4.2785018e-09
2.790694e-09
3.1768667e-09
3.3699894e-09
3.5122513e-09
3.6333675e-09
3.7349418e-09
3.8270834e-09
3.919304e-09
4.0443939e-09
0
7.8569484e-09
6.5497296e-09
7.2031931e-09
7.688706e-09
8.102504e-09
8.4495787e-09
8.7644279e-09
9.0795533e-09
9.5070074e-09
0
0
1.1066267e-08
9.6800921e-09
1.0562499e-08
1.1320222e-08
1.1956656e-08
1.2534073e-08
1.3112005e-08
1.3895956e-08
0
0
0
1.377669e-08
1.2483968e-08
1.3573055e-08
1.4492792e-08
1.5327941e-08
1.6163898e-08
1.7297863e-08
0
0
0
0
1.6636304e-08
1.5553521e-08
1.6801399e-08
1.7938931e-08
1.907822e-08
2.0623708e-08
0
0
0
0
0
1.9950148e-08
1.9049337e-08
2.0559638e-08
2.2076608e-08
2.4135024e-08
0
0
0
0
0
0
2.3641898e-08
2.3042873e-08
2.5010046e-08
2.768411e-08
0
0
0
0
0
0
0
2.8006494e-08
2.7984775e-08
3.1432422e-08
0
0
0
0
0
0
0
0
3.3735638e-08
3.571555e-08
0
0
0
0
0
0
0
0
0
4.4771307e-08
3.8838664e-09
2.166325e-09
2.4722515e-09
2.6253324e-09
2.7380998e-09
2.8341057e-09
2.9146213e-09
2.9876598e-09
3.060761e-09
3.1599171e-09
0
6.7262423e-09
5.1909957e-09
5.7240388e-09
6.1201501e-09
6.4577651e-09
6.7409428e-09
6.9978279e-09
7.2549387e-09
7.6036989e-09
0
0
9.352822e-09
7.7614731e-09
8.4873448e-09
9.1108567e-09
9.6346065e-09
1.0109794e-08
1.0585407e-08
1.1230564e-08
0
0
0
1.158467e-08
1.0075447e-08
1.0976294e-08
1.1737387e-08
1.2428537e-08
1.3120361e-08
1.4058813e-08
0
0
0
0
1.3952827e-08
1.2625371e-08
1.3665004e-08
1.4613101e-08
1.5562727e-08
1.6850936e-08
0
0
0
0
0
1.6718728e-08
1.5555287e-08
1.6825194e-08
1.8101176e-08
1.9832657e-08
0
0
0
0
0
0
1.9831393e-08
1.893927e-08
2.0611448e-08
2.2885085e-08
0
0
0
0
0
0
0
2.3555493e-08
2.3181138e-08
2.6149108e-08
0
0
0
0
0
0
0
0
2.8515375e-08
2.9925352e-08
0
0
0
0
0
0
0
0
0
3.828092e-08
3.5748271e-09
1.6652944e-09
1.901779e-09
2.0202446e-09
2.1075157e-09
2.1818152e-09
2.2441267e-09
2.3006515e-09
2.357225e-09
2.4339625e-09
0
5.7788219e-09
4.0417061e-09
4.4691454e-09
4.7868776e-09
5.0576967e-09
5.2848497e-09
5.4909121e-09
5.6971557e-09
5.976917e-09
0
0
7.8968916e-09
6.1302913e-09
6.7221479e-09
7.230601e-09
7.6577154e-09
8.0452298e-09
8.433091e-09
8.9592159e-09
0
0
0
9.7210768e-09
8.0261683e-09
8.7647227e-09
9.3887972e-09
9.955541e-09
1.0522841e-08
1.1292378e-08
0
0
0
0
1.1664953e-08
1.0122479e-08
1.0978023e-08
1.1758404e-08
1.2540075e-08
1.360045e-08
0
0
0
0
0
1.3943209e-08
1.2540418e-08
1.3590119e-08
1.4645093e-08
1.6076714e-08
0
0
0
0
0
0
1.6519409e-08
1.534869e-08
1.6739244e-08
1.8630334e-08
0
0
0
0
0
0
0
1.9622718e-08
1.8896901e-08
2.1385215e-08
0
0
0
0
0
0
0
0
2.3796734e-08
2.4605105e-08
0
0
0
0
0
0
0
0
0
3.2160431e-08
3.3379007e-09
1.2781385e-09
1.4581012e-09
1.5483368e-09
1.6148154e-09
1.671413e-09
1.7188788e-09
1.7619366e-09
1.8050314e-09
1.8634861e-09
0
5.0172048e-09
3.0987801e-09
3.4317862e-09
3.6795447e-09
3.8907412e-09
4.0678864e-09
4.2285842e-09
4.3894234e-09
4.6075955e-09
0
0
6.6750914e-09
4.7526941e-09
5.2262094e-09
5.6331507e-09
5.9750102e-09
6.2851757e-09
6.5956191e-09
7.0167287e-09
0
0
0
8.1407631e-09
6.2856025e-09
6.8842429e-09
7.3901537e-09
7.8495971e-09
8.3094926e-09
8.9333367e-09
0
0
0
0
9.7212807e-09
7.9956008e-09
8.6939249e-09
9.3309385e-09
9.9690147e-09
1.0834598e-08
0
0
0
0
0
1.1584464e-08
9.9766184e-09
1.0836966e-08
1.1701707e-08
1.2875193e-08
0
0
0
0
0
0
1.3698365e-08
1.2284052e-08
1.3427379e-08
1.49824e-08
0
0
0
0
0
0
0
1.6252523e-08
1.5209359e-08
1.7263097e-08
0
0
0
0
0
0
0
0
1.970369e-08
1.9943387e-08
0
0
0
0
0
0
0
0
0
2.6691286e-08
3.1588426e-09
9.8588076e-10
1.1229091e-09
1.1916071e-09
1.2422201e-09
1.2853105e-09
1.3214483e-09
1.3542302e-09
1.3870402e-09
1.4315443e-09
0
4.43668e-09
2.3678845e-09
2.6210265e-09
2.8095789e-09
2.970333e-09
3.1051708e-09
3.2274895e-09
3.3499158e-09
3.5159822e-09
0
0
5.6971337e-09
3.6337463e-09
4.0005675e-09
4.3161414e-09
4.5812903e-09
4.8218604e-09
5.062646e-09
5.3892668e-09
0
0
0
6.8358925e-09
4.8356412e-09
5.3083393e-09
5.7080398e-09
6.0710519e-09
6.434423e-09
6.927333e-09
0
0
0
0
8.0894972e-09
6.2017874e-09
6.7615855e-09
7.2723413e-09
7.7839609e-09
8.4780008e-09
0
0
0
0
0
9.5892933e-09
7.8044623e-09
8.5014833e-09
9.2021123e-09
1.0152899e-08
0
0
0
0
0
0
1.1307154e-08
9.6852644e-09
1.0617611e-08
1.1885718e-08
0
0
0
0
0
0
0
1.3394267e-08
1.208009e-08
1.3761816e-08
0
0
0
0
0
0
0
0
1.6224498e-08
1.5968507e-08
0
0
0
0
0
0
0
0
0
2.1982636e-08
3.0231864e-09
7.6406817e-10
8.685885e-10
9.2097789e-10
9.5957487e-10
9.9243511e-10
1.0199934e-09
1.0449925e-09
1.070013e-09
1.1039513e-09
0
3.9978666e-09
1.8162962e-09
2.0082056e-09
2.1511602e-09
2.2730498e-09
2.3752903e-09
2.4680383e-09
2.5608678e-09
2.6867874e-09
0
0
4.9524188e-09
2.7723473e-09
3.0496715e-09
3.2884896e-09
3.489194e-09
3.6712975e-09
3.8535645e-09
4.1008057e-09
0
0
0
5.8124609e-09
3.683363e-09
4.0440818e-09
4.3494086e-09
4.6267515e-09
4.9043721e-09
5.2809623e-09
0
0
0
0
6.7708915e-09
4.7353619e-09
5.1692554e-09
5.5653902e-09
5.962227e-09
6.50056e-09
0
0
0
0
0
7.9379935e-09
5.9923831e-09
6.5416545e-09
7.0939503e-09
7.8434612e-09
0
0
0
0
0
0
9.2982901e-09
7.4917393e-09
8.2369137e-09
9.2505594e-09
0
0
0
0
0
0
0
1.097415e-08
9.4246272e-09
1.078352e-08
0
0
0
0
0
0
0
0
1.3270361e-08
1.2591045e-08
0
0
0
0
0
0
0
0
0
1.797888e-08
2.9200935e-09
5.9633933e-10
6.761128e-10
7.1610481e-10
7.4556816e-10
7.7065226e-10
7.9168908e-10
8.1077228e-10
8.2987184e-10
8.5577879e-10
0
3.6636824e-09
1.3964159e-09
1.5423493e-09
1.6510089e-09
1.7436505e-09
1.8213577e-09
1.8918501e-09
1.9624045e-09
2.0581087e-09
0
0
4.3899284e-09
2.1236221e-09
2.3337707e-09
2.5146854e-09
2.666731e-09
2.8046869e-09
2.9427667e-09
3.130069e-09
0
0
0
5.041347e-09
2.8113303e-09
3.0831152e-09
3.3132534e-09
3.5223229e-09
3.7316043e-09
4.0154931e-09
0
0
0
0
5.7623151e-09
3.602338e-09
3.9294909e-09
4.228378e-09
4.5278296e-09
4.9340565e-09
0
0
0
0
0
6.6420796e-09
4.5533659e-09
4.9710609e-09
5.3913104e-09
5.961657e-09
0
0
0
0
0
0
7.6790463e-09
5.7037875e-09
6.2783915e-09
7.0602753e-09
0
0
0
0
0
0
0
8.9774074e-09
7.2129146e-09
8.2777728e-09
0
0
0
0
0
0
0
0
1.078894e-08
9.7312315e-09
0
0
0
0
0
0
0
0
0
1.4577184e-08
2.8407429e-09
4.6905162e-10
5.3047694e-10
5.6125435e-10
5.8392905e-10
6.0323353e-10
6.1942325e-10
6.3410947e-10
6.4880828e-10
6.6874595e-10
0
3.4123754e-09
1.0789908e-09
1.1893813e-09
1.2716123e-09
1.3417226e-09
1.4005305e-09
1.4538782e-09
1.5072728e-09
1.5797003e-09
0
0
3.9606328e-09
1.6283231e-09
1.7876895e-09
1.9248593e-09
2.0401288e-09
2.1447154e-09
2.2493958e-09
2.3913926e-09
0
0
0
4.455062e-09
2.1510961e-09
2.3574551e-09
2.5321003e-09
2.6907467e-09
2.8495535e-09
3.0649739e-09
0
0
0
0
5.002813e-09
2.750764e-09
2.9979761e-09
3.2237885e-09
3.4500301e-09
3.7569434e-09
0
0
0
0
0
5.666812e-09
3.4663455e-09
3.7802529e-09
4.0961475e-09
4.524885e-09
0
0
0
0
0
0
6.4447505e-09
4.3287762e-09
4.7603688e-09
5.3478447e-09
0
0
0
0
0
0
0
7.4198658e-09
5.465675e-09
6.2708772e-09
0
0
0
0
0
0
0
0
8.7948762e-09
7.3917309e-09
0
0
0
0
0
0
0
0
0
1.1739873e-08
2.7789303e-09
3.7146058e-10
4.1927964e-10
4.4322814e-10
4.6087113e-10
4.7589176e-10
4.8848882e-10
4.9991602e-10
5.11353e-10
5.2686626e-10
0
3.2232343e-09
8.414236e-10
9.2549235e-10
9.8808866e-10
1.0414589e-09
1.0862256e-09
1.1268359e-09
1.1674818e-09
1.2226162e-09
0
0
3.6396333e-09
1.2563007e-09
1.3762271e-09
1.4795002e-09
1.5662943e-09
1.6450449e-09
1.7238661e-09
1.8307852e-09
0
0
0
4.0108702e-09
1.6486074e-09
1.8039431e-09
1.9354572e-09
2.054924e-09
2.1745111e-09
2.3367301e-09
0
0
0
0
4.4231471e-09
2.101231e-09
2.2882352e-09
2.4590227e-09
2.6301257e-09
2.8622384e-09
0
0
0
0
0
4.9261948e-09
2.644084e-09
2.8819249e-09
3.1211929e-09
3.4459223e-09
0
0
0
0
0
0
5.5159663e-09
3.2967395e-09
3.6224901e-09
4.0658407e-09
0
0
0
0
0
0
0
6.25087e-09
4.1508756e-09
4.7550552e-09
0
0
0
0
0
0
0
0
7.2802075e-09
5.591202e-09
0
0
0
0
0
0
0
0
0
9.4935489e-09
2.7298557e-09
2.9534894e-10
3.3299521e-10
3.5183756e-10
3.6571851e-10
3.7753624e-10
3.8744719e-10
3.9643772e-10
4.0543594e-10
4.1764124e-10
0
3.0790041e-09
6.6130918e-10
7.2597433e-10
7.7410628e-10
8.151404e-10
8.4955919e-10
8.8078229e-10
9.1203278e-10
9.5442269e-10
0
0
3.3982883e-09
9.7793597e-10
1.0690749e-09
1.1475051e-09
1.2134142e-09
1.2732152e-09
1.3330699e-09
1.4142613e-09
0
0
0
3.6800238e-09
1.2743761e-09
1.3912816e-09
1.4902464e-09
1.5801499e-09
1.6701447e-09
1.7922217e-09
0
0
0
0
3.9896167e-09
1.6130132e-09
1.752875e-09
1.8806602e-09
2.0086895e-09
2.1823703e-09
0
0
0
0
0
4.3650791e-09
2.0182561e-09
2.1963286e-09
2.3755195e-09
2.6187153e-09
0
0
0
0
0
0
4.806797e-09
2.5085193e-09
2.7537465e-09
3.0874882e-09
0
0
0
0
0
0
0
5.3611554e-09
3.1541224e-09
3.6105332e-09
0
0
0
0
0
0
0
0
6.1393231e-09
4.2410932e-09
0
0
0
0
0
0
0
0
0
7.7993174e-09
2.690255e-09
2.3489302e-10
2.6481923e-10
2.797893e-10
2.9081724e-10
3.0020601e-10
3.080799e-10
3.1522256e-10
3.2237133e-10
3.32068e-10
0
2.9673677e-09
5.2316725e-10
5.7347543e-10
6.1090031e-10
6.4280453e-10
6.6956516e-10
6.9384112e-10
7.1813837e-10
7.5109648e-10
0
0
3.2149601e-09
7.6710893e-10
8.3692931e-10
8.9700194e-10
9.474813e-10
9.9328198e-10
1.0391237e-09
1.1013068e-09
0
0
0
3.4302722e-09
9.9284014e-10
1.0817284e-09
1.1569489e-09
1.2252755e-09
1.2936708e-09
1.3864482e-09
0
0
0
0
3.6652706e-09
1.2492639e-09
1.3549218e-09
1.4514096e-09
1.5480768e-09
1.6792125e-09
0
0
0
0
0
3.9485163e-09
1.5537691e-09
1.6871417e-09
1.821338e-09
2.0034705e-09
0
0
0
0
0
0
4.2785171e-09
1.9186483e-09
2.1010546e-09
2.3493513e-09
0
0
0
0
0
0
0
4.6899074e-09
2.3975949e-09
2.7369641e-09
0
0
0
0
0
0
0
0
5.2690776e-09
3.2096284e-09
0
0
0
0
0
0
0
0
0
6.5166119e-09
2.6579315e-09
1.8608469e-10
2.1001934e-10
2.2198681e-10
2.3080261e-10
2.3830803e-10
2.4460246e-10
2.5031233e-10
2.5602709e-10
2.6377866e-10
0
2.87931e-09
4.1525742e-10
4.5485097e-10
4.8428999e-10
5.0938433e-10
5.3043275e-10
5.4952685e-10
5.6863768e-10
5.9456066e-10
0
0
3.0736299e-09
6.0557506e-10
6.5972308e-10
7.0628366e-10
7.4540411e-10
7.8089837e-10
8.164244e-10
8.6461452e-10
0
0
0
3.2402531e-09
7.7942075e-10
8.4761032e-10
9.0529173e-10
9.5768502e-10
1.0101308e-09
1.081273e-09
0
0
0
0
3.4200921e-09
9.7477384e-10
1.0550874e-09
1.1284261e-09
1.2018996e-09
1.3015712e-09
0
0
0
0
0
3.6348423e-09
1.2049881e-09
1.3057678e-09
1.4071524e-09
1.5447474e-09
0
0
0
0
0
0
3.8837919e-09
1.479747e-09
1.6169008e-09
1.8035495e-09
0
0
0
0
0
0
0
4.1926674e-09
1.8380578e-09
2.0912746e-09
0
0
0
0
0
0
0
0
4.6232483e-09
2.4389423e-09
0
0
0
0
0
0
0
0
0
5.544046e-09
2.6314274e-09
1.4624078e-10
1.6540844e-10
1.7498967e-10
1.820475e-10
1.8805626e-10
1.9309551e-10
1.9766677e-10
2.0224196e-10
2.084478e-10
0
2.8086173e-09
3.2940278e-10
3.6085129e-10
3.842228e-10
4.0414358e-10
4.2085241e-10
4.3600985e-10
4.5118056e-10
4.7175895e-10
0
0
2.9626763e-09
4.7954965e-10
5.2202367e-10
5.5852691e-10
5.8919403e-10
6.1701824e-10
6.4486731e-10
6.8264384e-10
0
0
0
3.0931297e-09
6.1503096e-10
6.6798267e-10
7.1275582e-10
7.5342106e-10
7.9412671e-10
8.4934341e-10
0
0
0
0
3.2324555e-09
7.6574805e-10
8.2754209e-10
8.8394668e-10
9.4045137e-10
1.0171033e-09
0
0
0
0
0
3.3972944e-09
9.4171045e-10
1.0185179e-09
1.0957659e-09
1.2006024e-09
0
0
0
0
0
0
3.5865139e-09
1.1496255e-09
1.2532116e-09
1.3941764e-09
0
0
0
0
0
0
0
3.8190853e-09
1.4185918e-09
1.6086243e-09
0
0
0
0
0
0
0
0
4.1415475e-09
1.8677347e-09
0
0
0
0
0
0
0
0
0
4.8258075e-09
2.6097562e-09
1.1358147e-10
1.2887082e-10
1.3651277e-10
1.4214201e-10
1.4693452e-10
1.5095376e-10
1.5459975e-10
1.5824887e-10
1.6319859e-10
0
2.75111e-09
2.6001902e-10
2.8512406e-10
3.0377441e-10
3.1967012e-10
3.3300278e-10
3.4509751e-10
3.5720284e-10
3.7362318e-10
0
0
2.8740126e-09
3.7943151e-10
4.1305959e-10
4.4194675e-10
4.6621298e-10
4.8822942e-10
5.1026553e-10
5.4015691e-10
0
0
0
2.9771652e-09
4.8616063e-10
5.2773512e-10
5.6287206e-10
5.9478272e-10
6.2672487e-10
6.7005399e-10
0
0
0
0
3.0863459e-09
6.0379517e-10
6.5188062e-10
6.9575665e-10
7.3970838e-10
7.993313e-10
0
0
0
0
0
3.2143174e-09
7.398184e-10
7.9903852e-10
8.5858429e-10
9.3939403e-10
0
0
0
0
0
0
3.3598149e-09
8.9905533e-10
9.7823312e-10
1.0859603e-09
0
0
0
0
0
0
0
3.5370831e-09
1.1032185e-09
1.2471533e-09
0
0
0
0
0
0
0
0
3.7803644e-09
1.4402315e-09
0
0
0
0
0
0
0
0
0
4.2899186e-09
2.592211e-09
8.6906273e-11
9.8992044e-11
1.0503352e-10
1.0948381e-10
1.1327261e-10
1.1645009e-10
1.1933249e-10
1.2221737e-10
1.2613048e-10
0
2.704033e-09
2.034015e-10
2.2344061e-10
2.3832433e-10
2.5100924e-10
2.6164875e-10
2.7130038e-10
2.8096049e-10
2.94064e-10
0
0
2.802196e-09
2.9869349e-10
3.2545592e-10
3.4843698e-10
3.6774028e-10
3.8525377e-10
4.027829e-10
4.265607e-10
0
0
0
2.8842494e-09
3.8338829e-10
4.1629236e-10
4.4409058e-10
4.6933469e-10
4.9460354e-10
5.2888041e-10
0
0
0
0
2.9705516e-09
4.7608295e-10
5.1387505e-10
5.4834745e-10
5.8287745e-10
6.2971913e-10
0
0
0
0
0
3.0709454e-09
5.8240358e-10
6.2857538e-10
6.7498776e-10
7.3797212e-10
0
0
0
0
0
0
3.1841174e-09
7.0577111e-10
7.6696693e-10
8.5021204e-10
0
0
0
0
0
0
0
3.3207256e-09
8.6239521e-10
9.7258175e-10
0
0
0
0
0
0
0
0
3.5062097e-09
1.1180455e-09
0
0
0
0
0
0
0
0
0
3.8893298e-09
2.5782289e-09
6.5348584e-11
7.4773565e-11
7.9486499e-11
8.2958182e-11
8.5913839e-11
8.8392607e-11
9.0641184e-11
9.2891697e-11
9.5944342e-11
0
2.6655524e-09
1.5710366e-10
1.7301217e-10
1.8482749e-10
1.9489713e-10
2.0334305e-10
2.1100478e-10
2.1867324e-10
2.2907518e-10
0
0
2.7436239e-09
2.3299801e-10
2.5429827e-10
2.7258501e-10
2.8794441e-10
3.0187959e-10
3.1582722e-10
3.3474682e-10
0
0
0
2.8089549e-09
3.0037829e-10
3.2651318e-10
3.4858638e-10
3.6863045e-10
3.8869407e-10
4.1591012e-10
0
0
0
0
2.8774723e-09
3.7383549e-10
4.037259e-10
4.3098318e-10
4.5828476e-10
4.9532061e-10
0
0
0
0
0
2.9567899e-09
4.5761284e-10
4.9391638e-10
5.3039974e-10
5.7990843e-10
0
0
0
0
0
0
3.045618e-09
5.5412477e-10
6.0189492e-10
6.6686528e-10
0
0
0
0
0
0
0
3.1519923e-09
6.7559684e-10
7.608786e-10
0
0
0
0
0
0
0
0
3.2950154e-09
8.7169857e-10
0
0
0
0
0
0
0
0
0
3.5859448e-09
2.5673097e-09
4.8210222e-11
5.5435139e-11
5.9049805e-11
6.1712524e-11
6.3979462e-11
6.5880637e-11
6.760526e-11
6.9331371e-11
7.1672711e-11
0
2.634377e-09
1.1945357e-10
1.3195195e-10
1.4123581e-10
1.4914807e-10
1.557845e-10
1.6180475e-10
1.6783028e-10
1.7600368e-10
0
0
2.6958886e-09
1.7946051e-10
1.9632549e-10
2.1080373e-10
2.2296404e-10
2.3399673e-10
2.4503928e-10
2.6001823e-10
0
0
0
2.7476768e-09
2.3291881e-10
2.5364424e-10
2.7114605e-10
2.8703845e-10
3.029463e-10
3.2452511e-10
0
0
0
0
2.802035e-09
2.9117267e-10
3.1485029e-10
3.3643799e-10
3.5806005e-10
3.873913e-10
0
0
0
0
0
2.8648523e-09
3.5743177e-10
3.8610025e-10
4.1490501e-10
4.539928e-10
0
0
0
0
0
0
2.9349334e-09
4.3340751e-10
4.7094755e-10
5.2199631e-10
0
0
0
0
0
0
0
3.0183849e-09
5.2840702e-10
5.9498086e-10
0
0
0
0
0
0
0
0
3.129692e-09
6.8032017e-10
0
0
0
0
0
0
0
0
0
3.3529377e-09
2.5589784e-09
3.4865142e-11
4.0294871e-11
4.3013265e-11
4.5015807e-11
4.6720699e-11
4.8150513e-11
4.9447549e-11
5.0745707e-11
5.2506564e-11
0
2.6094991e-09
8.92105e-11
9.8886778e-11
1.0607655e-10
1.1220431e-10
1.1734399e-10
1.2200646e-10
1.2667304e-10
1.3300307e-10
0
0
2.657296e-09
1.3608769e-10
1.4930668e-10
1.6065624e-10
1.7018887e-10
1.7883754e-10
1.8749395e-10
1.9923617e-10
0
0
0
2.6979637e-09
1.7816757e-10
1.9449336e-10
2.0827968e-10
2.2079814e-10
2.3332875e-10
2.5032639e-10
0
0
0
0
2.7408346e-09
2.2415863e-10
2.4284821e-10
2.5988661e-10
2.7695181e-10
3.0010148e-10
0
0
0
0
0
2.7904501e-09
2.7649406e-10
2.9912073e-10
3.2185208e-10
3.5269784e-10
0
0
0
0
0
0
2.8457598e-09
3.3640098e-10
3.6596717e-10
4.0616796e-10
0
0
0
0
0
0
0
2.9114346e-09
4.1102148e-10
4.6324002e-10
0
0
0
0
0
0
0
0
2.998563e-09
5.2952551e-10
0
0
0
0
0
0
0
0
0
3.1713428e-09
2.5527772e-09
2.4716128e-11
2.8710148e-11
3.0711421e-11
3.218574e-11
3.3440925e-11
3.4493592e-11
3.5448505e-11
3.6404245e-11
3.770064e-11
0
2.5900376e-09
6.5343792e-11
7.2701521e-11
7.8171042e-11
8.2832906e-11
8.6743088e-11
9.0290223e-11
9.3840482e-11
9.8656279e-11
0
0
2.6265348e-09
1.0138289e-10
1.1159715e-10
1.2036932e-10
1.2773747e-10
1.3442242e-10
1.4111334e-10
1.5018944e-10
0
0
0
2.6580339e-09
1.3409754e-10
1.4681301e-10
1.5755193e-10
1.6730336e-10
1.7706427e-10
1.9030485e-10
0
0
0
0
2.6914874e-09
1.7007048e-10
1.8469922e-10
1.9803573e-10
2.1139318e-10
2.2951312e-10
0
0
0
0
0
2.7303775e-09
2.1114861e-10
2.2890874e-10
2.4675017e-10
2.7096027e-10
0
0
0
0
0
0
2.7738274e-09
2.5822882e-10
2.8145306e-10
3.1302856e-10
0
0
0
0
0
0
0
2.8254251e-09
3.1682165e-10
3.57788e-10
0
0
0
0
0
0
0
0
2.8937217e-09
4.0952691e-10
0
0
0
0
0
0
0
0
0
3.0281348e-09
2.5482749e-09
1.7188157e-11
2.0062124e-11
2.1503532e-11
2.2565452e-11
2.3469537e-11
2.4227753e-11
2.4915559e-11
2.5603962e-11
2.6537734e-11
0
2.5751616e-09
4.6912081e-11
5.2394046e-11
5.6471601e-11
5.9947311e-11
6.2862621e-11
6.5507256e-11
6.8154223e-11
7.1744743e-11
0
0
2.6024765e-09
7.4097068e-11
8.185204e-11
8.8514916e-11
9.4111793e-11
9.9189732e-11
1.0427222e-10
1.1116652e-10
0
0
0
2.6264577e-09
9.9124079e-11
1.0887886e-10
1.1711941e-10
1.2460245e-10
1.3209278e-10
1.4225336e-10
0
0
0
0
2.6521843e-09
1.268847e-10
1.3819122e-10
1.4850016e-10
1.588254e-10
1.7283205e-10
0
0
0
0
0
2.6823046e-09
1.5878121e-10
1.7258259e-10
1.8644754e-10
2.0526175e-10
0
0
0
0
0
0
2.7161238e-09
1.9548597e-10
2.1359519e-10
2.3821587e-10
0
0
0
0
0
0
0
2.7564021e-09
2.4125962e-10
2.7325342e-10
0
0
0
0
0
0
0
0
2.8097604e-09
3.13656e-10
0
0
0
0
0
0
0
0
0
2.9144251e-09
2.5450832e-09
1.1742071e-11
1.3765973e-11
1.4782061e-11
1.5530676e-11
1.6168024e-11
1.6702541e-11
1.7187422e-11
1.7672723e-11
1.8331003e-11
0
2.5640706e-09
3.3016176e-11
3.7012905e-11
3.9987832e-11
4.2523905e-11
4.4651102e-11
4.6580799e-11
4.85122e-11
5.1132082e-11
0
0
2.5840751e-09
5.3095412e-11
5.8867003e-11
6.3828521e-11
6.7996662e-11
7.1778372e-11
7.5563474e-11
8.0697897e-11
0
0
0
2.6019759e-09
7.1882572e-11
7.9232023e-11
8.5442915e-11
9.1083168e-11
9.6728946e-11
1.0438741e-10
0
0
0
0
2.6214133e-09
9.2949277e-11
1.0154912e-10
1.0939182e-10
1.1724712e-10
1.2790322e-10
0
0
0
0
0
2.6443821e-09
1.1735964e-10
1.2793763e-10
1.3856546e-10
1.5298714e-10
0
0
0
0
0
0
2.6703611e-09
1.4563196e-10
1.5959208e-10
1.7857234e-10
0
0
0
0
0
0
0
2.7014706e-09
1.8105559e-10
2.0582176e-10
0
0
0
0
0
0
0
0
2.7428372e-09
2.3724189e-10
0
0
0
0
0
0
0
0
0
2.8240564e-09
2.5428221e-09
7.8450019e-12
9.2411975e-12
9.9428621e-12
1.0459851e-11
1.0900002e-11
1.1269137e-11
1.1603994e-11
1.1939142e-11
1.239375e-11
0
2.5559558e-09
2.2746621e-11
2.559681e-11
2.7720008e-11
2.9530201e-11
3.1048566e-11
3.2425961e-11
3.3804573e-11
3.5674617e-11
0
0
2.5702833e-09
3.7253293e-11
4.1457921e-11
4.5074777e-11
4.8113655e-11
5.0870831e-11
5.3630484e-11
5.7373908e-11
0
0
0
2.5833632e-09
5.1065955e-11
5.6492856e-11
6.1081207e-11
6.5248285e-11
6.9419473e-11
7.5077668e-11
0
0
0
0
2.5977596e-09
6.6748563e-11
7.3169317e-11
7.9026481e-11
8.4893302e-11
9.2851947e-11
0
0
0
0
0
2.6149587e-09
8.5107354e-11
9.3079864e-11
1.0109134e-10
1.1196285e-10
0
0
0
0
0
0
2.6345927e-09
1.0655219e-10
1.1715578e-10
1.3157357e-10
0
0
0
0
0
0
0
2.6582833e-09
1.3360986e-10
1.5254227e-10
0
0
0
0
0
0
0
0
2.689985e-09
1.7677412e-10
0
0
0
0
0
0
0
0
0
2.7525359e-09
2.5413331e-09
5.2034884e-12
6.1496715e-12
6.6256372e-12
6.9763502e-12
7.274939e-12
7.5253526e-12
7.7525129e-12
7.9798707e-12
8.2882677e-12
0
2.5502552e-09
1.5438366e-11
1.7428277e-11
1.8911869e-11
2.0176904e-11
2.1238014e-11
2.2200607e-11
2.3164052e-11
2.4470936e-11
0
0
2.5602972e-09
2.569169e-11
2.868908e-11
3.1269358e-11
3.3437621e-11
3.5404916e-11
3.7373981e-11
4.0044987e-11
0
0
0
2.569648e-09
3.5629765e-11
3.9553165e-11
4.2872188e-11
4.5886739e-11
4.8904287e-11
5.299758e-11
0
0
0
0
2.5800882e-09
4.7065367e-11
5.1763493e-11
5.6050807e-11
6.0345414e-11
6.6171292e-11
0
0
0
0
0
2.5927122e-09
6.0607652e-11
6.6504184e-11
7.2430937e-11
8.0473685e-11
0
0
0
0
0
0
2.6072787e-09
7.6586661e-11
8.4502663e-11
9.5267414e-11
0
0
0
0
0
0
0
2.6250192e-09
9.692774e-11
1.1117898e-10
0
0
0
0
0
0
0
0
2.6489618e-09
1.2964583e-10
0
0
0
0
0
0
0
0
0
2.6966052e-09
2.5403359e-09
3.4109705e-12
4.0420894e-12
4.3598412e-12
4.5939878e-12
4.7933354e-12
4.9605198e-12
5.1121795e-12
5.2639712e-12
5.4698675e-12
0
2.5462996e-09
1.031648e-11
1.1678555e-11
1.2694906e-11
1.3561645e-11
1.4288676e-11
1.4948208e-11
1.5608324e-11
1.6503752e-11
0
0
2.5531963e-09
1.7413095e-11
1.9505045e-11
2.130729e-11
2.2821998e-11
2.4196335e-11
2.5571911e-11
2.743786e-11
0
0
0
2.5597393e-09
2.4410673e-11
2.7187139e-11
2.953737e-11
3.1672212e-11
3.3809197e-11
3.6708013e-11
0
0
0
0
2.5671495e-09
3.2573457e-11
3.5939814e-11
3.9013127e-11
4.2091864e-11
4.6268364e-11
0
0
0
0
0
2.5762235e-09
4.2359332e-11
4.6633418e-11
5.0930666e-11
5.6762306e-11
0
0
0
0
0
0
2.5868167e-09
5.4036062e-11
5.9834272e-11
6.7720355e-11
0
0
0
0
0
0
0
2.5998557e-09
6.9054898e-11
7.9595554e-11
0
0
0
0
0
0
0
0
2.6176345e-09
9.3462387e-11
0
0
0
0
0
0
0
0
0
2.6534221e-09
