# Fiducial parameters, omega_b = 0.022237, omega_cdm = 0.12, 100*theta_s = 1.0418, ln10^{10}A_s = 3.044, n_s = 0.9649, tau_reio = 0.0544, M_tot_IH = 0.15, sigma_NL = 7, beta_0^Euclid = 1, beta_1^Euclid = 1, z_reio = 1, Omega_Lambda = 1, YHe = 1, H0 = 0, A_s = 0, sigma8 = 0
30568.503 30836.866
29153.272 29395.726
27823.313 28042.481
26573.028 26771.273
25397.129 25576.577
24290.64 24453.202
23248.897 23396.286
22267.536 22401.289
21342.486 21463.979
20469.955 20580.418
19646.414 19746.949
18868.585 18960.178
18133.423 18216.955
17438.104 17514.362
16780.006 16849.696
16156.699 16220.452
15565.929 15624.31
15005.606 15059.121
14473.792 14522.893
13968.687 14013.781
13488.623 13530.075
13032.05 13070.187
12597.53 12632.647
12183.726 12216.086
11789.394 11819.237
11413.38 11440.92
11054.607 11080.038
29160.121 29424.449
27810.841 28049.438
26542.801 26758.282
25350.672 25545.392
24229.418 24405.499
23174.303 23333.65
22180.885 22325.208
21245.01 21375.839
20362.801 20481.508
19530.647 19638.459
18745.188 18843.201
18003.301 18092.497
17302.088 17383.342
16638.856 16712.952
16011.11 16078.748
15416.534 15478.341
14852.98 14909.516
14318.458 14370.224
13811.12 13858.564
13329.252 13372.777
12871.264 12911.229
12435.679 12472.408
12021.126 12054.909
11626.331 11657.428
11250.108 11278.754
10891.356 10917.762
10549.05 10573.406
27706.293 27964.13
26424.986 26657.47
25220.769 25430.49
24088.588 24277.882
23023.67 23194.637
22021.523 22176.049
21077.935 21217.713
20188.966 20315.512
19350.94 19465.61
18560.432 18664.439
17814.254 17908.682
17109.445 17195.263
16443.254 16521.326
15813.129 15884.228
15216.7 15281.516
14651.771 14710.92
14116.305 14170.337
13608.411 13657.819
13126.336 13171.559
12668.453 12709.886
12233.253 12271.248
11819.334 11854.207
11425.394 11457.429
11050.224 11079.674
10692.698 10719.791
10351.771 10376.713
10026.468 10049.444
26239.214 26488.288
25026.4 25250.688
23886.501 24088.551
22814.74 22996.85
21806.604 21970.842
20857.85 21006.071
19964.495 20098.364
19122.816 19243.823
18329.338 18438.815
17580.823 17679.96
16874.258 16964.119
16206.842 16288.376
15575.975 15650.029
14979.242 15046.572
14414.404 14475.684
13879.384 13935.215
13372.253 13423.172
12891.223 12937.71
12434.638 12477.12
12000.957 12039.816
11588.753 11624.331
11196.698 11229.301
10823.562 10853.464
10468.199 10495.644
10129.544 10154.754
9806.6087 9829.7795
9498.47 9519.7793
24792.586 25030.979
23647.225 23861.556
22570.671 22763.434
21558.42 21731.863
20606.218 20762.363
19710.061 19850.723
18866.195 18993.002
18071.109 18185.515
17321.525 17424.831
16614.39 16707.756
15946.861 16031.324
15316.297 15392.78
14720.244 14789.572
14156.425 14219.331
13622.727 13679.865
13117.188 13169.141
12637.991 12685.278
12183.448 12226.532
11751.993 11791.287
11342.175 11378.046
10952.645 10985.422
10582.151 10612.127
10229.529 10256.967
9893.6993 9918.8333
9573.6563 9596.6961
9268.4649 9289.5985
8977.2549 8996.6508
23399.607 23625.91
22319.125 22522.209
21303.504 21485.798
20348.502 20512.194
19450.11 19597.168
18604.559 18736.749
17808.312 17927.215
17058.061 17165.09
16350.717 16447.137
15683.405 15770.341
15053.447 15131.902
14458.352 14529.222
13895.81 13959.89
13363.674 13421.673
12859.952 12912.5
12382.796 12430.454
11930.492 11973.759
11501.449 11540.77
11094.192 11129.961
10707.351 10739.92
10339.654 10369.337
9989.9205 10016.998
9657.0543 9681.774
9340.0355 9362.62
9037.9161 9058.5639
8749.814 8768.7026
8474.9083 8492.1964
22090.593 22304.049
21071.02 21262.169
20112.608 20283.806
19211.36 19364.728
18363.499 18500.945
17565.471 17688.707
16813.946 16924.502
16105.804 16205.05
15438.137 15527.293
14808.232 14888.387
14213.566 14285.688
13651.793 13716.745
13120.734 13179.282
12618.364 12671.189
12142.807 12190.515
11692.319 11735.448
11265.284 11304.311
10860.203 10895.553
10475.683 10507.732
10110.434 10139.517
9763.2545 9789.6696
9433.0322 9457.0439
9118.7321 9140.5758
8819.3922 8839.2776
8534.1183 8552.232
8262.078 8278.5865
8002.4966 8017.5483
20890 21090.594
19926.247 20105.46
19020.27 19180.379
18168.294 18311.352
17366.754 17494.605
16612.296 16726.594
15901.773 16003.998
15232.241 15323.715
14600.955 14682.856
14005.352 14078.73
13443.051 13508.839
12911.836 12970.864
12409.649 12462.655
11934.579 11982.216
11484.853 11527.701
11058.824 11097.4
10654.967 10689.725
10271.863 10303.209
9908.1995 9936.4918
9562.7544 9588.3114
9234.3953 9257.499
8922.0697 8942.9705
8624.7998 8643.7198
8341.6767 8358.813
8071.855 8087.3829
7814.5482 7828.6233
7569.0239 7581.7847
19814.182 20002.668
18900.417 19068.406
18041.404 18191.092
17233.564 17366.934
16473.522 16592.356
15758.099 15863.993
15084.314 15178.699
14449.379 14533.533
13850.694 13925.752
13285.831 13352.807
12752.535 12812.329
12248.706 12302.118
11772.395 11820.135
11321.793 11364.488
10895.218 10933.427
10491.111 10525.328
10108.027 10138.687
9744.6214 9772.1134
9399.6495 9424.3152
9071.9546 9094.097
8760.463 8780.3502
8464.1772 8482.0465
8182.1704 8198.232
7913.5811 7928.021
7657.6079 7670.591
7413.5053 7425.1775
7180.5789 7191.0697
18868.148 19045.949
17998.322 18156.421
17180.597 17321.111
16411.568 16536.411
15688.02 15798.912
15006.929 15105.416
14365.46 14452.924
13760.961 13838.637
13190.956 13259.945
12653.138 12714.42
12145.36 12199.807
11665.628 11714.011
11212.084 11255.09
10783.009 10821.245
10376.804 10410.808
9991.9853 10022.234
9627.1771 9654.0906
9281.1021 9305.053
8952.5751 8973.8923
8640.496 8659.47
8343.843 8360.7306
8061.6672 8076.695
7793.0866 7806.455
7537.2813 7549.1675
7293.489 7304.0491
7060.9999 7070.3721
6839.1533 6847.4598
18043.436 18212.402
17211.902 17361.847
16430.17 16563.133
15694.98 15812.808
15003.259 15107.616
14352.116 14444.496
13738.838 13820.583
13160.893 13233.199
12615.913 12679.85
12101.694 12158.215
11616.185 11666.135
11157.479 11201.611
10723.804 10762.784
10313.515 10347.933
9925.085 9955.4648
9557.0969 9583.9011
9208.236 9231.8736
8877.2821 8898.1146
8563.1028 8581.4493
8264.6471 8280.7892
7980.9388 7995.1249
7711.071 7723.5204
7454.2011 7465.1073
7209.5458 7219.0793
6976.3763 6984.6875
6754.0146 6761.2361
6541.8292 6548.0779
17316.713 17478.689
16518.905 16662.439
15768.885 15895.936
15063.521 15175.869
14399.861 14499.112
13775.126 13862.73
13186.715 13263.971
12632.194 12700.268
12109.294 12169.227
11615.898 11668.618
11150.04 11196.374
10709.889 10750.572
10293.747 10329.432
9900.036 9931.3007
9527.2914 9554.6487
9174.1548 9198.0583
8839.3653 8860.216
8521.7529 8539.9055
8220.2319 8235.9993
7933.7945 7947.4528
7661.5047 7673.2976
7402.4929 7412.6353
7155.9511 7164.6324
6921.1282 6928.5153
6697.3256 6703.5654
6483.8928 6489.1147
6280.2243 6284.5424
16649.691 16805.872
15882.798 16021.076
15161.863 15284.109
14483.867 14591.786
13845.963 13941.103
13245.477 13329.238
12679.904 12753.545
12146.903 12211.556
11644.289 11700.969
11170.029 11219.642
10722.231 10765.586
10299.135 10336.953
9899.1098 9932.0299
9520.6375 9549.2299
9162.3119 9187.0812
8822.8275 8844.2209
8500.973 8519.3863
8195.6243 8211.4079
7905.7383 7919.2018
7630.3471 7641.7636
7368.5514 7378.1622
7119.5161 7127.5338
6882.4649 6889.0772
6656.6764 6662.0485
6441.4794 6445.7568
6236.2492 6239.5601
6040.4041 6042.8611
15991.829 16141.953
15255.352 15388.192
14563.044 14680.365
13911.995 14015.416
13299.463 13390.459
12722.871 12802.783
12179.809 12249.848
11668.025 11729.284
11185.418 11238.879
10730.033 10776.577
10300.052 10340.467
9893.7852 9928.774
9509.6643 9539.8539
9146.2328 9172.1815
8802.1401 8824.3437
8476.1328 8495.0314
8167.0482 8183.032
7873.8071 7887.2222
7595.4088 7606.5611
7330.9241 7340.084
7079.4902 7086.8967
6840.3056 6846.1695
6612.6254 6617.1329
6395.7573 6399.0725
6189.0574 6191.3246
5991.9261 5993.2726
5803.8053 5804.343
15287.31 15428.844
14583.283 14708.408
13921.527 14031.875
13299.245 13396.322
12713.804 12798.992
12162.732 12237.294
11643.72 11708.8
11154.609 11211.245
10693.387 10742.515
10258.182 10300.645
9847.254 9883.8081
9458.988 9490.3091
9091.8828 9118.5758
8744.5461 8767.1505
8415.6866 8434.6828
8104.1064 8119.9214
7808.6942 7821.7076
7528.4191 7538.9675
7262.3247 7270.7065
7009.5234 7016.0024
6769.1909 6774.0005
6540.5617 6543.908
6322.9242 6324.9894
6115.6173 6116.5618
5918.0258 5917.9909
5729.5773 5728.6874
5549.7384 5548.1032
14486.137 14613.775
13818.86 13931.421
13191.701 13290.648
12601.996 12688.688
12047.238 12122.929
11525.073 11590.917
11033.305 11090.354
10569.883 10619.094
10132.895 10175.135
9720.5647 9756.6148
9331.2397 9361.8047
8963.3871 8989.0988
8615.5832 8637.0076
8286.5078 8304.151
7974.9366 7989.2498
7679.7342 7691.119
7399.8473 7408.661
7134.2989 7140.8589
6882.1829 6886.7704
6642.6584 6645.5224
6414.9448 6416.3052
6198.3167 6198.368
5992.1003 5991.0142
5795.6693 5793.5968
5608.4412 5605.5153
5429.8739 5426.2115
5259.4624 5255.1661
13558.531 13664.393
12933.635 13026.389
12346.369 12427.261
11794.222 11864.423
11274.834 11335.431
10785.993 10837.993
10325.635 10369.959
9891.8315 9929.3229
9482.7891 9514.2128
9096.8396 9122.8885
8732.4336 8753.7327
8388.1334 8405.2441
8062.6042 8076.0304
7754.6084 7764.8008
7462.9988 7470.3597
7186.7117 7191.5989
6924.7606 6927.4924
6676.2302 6677.0892
6440.2721 6439.5084
6216.0991 6213.9335
6002.9802 5999.6076
5800.2365 5795.8286
5607.2371 5601.9452
5423.3959 5417.3526
5248.1677 5241.4893
5081.0451 5073.8331
4921.5555 4913.8988
12508.573 12583.452
11931.488 11995.935
11389.211 11444.217
10879.411 10925.915
10399.901 10438.782
9948.6277 9980.7041
9523.678 9549.7033
9123.2667 9143.9312
8745.7324 8761.6653
8389.5309 8401.3026
8053.2285 8061.3538
7735.4953 7740.4367
7435.0968 7437.2691
7150.8886 7150.6624
6881.8104 6879.5156
6626.8789 6622.8083
6385.1825 6379.5956
6155.8755 6149.0019
5938.1742 5930.2159
5731.3514 5722.4858
5534.732 5525.1147
5347.6889 5337.4559
5169.6396 5158.9097
5000.0428 4988.9193
4838.3954 4826.9673
4684.2286 4672.5732
4537.1062 4525.29
11380.766 11416.336
10854.884 10883.325
10360.779 10382.791
9896.3173 9912.5721
9459.4947 9470.6297
9048.4352 9055.0468
8661.3886 8664.0285
8296.7232 8295.898
7952.9206 7949.0925
7628.5699 7622.158
7322.3617 7313.7434
7033.0817 7022.5946
6759.6026 6747.5484
6500.8799 6487.5268
6255.946 6241.5306
6023.9037 6008.6344
5803.9212 5787.9808
5595.227 5578.7754
5397.1064 5380.2824
5208.8963 5191.8196
5029.981 5012.7547
4859.7887 4842.5013
4697.7883 4680.5151
4543.4866 4526.2909
4396.4247 4379.3596
4256.1755 4239.285
4122.3415 4105.6617
10254.158 10245.554
9779.2846 9767.2163
9333.1646 9318.0238
8913.8624 8896.0365
8519.5612 8499.4243
8148.5598 8126.4674
7799.2721 7775.5549
7470.2195 7445.1822
7160.0266 7133.947
6867.4154 6840.5442
6591.2003 6563.7616
6330.282 6302.4736
6083.6401 6055.6364
5850.329 5822.2826
5629.4735 5601.5155
5420.2619 5392.5047
5221.9416 5194.4806
5033.8149 5006.7305
4855.2354 4828.5941
4685.6037 4659.459
4524.363 4498.758
4370.9964 4345.9645
4225.024 4200.5904
4085.9998 4062.1821
3953.5092 3930.3187
3827.1664 3804.6088
3706.6121 3684.6885
9222.0536 9169.8205
8793.7797 8741.7153
8391.5042 8339.6939
8013.4723 7962.0203
7658.037 7607.0566
7323.6563 7273.2636
7008.8934 6959.1999
6712.4092 6663.5188
6432.9577 6384.9652
6169.3822 6122.3712
5920.6096 5874.6518
5685.6452 5640.7999
5463.5658 5419.8812
5253.5162 5211.0298
5054.7048 5013.4433
4866.398 4826.3785
4687.9153 4649.1468
4518.6261 4481.1101
4357.9463 4321.6774
4205.3343 4170.301
4060.2874 4026.4728
3922.3386 3889.7219
3791.0544 3759.6112
3666.0323 3635.7349
3546.8979 3517.7162
3433.3029 3405.2049
3324.923 3297.8752
8362.9978 8273.4556
7973.3914 7887.2061
7607.5174 7524.4896
7263.7666 7183.74
6940.6296 6863.4796
6636.6935 6562.3198
6350.6429 6278.9601
6081.2524 6012.1855
5827.3821 5760.8638
5587.9744 5523.9412
5362.0484 5300.4388
5148.6956 5089.4479
4947.0726 4890.1258
4756.3984 4701.6911
4575.9509 4523.42
4405.0606 4354.6419
4243.1067 4194.7353
4089.5141 4043.1249
3943.7504 3899.2774
3805.322 3762.6983
3673.7706 3632.9297
3548.671 3509.5463
3429.6282 3392.154
3316.2756 3280.3867
3208.2724 3173.9043
3105.3016 3072.3908
3007.0679 2975.5524
7713.2372 7596.8848
7352.7703 7242.2278
7014.361 6909.1785
6696.5022 6596.299
6397.7818 6302.2326
6116.8792 6025.7043
5852.5662 5765.5198
5603.6996 5520.5637
5369.2169 5289.7963
5148.1329 5072.2502
4939.5348 4867.0267
4742.5773 4673.2912
4556.4762 4490.2699
4380.5061 4317.2456
4213.9963 4153.5535
4056.3254 3998.5779
3906.9173 3851.7484
3765.2386 3712.5364
3630.7959 3580.4523
3503.1317 3455.0423
3381.8215 3335.8856
3266.4713 3222.592
3156.7154 3114.7995
3052.2147 3012.1718
2952.6537 2914.3969
2857.7389 2821.1845
2767.1975 2732.2649
7250.0878 7118.1527
6910.2906 6785.8503
6591.4067 6473.7936
6291.991 6180.6349
6010.6917 5905.1032
5746.2468 5646.0039
5497.4844 5402.2181
5263.3149 5172.7006
5042.7271 4956.4774
4834.7841 4752.6421
4638.6192 4560.3525
4453.4305 4378.8268
4278.4744 4207.34
4113.0637 4045.2199
3956.5638 3891.8439
3808.3868 3746.6349
3667.9883 3609.0585
3534.8642 3478.6195
3408.5487 3354.8591
3288.6101 3237.3521
3174.648 3125.7044
3066.2908 3019.5502
2963.1939 2918.5503
2865.0376 2822.3898
2771.525 2730.7761
2682.3796 2643.4375
2597.3444 2560.1211
6892.7324 6752.4758
6568.7947 6437.2493
6264.9319 6141.2277
5979.7373 5863.1327
5711.8978 5601.7588
5460.1897 5355.9727
5223.4791 5124.713
5000.7136 4906.9884
4790.9179 4701.8748
4593.1898 4508.5125
4406.6954 4326.1024
4230.6646 4153.9032
4064.3839 3991.2269
3907.1947 3837.436
3758.4891 3691.9399
3617.7048 3554.1911
3484.3212 3423.6826
3357.8568 3299.9448
3237.8668 3182.5424
3123.9396 3071.0722
3015.6931 2965.16
2912.7734 2864.4592
2814.852 2768.6479
2721.6246 2677.4272
2632.8085 2590.5198
2548.1408 2507.6678
2467.3769 2428.6314
6526.6839 6377.0587
6218.9571 6079.3618
5930.4463 5799.8015
5659.7848 5537.1709
5405.6997 5290.3311
5167.0073 5058.2122
4942.613 4839.8117
4731.5025 4634.1936
4532.7373 4440.4851
4345.4507 4257.8743
4168.8429 4085.6067
4002.176 3922.9821
3844.7673 3769.3508
3695.987 3624.1109
3555.2549 3486.7043
3422.0345 3356.6143
3295.8296 3233.362
3176.1816 3116.5039
3062.6673 3005.6289
2954.895 2900.3561
2852.5019 2800.3324
2755.1514 2705.2303
2662.532 2614.7457
2574.3548 2528.5966
2490.3517 2446.5209
2410.2733 2368.2751
2333.8879 2293.6326
6057.7987 5888.8425
5770.8842 5613.94
5502.0248 5355.7852
5249.9197 5113.2636
5013.3601 4885.3236
4791.223 4670.9771
4582.4721 4469.2987
4386.1481 4279.4238
4201.365 4100.5464
4027.3052 3931.917
3863.2154 3772.8388
3708.4016 3622.6651
3562.2217 3480.7962
3424.0847 3346.676
3293.446 3219.7895
3169.803 3099.6592
3052.6909 2985.8431
2941.6804 2877.9315
2836.3759 2775.545
2736.4114 2678.3318
2641.4479 2585.9657
2551.1713 2498.1444
2465.2909 2414.5871
2383.5374 2335.0333
2305.6608 2259.241
2231.4288 2186.9854
2160.6257 2118.0573
5473.8652 5272.5428
5212.922 5026.4129
4968.5233 4795.2776
4739.4665 4578.1391
4524.6345 4374.0559
4322.9908 4182.1434
4133.5798 4001.5729
3955.5179 3831.5705
3787.9894 3671.4146
3630.2423 3520.434
3481.5846 3378.0048
3341.3788 3243.5482
3209.036 3116.5271
3084.014 2996.4437
2965.8144 2882.8369
2853.9768 2775.2792
2748.0759 2673.3749
2647.7192 2576.7571
2552.545 2485.0861
2462.2193 2398.0469
2376.4326 2315.3475
2294.8984 2236.7172
2217.3514 2161.9047
2143.5464 2090.6766
2073.2555 2022.8164
2006.2674 1958.1226
1942.3855 1896.4081
4859.9842 4619.7502
4626.3344 4404.0958
4407.6145 4201.5792
4202.7316 4011.3262
4010.6712 3832.512
3830.4918 3664.3614
3661.3268 3506.1485
3502.3748 3357.1949
3352.8964 3216.8687
3212.2105 3084.5816
3079.6905 2959.7871
2954.7599 2841.978
2836.8861 2730.6837
2725.5789 2625.4681
2620.3884 2525.9271
2520.8989 2431.6863
2426.7269 2342.3988
2337.5181 2257.7433
2252.9469 2177.422
2172.7125 2101.1591
2096.5361 2028.6987
2024.1601 1959.8035
1955.3459 1894.2534
1889.8729 1831.8439
1827.5368 1772.3854
1768.1474 1715.7012
1711.5285 1661.6275
4338.6239 4065.0578
4128.088 3875.2986
3931.1247 3697.0996
3746.732 3529.6915
3573.9804 3372.3485
3412.0079 3224.3887
3260.0216 3085.1731
3117.289 2954.1051
2983.1344 2830.6284
2856.936 2714.2255
2738.1222 2604.4155
2626.1678 2500.752
2520.5871 2402.8211
2420.9341 2310.239
2326.7994 2222.6501
2237.8053 2139.7248
2153.6032 2061.1582
2073.8715 1986.6673
1998.3148 1915.9902
1926.6602 1848.8842
1858.6553 1785.1241
1794.0666 1724.5011
1732.6782 1666.8216
1674.2906 1611.9056
1618.7189 1559.5862
1565.7915 1509.708
1515.3491 1462.1268
3977.049 3684.3602
3782.4589 3512.3734
3600.5413 3350.8641
3430.3487 3199.1351
3271.0032 3056.5285
3121.6916 2922.4262
2981.6676 2796.249
2850.2422 2677.4563
2726.7808 2565.5439
2610.7 2460.0427
2501.4642 2360.517
2398.582 2266.5621
2301.5991 2177.8028
2210.0989 2093.8914
2123.6997 2014.5055
2042.0493 1939.3465
1964.823 1868.1378
1891.7214 1800.6232
1822.4701 1736.5651
1756.8155 1675.7437
1694.5235 1617.9548
1635.3773 1563.0092
1579.1768 1510.7314
1525.7372 1460.9583
1474.8875 1413.5386
1426.4688 1368.3315
1380.3339 1325.2062
3736.2824 3436.6522
3552.236 3276.2297
3380.3092 3125.5801
3219.5806 2984.0529
3069.1986 2851.0347
2928.3758 2725.9489
2796.391 2608.2554
2672.5794 2497.4498
2556.33 2393.0618
2447.0819 2294.654
2344.3212 2201.8198
2247.5767 2114.1819
2156.414 2031.3903
2070.4347 1953.1205
1989.2746 1879.072
1912.5979 1808.9661
1840.0954 1742.545
1771.4825 1679.5696
1706.4982 1619.8184
1644.9021 1563.0861
1586.4719 1509.1825
1531.0023 1457.931
1478.3037 1409.1679
1428.2016 1362.7412
1380.5341 1318.5096
1335.151 1276.3418
1291.9135 1236.1159
3505.5069 3199.4039
3331.5683 3050.0571
3169.217 2909.8082
3017.5573 2778.052
2875.7632 2654.2172
2743.0725 2537.7672
2618.7883 2428.1991
2502.2697 2325.0432
2392.9284 2227.862
2290.2251 2136.248
2193.6668 2049.8228
2102.802 1968.2352
2017.2149 1891.1593
1936.525 1818.293
1860.3845 1749.3565
1788.4736 1684.0905
1720.4979 1622.2548
1656.1866 1563.627
1595.292 1508.0007
1537.5859 1455.185
1482.8575 1405.0026
1430.9125 1357.2893
1381.5715 1311.8925
1334.6692 1268.6708
1290.053 1227.4927
1247.581 1188.2359
1207.1221 1150.787
3200.0786 2876.8273
3039.6177 2742.5392
2889.9696 2616.4318
2750.2882 2497.9606
2619.7943 2386.6122
2497.7691 2281.9037
2383.5571 2183.3831
2276.5556 2090.6282
2176.212 2003.2455
2082.0207 1920.8687
1993.5196 1843.1575
1910.2862 1769.796
1831.9316 1700.4912
1758.1005 1634.9716
1688.4684 1572.9856
1622.7374 1514.3001
1560.633 1458.6989
1501.9034 1405.9821
1446.3184 1355.9643
1393.6661 1308.4736
1343.751 1263.3508
1296.3928 1220.4481
1251.4253 1179.6283
1208.6956 1140.7644
1168.0625 1103.7379
1129.395 1068.4391
1092.5718 1034.7659
2859.2368 2511.818
2713.8573 2394.5687
2578.3904 2284.4621
2452.0532 2181.0228
2334.125 2083.8024
2223.9418 1992.3795
2120.8981 1906.3595
2024.4377 1825.3736
1934.0511 1749.0782
1849.2723 1677.1535
1769.6756 1609.3024
1694.8728 1545.2491
1624.5059 1484.7377
1558.2486 1427.5313
1495.8032 1373.4101
1436.8963 1322.1706
1381.2765 1273.6241
1328.713 1227.596
1278.9952 1183.9244
1231.9295 1142.4593
1187.3372 1103.0617
1145.0538 1065.6024
1104.9276 1029.9619
1066.8194 996.02891
1030.6005 963.70033
996.15154 932.8802
963.36244 903.47935
2580.5443 2215.0626
2447.4826 2111.6661
2323.6071 2014.5684
2208.1846 1923.3502
2100.5406 1837.6161
2000.054 1756.9946
1906.1592 1681.1374
1818.3373 1609.7196
1736.1129 1542.4381
1659.052 1479.0109
1586.7584 1419.1761
1518.8709 1362.6904
1455.057 1309.3282
1395.0135 1258.8804
1338.4646 1211.1533
1285.1568 1165.9675
1234.8574 1123.1565
1187.3527 1082.5663
1142.4483 1044.0543
1099.9653 1007.488
1059.739 972.74496
1021.6175 939.71127
985.46121 908.28141
951.142 878.3574
918.54155 849.84821
887.55022 822.66928
858.06689 796.74193
2391.8205 2019.7293
2267.0926 1925.4509
2151.0846 1836.9158
2043.0911 1753.7417
1942.4641 1675.5681
1848.6074 1602.0562
1760.9795 1532.8886
1679.0834 1467.7688
1602.4651 1406.4206
1530.7099 1348.5868
1463.4406 1294.0285
1400.3132 1242.524
1341.0114 1193.8676
1285.2474 1147.8686
1232.7592 1104.3504
1183.3069 1063.1492
1136.67 1024.1135
1092.6466 987.10282
1051.0528 951.98696
1011.72 918.64531
974.49285 886.96603
939.22832 856.84539
905.795 828.18716
874.07247 800.90198
843.9496 774.90686
815.32346 750.12468
788.09922 726.48371
2226.0832 1849.9187
2108.6971 1763.5673
1999.6217 1682.4762
1898.1757 1606.2953
1803.734 1534.6946
1715.7222 1467.3635
1633.6194 1404.0114
1556.9483 1344.3668
1485.2731 1288.1766
1418.1965 1235.2053
1355.3575 1185.2342
1296.4273 1138.06
1241.1038 1093.4945
1189.1126 1051.3629
1140.2042 1011.5035
1094.1503 973.76641
1050.7414 938.01268
1009.7857 904.11368
971.10887 871.95021
934.55122 841.41177
899.96566 812.39594
867.21697 784.80771
836.18101 758.55892
806.74416 733.56775
778.80161 709.75816
752.25643 687.05954
727.01931 665.40618
2028.1357 1641.4167
1919.5529 1564.7982
1818.7578 1492.847
1725.105 1425.2526
1638.0032 1361.722
1556.9092 1301.9798
1481.3311 1245.7681
1410.8185 1192.8461
1344.9605 1142.9891
1283.3828 1095.9882
1225.7455 1051.6493
1171.7396 1009.7922
1121.0812 970.2496
1073.5126 932.8667
1028.8001 897.49985
986.72966 864.01605
947.10507 832.2921
909.74698 802.21384
874.49262 773.67548
841.19283 746.579
809.71045 720.83351
779.91947 696.35471
751.70429 673.06439
724.95923 650.88992
699.58692 629.76388
675.4973 609.62358
652.60754 590.41073
1836.8261 1438.9397
1736.7725 1371.7726
1643.9909 1308.6971
1557.8729 1249.4411
1477.8611 1193.7474
1403.4441 1141.3749
1334.1592 1092.0973
1269.583 1045.7036
1209.3293 1001.9968
1153.0469 960.79377
1100.4169 921.92434
1051.1499 885.2305
1004.9799 850.56574
961.66577 817.79421
920.98901 786.79004
882.74975 757.43665
846.76482 729.62601
812.8669 703.25805
780.90439 678.24004
750.73847 654.48604
722.24155 631.91638
695.29649 610.45716
669.79596 590.0398
645.64194 570.60066
622.74419 552.08062
601.0193 534.42471
580.39062 517.58185
1694.363 1292.6178
1600.707 1232.2809
1513.9454 1175.6194
1433.4951 1122.389
1358.8225 1072.3587
1289.4384 1025.3119
1224.9006 981.04534
1164.8048 939.36931
1108.7828 900.10698
1056.4998 863.09382
1007.6524 828.17695
961.96516 795.21444
919.1854 764.07466
879.08413 734.63559
841.45426 706.78418
806.10636 680.41568
772.86699 655.43304
741.57787 631.74638
712.09579 609.2724
684.28973 587.93389
658.03934 567.65928
633.23422 548.38219
609.77333 530.04103
587.56448 512.5786
566.52289 495.94181
546.57022 480.08128
527.63456 464.95112
1568.5262 1165.0263
1480.5654 1110.6452
1399.1608 1059.5769
1323.752 1011.6008
1253.8269 966.50899
1188.9161 924.1061
1128.5961 884.20903
1072.4798 846.6468
1020.215 811.26002
971.48187 777.9004
925.99058 746.43013
883.4786 716.72131
843.70494 688.65529
806.4516 662.12212
771.52163 637.01987
738.73499 613.25416
707.92697 590.73752
678.94739 569.38892
651.66052 549.13331
625.94232 529.90108
601.67892 511.62774
578.76597 494.25345
557.108 477.7227
536.61807 461.98395
517.21625 446.98933
498.82873 432.69435
481.38785 419.05765
1435.0319 1027.0618
1353.1229 979.12069
1277.3979 934.09999
1207.3235 891.80537
1142.4125 852.05349
1082.2188 814.67207
1026.3403 779.49973
974.40948 746.38572
926.09238 715.18955
881.08576 685.78046
839.11529 658.03699
799.93251 631.84636
763.30949 607.10399
729.04022 583.71294
696.93879 561.58337
666.83535 540.63204
638.5746 520.78187
612.01505 501.96142
587.02898 484.10451
563.49978 467.1498
541.32044 451.04042
520.39298 435.72363
500.62785 421.15048
481.94358 407.27554
464.26532 394.05661
447.52402 381.45447
431.65641 369.43265
1319.6743 909.79518
1243.0459 867.32795
1172.2749 827.44765
1106.8518 789.98215
1046.3114 754.76908
990.22769 721.65579
938.21733 690.49935
889.93035 661.16623
845.04857 633.53196
803.28347 607.48073
764.37422 582.90493
728.08483 559.70468
694.1988 537.78733
662.52068 517.067
632.87428 497.46412
605.0987 478.90495
579.04692 461.32122
554.58507 444.64963
531.5925 428.83156
509.95909 413.81269
489.5839 399.54263
470.37453 385.97465
452.24661 373.06542
435.12348 360.77467
418.93478 349.06503
403.61559 337.90176
389.10652 327.25255
1222.133 813.28147
1150.0357 775.31933
1083.5142 739.6697
1022.0792 706.1787
965.28439 674.70117
912.72147 645.10067
864.02313 617.24942
818.85437 591.02806
776.91079 566.32533
737.91658 543.03771
701.6226 521.069
667.80358 500.32992
636.25297 480.73763
606.78444 462.21538
579.23021 444.69204
553.43714 428.10169
529.26536 412.38329
506.58765 397.48027
485.28945 383.34024
465.26628 369.91461
446.42244 357.15836
428.67037 345.02971
411.93021 333.48992
396.12946 322.50301
381.20162 312.03556
367.08539 302.05652
353.72471 292.53701
1126.5147 718.11102
1058.881 684.59129
996.53962 653.11344
939.02234 623.54161
885.90245 595.74761
836.7899 569.61099
791.33398 545.01892
749.21506 521.86602
710.14286 500.05403
673.85451 479.49154
640.11273 460.09363
608.70316 441.78144
579.42928 424.48186
552.11395 408.12709
526.59784 392.65434
502.73557 378.0054
480.39442 364.12637
459.45375 350.96731
439.80509 338.48195
421.34953 326.62739
403.99654 315.36388
387.66335 304.65453
372.27451 294.46514
357.76161 284.76392
344.06196 275.52137
331.11777 266.71008
318.87625 258.30454
1041.7367 635.45308
978.1186 605.79165
919.53432 577.93707
865.53522 551.76912
815.7126 527.17437
769.69312 504.04622
727.14138 482.28484
687.75187 461.79696
651.24724 442.49564
617.37652 424.30001
585.91332 407.1349
556.65326 390.93054
529.40897 375.62223
504.01174 361.14998
480.30994 347.45821
458.16528 334.49544
437.45156 322.21395
418.05416 310.56957
399.8701 299.52133
382.80556 289.03129
366.7747 279.06426
351.69909 269.58761
337.5073 260.57106
324.13463 251.98649
311.52181 243.8078
299.61423 236.01073
288.36207 228.5727
966.02851 563.32407
906.05649 537.02947
850.87984 512.33662
800.06816 489.13895
753.22967 467.33592
710.00659 446.83302
670.07782 427.54173
633.15099 409.37941
598.96082 392.26901
567.26737 376.13878
537.8543 360.92206
510.52651 346.55703
485.10514 332.98634
461.42927 320.15681
439.35438 308.01917
418.7487 296.52778
399.49207 285.64034
381.47539 275.31769
364.60074 265.52351
348.77898 256.22417
333.92857 247.38848
319.97507 238.9875
306.85072 230.9944
294.4942 223.38425
282.84937 216.1339
271.86455 209.22186
261.49262 202.62811
895.23315 496.54065
838.71033 473.36336
786.75332 451.59794
738.94962 431.15044
694.92398 411.93223
654.33387 393.86002
616.87215 376.85578
582.25923 360.84665
550.24157 345.76469
520.58997 331.54671
493.09796 318.13396
467.57934 305.47195
443.86348 293.5101
421.79697 282.20155
401.24214 271.50286
382.07351 261.37381
364.17671 251.7771
347.44792 242.67823
331.79408 234.04518
317.13051 225.8483
303.37978 218.0601
290.47123 210.65508
278.3406 203.60958
266.92978 196.90163
256.18561 190.51083
246.05915 184.41822
236.50584 178.60618
832.14922 438.87395
778.7661 418.38842
729.73595 399.15078
684.66311 381.078
643.18785 364.09174
604.98199 348.11838
569.75145 333.08897
537.22864 318.9391
507.17101 305.60871
479.3594 293.04197
453.59648 281.18696
429.7044 269.9955
407.52019 259.42288
386.8974 249.42767
367.70476 239.9715
349.82262 231.0188
333.14194 222.53663
317.56384 214.49447
302.99973 206.86403
289.36904 199.61911
276.59814 192.73541
264.61985 186.19039
253.37312 179.96313
242.80281 174.03422
232.85847 168.38563
223.4937 163.00059
214.66625 157.86354
773.82194 386.58635
723.3895 368.54149
677.10629 351.59585
634.59305 335.67628
595.50513 320.71378
559.52829 306.6435
526.38109 293.40471
495.80757 280.94066
467.57581 269.19848
441.47634 258.12894
417.32064 247.68634
394.93889 237.82821
374.1755 228.51521
354.89077 219.71084
336.95948 211.38128
320.26758 203.49521
304.71115 196.02361
290.19598 188.93959
276.63777 182.21825
263.95985 175.8365
252.09218 169.77292
240.97092 164.00767
230.53804 158.52233
220.7412 153.2998
211.53252 148.32418
202.86799 143.58072
194.70755 139.0557
720.88053 340.64626
673.18656 324.74577
629.44894 309.81388
589.30415 295.78613
552.42208 282.60172
518.5018 270.20351
487.27404 258.53795
458.49396 247.55509
431.93981 237.20831
407.41134 227.45424
384.72846 218.25258
363.72901 209.56595
344.26441 201.35966
326.20132 193.60155
309.42031 186.26184
293.81262 179.31291
279.27917 172.7292
265.73019 166.48702
253.08538 160.56441
241.27177 154.94103
230.22271 149.59802
219.87745 144.51789
210.18084 139.6844
201.08313 135.08248
192.53886 130.69814
184.50623 126.51837
176.94727 122.53108
672.19059 299.63772
627.06837 285.65142
585.71778 272.5171
547.79065 260.17807
512.97093 248.58086
480.97068 237.6752
451.53239 227.41401
424.42197 217.75331
399.4275 208.65211
376.3577 200.07227
355.04058 191.97836
335.32131 184.33746
317.05811 177.11909
300.12373 170.29495
284.40429 163.83883
269.79609 157.72645
256.20469 151.93531
243.54456 146.44459
231.73921 141.23497
220.7192 136.28856
210.42109 131.58877
200.78708 127.12021
191.76473 122.86859
183.30677 118.82068
175.37001 114.96415
167.91475 111.28756
160.90495 107.78027
627.58742 263.45174
584.87826 251.15451
545.76385 239.60636
509.91092 228.75748
477.01712 218.56084
446.80708 208.97222
419.03468 199.95023
393.47628 191.45621
369.92944 183.45412
348.21152 175.91044
328.15835 168.794
309.62221 162.07588
292.46777 155.72924
276.5737 149.72921
261.83141 144.05277
248.14207 138.67855
235.41567 133.58679
223.5707 128.75916
212.53436 124.17869
202.24053 119.82963
192.62883 115.69741
183.64428 111.7685
175.237 108.03034
167.36205 104.47127
159.9784 101.08048
153.04835 97.847892
146.53765 94.764166
586.47569 231.35799
546.0444 220.55884
509.03754 210.41752
475.13638 200.89026
444.05193 191.93576
415.52113 183.51522
389.30896 175.59229
365.2019 168.13302
343.00676 161.10575
322.54926 154.48105
303.67282 148.23153
286.23657 142.3318
270.11148 136.75831
255.1819 131.48921
241.34435 126.50427
228.50469 121.78475
216.57716 117.31326
205.48414 113.07374
195.15633 109.05126
185.53081 105.23201
176.55013 101.60317
168.16199 98.152881
160.31895 94.870101
152.97832 91.7446
146.10109 88.766872
139.65146 85.928082
133.59691 83.220015
548.55387 203.02653
510.27766 193.5498
475.26147 184.65035
443.20086 176.28977
413.81991 168.43182
386.86755 161.04244
362.11957 154.08974
339.37237 147.54391
318.44171 141.37719
299.16149 135.56372
281.38247 130.07951
264.97045 124.90225
249.80249 120.01127
235.76842 115.38742
222.76973 111.01292
210.71678 106.87134
199.52793 102.94742
189.12929 99.22706
179.45494 95.697163
170.44501 92.345609
162.04487 89.161156
154.20479 86.133377
146.87967 83.252598
140.02894 80.509839
133.61556 77.896756
127.60549 75.405598
121.96789 73.029156
513.44959 178.00563
477.22003 169.69681
444.09133 161.89413
413.77304 154.5639
386.00206 147.67436
360.53907 141.19565
337.17044 135.09979
315.70224 129.36067
295.95901 123.95393
277.78258 118.85692
261.03088 114.04857
245.57621 109.50936
231.30153 105.22114
218.10201 101.16713
205.88394 97.331747
194.56203 93.700569
184.05864 90.260236
174.30349 86.998367
165.23389 83.903493
156.79294 80.964982
148.92872 78.172979
141.59395 75.518341
134.74579 72.992588
128.34569 70.587844
122.35848 68.296796
116.75186 66.112646
111.49653 64.029075
480.86408 155.93419
446.58407 148.65561
415.25045 141.82041
386.58654 135.39908
360.34182 129.3638
336.28849 123.68841
314.22331 118.3484
293.96179 113.32089
275.33707 108.58455
258.19872 104.11953
242.4117 99.907382
227.85458 95.930997
214.41611 92.174491
201.99664 88.623146
190.50714 85.263323
179.86654 82.082386
170.00105 79.068629
160.84391 76.211209
152.33555 73.500077
144.42194 70.925921
137.05376 68.480106
130.18611 66.154624
123.7783 63.942047
117.79376 61.835474
112.19909 59.828499
106.96364 57.915168
102.0596 56.089944
450.53362 136.48757
418.1157 130.11668
388.49398 124.13387
361.40532 118.51332
336.61158 113.23068
313.89629 108.26304
293.06638 103.58896
273.94662 99.188411
256.37856 95.04272
240.21936 91.134515
225.34081 87.447651
211.62765 83.967144
198.97425 80.679096
187.28603 77.570622
176.47846 74.629787
166.47462 71.84553
157.20447 69.207605
148.60462 66.70652
140.61857 64.33348
133.19503 62.080333
126.28721 59.939524
119.8525 57.904041
113.85231 55.967381
108.25193 54.123507
103.01971 52.366811
98.126551 50.692081
93.546111 49.09447
422.22582 119.37367
391.59071 113.80159
363.60557 108.56893
338.02061 103.65311
314.60986 99.03283
293.16796 94.688054
273.51184 90.600031
255.47536 86.751241
238.90828 83.125355
223.67521 79.707175
209.65462 76.482585
196.73727 73.438478
184.82303 70.562697
173.82223 67.843975
163.65478 65.271873
154.24777 62.836716
145.53479 60.529542
137.45576 58.342051
129.95713 56.266551
122.9903 54.295911
116.5109 52.423522
110.47856 50.643254
104.85668 48.949419
99.612401 47.336735
94.715707 45.800297
90.139043 44.335549
85.857435 42.938251
395.73587 104.32806
366.81111 99.458312
340.39385 94.885208
316.24743 90.58901
294.15784 86.551094
273.93065 82.75396
255.39259 79.181216
238.38643 75.817552
222.76999 72.648695
208.41518 69.661365
195.20698 66.843223
183.04204 64.182815
171.82561 61.669518
161.47283 59.293483
151.90791 57.045587
143.06185 54.917374
134.87179 52.901014
127.28087 50.989252
120.23839 49.175363
113.69836 47.453119
107.61879 45.816741
101.96143 44.260872
96.691665 42.780542
91.77837 41.371135
87.193146 40.028364
82.909902 38.748246
78.904999 37.527076
370.88238 91.109898
343.60121 86.857162
318.68866 82.863483
295.92099 79.111625
275.09595 75.585325
256.02983 72.269298
238.55898 69.149232
222.53491 66.211755
207.82334 63.444401
194.30329 60.835576
181.86615 58.374501
170.41432 56.051176
159.85827 53.856322
150.11788 51.78134
141.12153 49.81826
132.80405 47.9597
125.10603 46.19882
117.97373 44.529285
111.35924 42.945224
105.2191 41.441194
99.513613 40.012152
94.206631 38.653419
89.265416 37.360653
84.660551 36.129824
80.365184 34.957188
76.354649 33.839267
72.606592 32.772825
347.51053 79.507624
321.81055 75.796446
298.34383 72.311337
276.89933 69.037253
257.28636 65.960003
239.33174 63.066251
222.88123 60.343505
207.79488 57.780095
193.94617 55.365146
181.22105 53.088537
169.5172 50.940864
158.74261 48.913398
148.81289 46.998045
139.65248 45.187297
131.19389 43.474202
123.37563 41.852317
116.14168 40.315673
109.44133 38.858742
103.22939 37.4764
97.464857 36.163899
92.110258 34.916835
87.131478 33.731127
82.497611 32.602986
78.180889 31.528894
74.155962 30.505585
70.399535 29.530024
66.890502 28.599386
325.48656 69.333399
301.30884 66.097115
279.23255 63.057971
259.05913 60.202848
240.60919 57.519372
223.71988 54.995913
208.24616 52.621577
194.05645 50.386188
181.03178 48.280262
169.06492 46.294974
158.05962 44.422123
147.92938 42.654097
138.5948 40.983836
129.98478 39.404796
122.03583 37.910913
114.69007 36.496568
107.89477 35.156556
101.60216 33.886057
95.769718 32.680602
90.358798 31.536051
85.334109 30.448564
80.663504 29.414581
76.317851 28.430799
72.270983 27.49415
68.499001 26.601785
64.979942 25.751058
61.693905 24.939505
304.6941 60.419663
281.98261 57.599441
261.24427 54.951013
242.29275 52.46295
224.95973 50.124466
209.09242 47.925426
194.5548 45.856338
181.22346 43.908334
168.98678 42.073148
157.74417 40.343091
147.40535 38.711016
137.88914 37.17029
129.121 35.714759
121.03421 34.338722
113.56914 33.036894
106.67145 31.804378
100.29159 30.63664
94.384671 29.529477
88.910726 28.478997
83.833435 27.48159
79.119612 26.533911
74.739017 25.632858
70.664246 24.775551
66.870679 23.959318
63.335827 23.181677
60.039012 22.440319
56.9615 21.7331
285.03461 52.616887
263.73527 50.160876
244.28444 47.854474
226.50771 45.687725
210.2476 43.651239
195.36114 41.736189
181.7211 39.934309
169.21199 38.237875
157.7294 36.63969
147.1792 35.133057
137.47687 33.711752
128.54644 32.369999
120.31811 31.102439
112.72937 29.904107
105.72439 28.7704
99.252239 27.697055
93.266461 26.680121
87.724977 25.71594
82.590298 24.801121
77.828355 23.932521
73.408006 23.107228
69.300863 22.322539
65.481195 21.575947
61.925882 20.865124
58.613799 20.187909
55.525514 19.542292
52.643421 18.926405
266.42428 45.792023
246.48428 43.65458
228.27186 41.647339
211.62429 39.761638
196.39462 37.989303
182.44945 36.322652
169.67009 34.754492
157.94878 33.278102
147.18807 31.887216
137.3001 30.576007
128.20599 29.339059
119.83478 28.171344
112.12129 27.068198
105.0071 26.025301
98.440038 25.038646
92.372497 24.104523
86.761028 23.219495
81.56626 22.380377
76.753115 21.584219
72.289705 20.828285
68.146866 20.11004
64.298006 19.427132
60.719011 18.77738
57.388217 18.158758
54.285816 17.569383
51.393583 17.007509
48.695001 16.471508
248.78998 39.827134
230.1575 37.968117
213.13554 36.222342
197.57271 34.582275
183.33232 33.040806
170.29026 31.591256
158.3361 30.227367
147.36958 28.943293
137.30001 27.733586
128.0456 26.593177
119.53291 25.517355
111.69585 24.501748
104.47369 23.5423
97.811995 22.635252
91.66212 21.77712
85.979674 20.964678
80.724117 20.194935
75.858701 19.465122
71.350681 18.772672
67.170277 18.115207
63.290241 17.490522
59.685716 16.896571
56.334155 16.331456
53.215297 15.793417
50.310611 15.280815
47.603037 14.792131
45.077109 14.325951
232.06828 34.617808
214.6923 33.001948
198.81374 31.484519
184.29224 30.058971
171.00103 28.719125
158.82502 27.459175
147.66177 26.273681
137.41826 25.157562
128.01034 24.106084
119.36208 23.114839
111.40528 22.179734
104.07857 21.296967
97.325513 20.463014
91.095508 19.674608
85.343329 18.928719
80.027685 18.222543
75.110846 17.553482
70.558597 16.919128
66.340445 16.31725
62.428646 15.74578
58.797802 15.202803
55.424733 14.686541
52.288403 14.195343
49.369909 13.727678
46.651948 13.282124
44.118589 12.85736
41.755381 12.452155
216.20744 30.071723
200.03721 28.668062
185.25541 27.349905
171.73234 26.111564
159.35084 24.94767
148.00451 23.853179
137.59864 22.823367
128.04718 21.85382
119.27227 20.940424
111.20363 20.079352
103.77811 19.267046
96.938891 18.500207
90.633649 17.775771
84.81549 17.0909
79.442475 16.442963
74.476297 15.829523
69.881932 15.248325
65.627606 14.697275
61.684995 14.174437
58.028316 13.678015
54.633954 13.206343
51.480343 12.757877
48.547908 12.331184
45.819048 11.924934
43.277651 11.537892
40.908867 11.168908
38.699227 10.816916
201.16361 26.107327
186.14846 24.888713
172.41698 23.74433
159.84977 22.669241
148.33892 21.658785
137.78639 20.708582
128.1049 19.814531
119.21513 18.972801
111.04524 18.179819
103.53037 17.432263
96.612255 16.727045
90.238404 16.061299
84.360463 15.432366
78.935084 14.837783
73.923488 14.275264
69.290232 13.742695
65.002891 13.238117
61.032035 12.759713
57.351422 12.305801
53.937155 11.874823
50.767332 11.465332
47.821939 11.075988
45.082802 10.705546
42.533578 10.352853
40.159295 10.016835
37.946146 9.6964948
35.881603 9.3909061
186.89781 22.652646
172.98717 21.595286
160.25979 20.602335
148.60616 19.669508
137.92727 18.792761
128.13312 17.968295
119.14354 17.192551
110.88564 16.462203
103.29338 15.774154
96.307099 15.125519
89.873149 14.51362
83.943221 13.935969
78.472754 13.39026
73.421793 12.874355
68.75458 12.386273
64.438414 11.924177
60.443359 11.486367
56.742226 11.071268
53.310772 10.677421
50.126904 10.303472
47.17036 9.9481672
44.422617 9.6103433
41.866845 9.2889209
39.487905 8.9828979
37.271919 8.6913435
35.206083 8.4133928
33.278772 8.1482415
173.37561 19.644221
160.51902 18.727286
148.74973 17.866206
137.9677 17.057265
128.08246 16.296956
119.01167 15.581985
110.68199 14.909265
103.02668 14.275913
95.98519 13.679241
89.502838 13.116749
83.530409 12.586114
78.023559 12.08518
72.94135 11.611944
68.247061 11.164554
63.907817 10.741292
59.893534 10.340565
56.176647 9.9608995
52.732113 9.6009287
49.537593 9.2593869
46.572718 8.9351009
43.818796 8.6269829
41.258727 8.3340241
38.876966 8.0552888
36.659526 7.7899077
34.593579 7.5370737
32.667279 7.2960367
30.869867 7.0660991
160.56869 17.026129
148.71566 16.231399
137.85852 15.48508
127.90628 14.783951
118.77659 14.124974
110.39443 13.505291
102.69296 12.922228
95.611252 12.373286
89.094057 11.856136
83.091384 11.368611
77.558239 10.908697
72.454048 10.474524
67.741321 10.064359
63.38641 9.6765938
59.359184 9.309742
55.632042 8.9624228
52.179682 8.6333572
48.979098 8.3213617
46.009764 8.0253391
43.252953 7.7442725
40.691469 7.4772189
38.309568 7.2233041
36.092932 6.9817173
34.028672 6.7517051
32.104961 6.5325677
30.310866 6.323655
28.636458 6.1243625
148.45198 14.749172
137.552 14.060724
127.56119 13.414213
118.39711 12.806849
109.98512 12.235998
102.25713 11.699188
95.15245 11.1941
88.61572 10.71857
82.596664 10.27058
77.049766 9.848253
71.934026 9.4498447
67.212449 9.0737361
62.850809 8.7184229
58.818373 8.382514
55.087608 8.0647225
51.63327 7.7638514
48.4322 7.4787929
45.463324 7.2085215
42.707839 6.952087
40.148575 6.7086084
37.769754 6.4772686
35.556923 6.2573106
33.496928 6.0480319
31.577926 5.84878
29.78904 5.6589485
28.120211 5.4779744
26.562295 5.3053339
137.00187 12.770132
127.00465 12.17406
117.83459 11.614297
109.41735 11.088429
101.68551 10.594175
94.577582 10.129394
88.038654 9.6920787
82.018625 9.2803552
76.471928 8.8924768
71.357276 8.5268177
66.637445 8.1818679
62.278818 7.8562256
58.250254 7.5485881
54.523776 7.2577511
51.074302 6.9826009
47.878818 6.7221007
44.916187 6.4752913
42.167165 6.241285
39.614575 6.0192589
37.242721 5.8084502
35.037167 5.6081515
32.984681 5.4177074
31.073213 5.2365097
29.291911 5.0639934
27.630799 4.8996335
26.080647 4.7429425
24.633057 4.5934669
126.19641 11.051074
117.05194 10.535243
108.65743 10.050833
100.94606 9.5957554
93.857249 9.1680357
87.335653 8.7658205
81.331839 8.3873747
75.800637 8.0310759
70.700919 7.695412
65.995378 7.3789764
61.650346 7.0804622
57.635386 6.7986564
53.922266 6.5324319
50.4856 6.2807463
47.302616 6.0426356
44.352398 5.8172029
41.615715 5.6036179
39.075047 5.4011125
36.714748 5.2089746
34.520511 5.0265441
32.479168 4.8532087
30.578638 4.6884014
28.807913 4.5315958
27.157077 4.3823028
25.617008 4.2400683
24.179256 4.1044704
22.836132 3.9751166
116.01672 9.5587366
107.67515 9.1125633
100.0112 8.6935685
92.965074 8.2999445
86.482514 7.9299838
80.513923 7.5820831
75.014975 7.2547427
69.945115 6.9465587
65.267373 6.656223
60.948173 6.3825189
56.95718 6.1243161
53.266944 5.8805653
49.85196 5.6502921
46.689275 5.4325947
43.758285 5.2266386
41.040041 5.0316483
38.517106 4.8469059
36.173576 4.6717469
33.995243 4.5055553
31.969107 4.3477602
30.08319 4.1978322
28.326494 4.0552805
26.688993 3.91965
25.161651 3.7905175
23.736148 3.6674904
22.404773 3.5502036
21.160506 3.4383178
106.44448 8.2639723
98.856291 7.8782349
91.87835 7.5159945
85.457285 7.1756884
79.544671 6.85584
74.096226 6.5550631
69.072355 6.2720622
64.436795 6.0056228
60.156449 5.7546141
56.20122 5.5179843
52.543887 5.294756
49.159787 5.0840221
46.025968 4.8849405
43.121752 4.6967315
40.428563 4.518673
37.929296 4.3500948
35.608188 4.1903764
33.450851 4.0389433
31.444424 3.895263
29.577128 3.7588418
27.838103 3.6292221
26.217365 3.5059796
24.705809 3.3887207
23.295223 3.2770797
21.978043 3.170717
20.74725 3.0693172
19.596451 2.9725866
97.460947 7.1412638
90.577287 6.8079312
84.241448 6.4949034
78.4059 6.20083
73.027548 5.9244348
68.066981 5.6645199
63.488961 5.4199664
59.261188 5.1897243
55.354151 4.9728165
51.740983 4.7683343
48.397356 4.5754329
45.301204 4.3933284
42.431952 4.2212935
39.771043 4.0586542
37.301793 3.904786
35.008814 3.75911
32.877908 3.6210903
30.896101 3.4902303
29.051788 3.3660697
27.334333 3.2481821
25.733915 3.1361721
24.241501 3.029673
22.848844 2.9283444
21.548504 2.8318704
20.333624 2.7399577
19.197832 2.6523336
18.135324 2.5687445
89.047546 6.1682857
82.820405 5.8803688
77.083549 5.6099904
71.794719 5.3559839
66.915644 5.1172469
62.411348 4.8927447
58.250573 4.6815111
54.404653 4.4826387
50.847378 4.2952839
47.554862 4.1186619
44.505455 3.9520429
41.679494 3.7947497
39.058609 3.6461543
36.626217 3.5056743
34.367388 3.3727701
32.268331 3.2469421
30.316304 3.1277273
28.499648 3.0146965
26.807927 2.9074525
25.231565 2.8056268
23.761712 2.7088779
22.390218 2.616889
21.109636 2.5293662
19.913247 2.4460365
18.79485 2.3666467
17.748678 2.2909611
16.769476 2.2187607
81.187558 5.3255142
75.569626 5.0769354
70.389293 4.8434989
65.609011 4.6241974
61.194844 4.4180791
57.115812 4.2242509
53.344258 4.0418782
49.854818 3.8701775
46.624293 3.7084208
43.631525 3.5559308
40.857322 3.4120769
38.284234 3.2762747
35.895925 3.147982
33.677631 3.0266958
31.616047 2.9119502
29.698863 2.803314
27.914681 2.7003875
26.253064 2.6028
24.704659 2.5102087
23.260875 2.4222954
21.913761 2.3387653
20.655987 2.2593449
19.48085 2.1837803
18.382298 2.111836
17.354741 2.0432932
16.392976 1.9779485
15.492256 1.9156127
73.863382 4.5958997
68.80836 4.3813772
64.142992 4.1799225
59.83392 3.9906661
55.851066 3.812787
52.167019 3.6455143
48.757348 3.4881274
45.59966 3.3399501
42.673478 3.2003547
39.960118 3.0687563
37.442625 2.944611
35.10557 2.8274143
32.934483 2.7166981
30.916272 2.6120285
29.039126 2.5130034
27.292098 2.4192508
25.665036 2.3304256
24.148626 2.246208
22.734521 2.1663019
21.415037 2.0904331
20.183056 2.018347
19.032008 1.9498074
17.955877 1.8845954
16.94923 1.8225078
16.007041 1.7633556
15.124631 1.7069633
14.297724 1.6531678
67.055917 3.9645668
62.518892 3.7795131
58.328154 3.6057321
54.454044 3.4424736
50.869891 3.2890297
47.551445 3.1447353
44.477138 3.0089685
41.627225 2.8811461
38.983666 2.7607267
36.530003 2.6472059
34.251302 2.5401144
32.133967 2.4390168
30.165229 2.3435095
28.333521 2.2532183
26.628403 2.1677961
25.040178 2.0869222
23.559838 2.0102988
22.179107 1.93765
20.890559 1.8687205
19.687351 1.8032738
18.563131 1.74109
17.51203 1.6819656
16.528667 1.6257118
15.608178 1.572153
14.746063 1.5211265
13.93812 1.4724808
13.180515 1.426075
60.745431 3.4185456
56.683154 3.2589786
52.928141 3.1091316
49.45399 2.9683579
46.237024 2.8360473
43.255771 2.7116262
40.491186 2.5945579
37.925865 2.48434
35.54393 2.3805055
33.330911 2.2826194
31.273685 2.190277
29.360307 2.103103
27.579544 2.0207495
25.921218 1.9428937
24.376134 1.8692364
22.935738 1.7995009
21.59207 1.7334305
20.337803 1.6707873
19.166359 1.6113512
18.071665 1.5549181
17.048075 1.5012987
16.090362 1.4503172
15.193733 1.4018109
14.353846 1.3556286
13.566682 1.3116297
12.828484 1.2696837
12.135818 1.2296692
54.912907 2.9465349
51.283919 2.809
47.927225 2.6798428
44.81929 2.5585062
41.939071 2.4444643
39.267538 2.3372227
36.787857 2.2363185
34.484686 2.1413188
32.344052 2.0518212
30.353245 1.9674507
28.500751 1.8878583
26.776098 1.8127207
25.169432 1.741738
23.671822 1.674632
22.275199 1.6111449
20.972043 1.5510381
19.755347 1.4940903
18.618651 1.4400965
17.556149 1.388867
16.562472 1.3402259
15.63262 1.2940098
14.761958 1.2500676
13.946226 1.2082587
13.181565 1.1684529
12.464397 1.1305292
11.791372 1.0943748
11.159425 1.0598853
49.538011 2.5386947
46.302882 2.4201967
43.30881 2.3089165
40.534802 2.2043745
37.962136 2.1061177
35.573926 2.0137198
33.35528 1.9267822
31.292658 1.8449319
29.373762 1.7678221
27.587426 1.6951296
25.923553 1.6265539
24.372972 1.5618162
22.927053 1.5006585
21.57798 1.4428409
20.318689 1.3881414
19.142592 1.3363542
18.04354 1.2872887
17.015858 1.2407685
16.054442 1.1966299
15.154563 1.1547213
14.311811 1.1149022
13.522088 1.0770422
12.781625 1.0410202
12.087004 1.0067241
11.435048 0.97404949
10.822781 0.94289941
10.247478 0.91318375
44.598993 2.1864631
41.720508 2.0844062
39.055269 1.9885657
36.584539 1.8985284
34.29165 1.8139043
32.161604 1.7343263
30.181205 1.6594508
28.338493 1.588957
26.622625 1.5225459
25.023785 1.4599392
23.533113 1.400878
22.142579 1.3451224
20.84463 1.29245
19.632432 1.2426544
18.499816 1.1955442
17.441024 1.1509422
16.450678 1.1086844
15.523808 1.0686187
14.655943 1.0306041
13.842934 0.99451017
13.080907 0.96021576
12.366253 0.92760862
11.695648 0.89658456
11.066077 0.86704685
10.47473 0.83890568
9.9189726 0.81207753
9.3963876 0.78648479
40.073366 1.8823942
37.51669 1.7945303
35.148555 1.7120183
32.952241 1.6345025
30.912899 1.5616471
29.017196 1.4931359
27.253427 1.4286734
25.611004 1.3679831
24.080356 1.3108078
22.652835 1.2569078
21.320657 1.2060602
20.076783 1.1580585
18.914601 1.1127112
17.828141 1.0698407
16.812018 1.029282
15.861211 0.99088285
14.971026 0.95450178
14.137124 0.92000795
13.355602 0.88728005
12.622834 0.85620564
11.935426 0.82668052
11.290216 0.79860802
10.684283 0.77189844
10.114976 0.74646851
9.5798215 0.72224089
9.0764926 0.69914371
8.6028547 0.67711012
35.93858 1.6200161
33.671386 1.5443992
31.570815 1.4733883
29.621948 1.4066772
27.811556 1.3439767
26.12778 1.2850151
24.560225 1.2295377
23.099508 1.1773069
21.737164 1.128101
20.465564 1.0817138
19.277859 1.0379538
18.167869 0.99664289
17.129802 0.95761639
16.158438 0.92072135
15.249082 0.88581603
14.397356 0.85276912
13.59917 0.82145905
12.850746 0.79177316
12.148683 0.76360706
11.489823 0.73686397
10.871204 0.71145422
10.290061 0.68729462
9.7438407 0.66430796
9.2302184 0.64242259
8.7470246 0.62157194
8.2922133 0.60169417
7.8639051 0.58273174
32.171531 1.3937083
30.163994 1.3286548
28.30365 1.2675639
26.577193 1.210172
24.972837 1.1562306
23.480031 1.1055056
22.08954 1.0577782
20.793043 1.0128438
19.583045 0.97051172
18.452805 0.93060464
17.396288 0.89295766
16.408061 0.85741778
15.483041 0.82384313
14.616663 0.79210214
13.804826 0.76207292
13.043715 0.7336425
12.329769 0.7067063
11.659697 0.68116737
11.030546 0.65693593
10.439568 0.63392872
9.8841856 0.61206858
9.3619903 0.59128395
8.8707544 0.57150841
8.4084495 0.55268031
7.9731784 0.53474239
7.5631486 0.51764143
7.1767114 0.50132795
28.748797 1.1985931
26.973537 1.1426469
25.328259 1.0901087
23.801098 1.0407517
22.381558 0.99436188
21.060257 0.95073831
19.828989 0.90969264
18.680373 0.87104897
17.607768 0.83464332
16.605215 0.80032314
15.667386 0.76794668
14.789497 0.73738235
13.967082 0.70850808
13.196138 0.68121076
12.473078 0.65538555
11.794573 0.63093533
11.15752 0.60777012
10.559056 0.58580659
9.9966128 0.56496748
9.4678054 0.54518122
8.9703954 0.52638145
8.5022889 0.50850661
8.0615489 0.49149959
7.6464107 0.47530737
7.2552215 0.45988071
6.8864166 0.44517384
6.538555 0.43114419
25.647008 1.0304392
24.079028 0.98234189
22.62579 0.93717447
21.276721 0.89474194
20.022482 0.85486036
18.854732 0.81735691
17.766185 0.7820697
16.750292 0.74884749
15.801172 0.71754933
14.91355 0.68804406
14.08272 0.66020982
13.304462 0.63393347
12.574844 0.60911009
11.890347 0.5856424
11.247829 0.5634403
10.644378 0.54242028
10.077285 0.522505
9.5440547 0.50362279
9.0424562 0.48570727
8.5704184 0.46869689
8.1259991 0.45253459
7.7073818 0.43716747
7.3128859 0.42254642
6.9409807 0.40862586
6.5902308 0.39536344
6.2592752 0.38271984
5.9468592 0.37065845
22.843156 0.88557776
21.459761 0.84424218
20.177624 0.80542456
18.987331 0.76895736
17.880574 0.73468247
16.849942 0.70245139
15.888968 0.67212497
14.991845 0.64357326
14.153362 0.61667509
13.368852 0.59131777
12.634153 0.56739655
11.945538 0.54481422
11.299539 0.52348058
10.693061 0.50331205
10.123342 0.48423119
9.5878308 0.46616622
9.0841577 0.44905069
8.6101458 0.432823
8.1638532 0.41742609
7.7434808 0.40280707
7.3473437 0.38891691
6.9738671 0.37571014
6.621595 0.36314455
6.2892023 0.35118097
5.9754454 0.33978302
5.679144 0.32891688
5.3992087 0.31855111
20.314741 0.76083042
19.095403 0.72531768
17.965404 0.69196818
16.916361 0.660638
15.940887 0.63119132
15.032403 0.60350053
14.185168 0.5774461
13.394035 0.55291637
12.654389 0.52980727
11.962099 0.50802195
11.313483 0.48747043
10.70525 0.46806918
10.134338 0.44974074
9.5980192 0.43241328
9.0938639 0.41602026
8.6196316 0.40050005
8.1732459 0.38579551
7.7528034 0.37185375
7.3566111 0.35862575
6.9831041 0.34606605
6.6308189 0.33413254
6.29839 0.32278615
5.984556 0.31199063
5.6881709 0.30171231
5.4081589 0.29191994
5.1434982 0.28258446
4.8932457 0.27367887
18.039963 0.65344481
16.966177 0.6229445
15.971194 0.5943021
15.047557 0.56739399
14.188698 0.54210354
13.388776 0.51832115
12.6427 0.49594416
11.945908 0.47487666
11.294313 0.45502927
10.684261 0.43631881
10.112495 0.41866801
9.5761074 0.40200513
9.0723958 0.38626363
8.5989535 0.37138183
8.1536416 0.35730259
7.7344893 0.34397295
7.3396738 0.33134386
6.9675274 0.31936989
6.6165704 0.30800893
6.2854381 0.29722195
5.9728568 0.28697278
5.6776405 0.27722785
5.3986953 0.26795604
5.1350295 0.25912843
4.8857129 0.25071818
4.6498619 0.24270034
4.4266613 0.23505171
15.997862 0.56103871
15.052998 0.53485163
14.177633 0.51025971
13.365131 0.48715684
12.609659 0.46544286
11.906029 0.44502367
11.249727 0.42581113
10.636712 0.4077229
10.063367 0.39068223
9.5264589 0.37461773
9.0231104 0.35946302
8.5507523 0.34515652
8.1070002 0.3316411
7.6897312 0.31886381
7.2970607 0.30677558
6.9272537 0.29533095
6.5787071 0.2844878
6.2499569 0.27420713
5.9397062 0.26445277
5.6467617 0.25519122
5.3700118 0.24639143
5.1084237 0.23802458
4.8610469 0.23006393
4.6270219 0.22248467
4.4055437 0.21526375
4.1958484 0.20837974
3.997232 0.20181273
14.16843 0.48155122
13.3376 0.45907437
12.568052 0.43796668
11.853886 0.41813705
11.189918 0.39949954
10.571547 0.38197336
9.9947692 0.36548288
9.4560055 0.34995741
8.9520555 0.33533108
8.4800609 0.3215426
8.0374799 0.30853503
7.622044 0.29625548
7.2316495 0.28465493
6.8644242 0.27368794
6.5187069 0.26331237
6.1929691 0.25348922
5.8857997 0.24418233
5.5959113 0.23535822
5.3221651 0.22698586
5.0635151 0.21903649
4.8189886 0.21148345
4.587684 0.20430201
4.3687735 0.19746922
4.1615108 0.19096379
3.9651978 0.18476592
3.7791738 0.17885724
3.6028304 0.17322064
12.532753 0.41320046
11.802656 0.39391401
11.126589 0.37580237
10.499305 0.35878738
9.9162019 0.3427953
9.3731974 0.32775681
8.866743 0.313607
8.3936686 0.30028523
7.9511434 0.28773497
7.536641 0.27590364
7.1479165 0.26474237
6.7829676 0.25420579
6.4399386 0.24425183
6.1171787 0.23484149
5.8132237 0.22593863
5.5267267 0.21750978
5.2564451 0.20952391
5.0012459 0.20195229
4.7601276 0.1947683
4.5321718 0.18794726
4.3165257 0.18146629
4.1124006 0.17530418
3.9190736 0.16944123
3.7358949 0.16385917
3.5622582 0.15854103
3.3975904 0.15347101
3.2413655 0.14863447
11.073058 0.35444644
10.431839 0.33790244
9.8382484 0.32236619
9.287625 0.30777066
8.7758821 0.29405258
8.2993996 0.28115249
7.8550327 0.26901471
7.439975 0.25758723
7.0517225 0.24682155
6.6880426 0.23667257
6.3469529 0.22709837
6.0266861 0.21806003
5.7256059 0.20952147
5.4422572 0.20144923
5.1753496 0.1938123
4.9236965 0.18658198
4.6862039 0.17973165
4.4618746 0.17323667
4.2498277 0.1670742
4.0492557 0.16122306
3.8594102 0.15566365
3.6795996 0.15037774
3.5091913 0.14534847
3.3476179 0.14056014
3.1943511 0.1359982
3.0488926 0.1316491
2.9107859 0.12750027
0.00033442744 1534.0231
0.00034494766 1574.3173
0.00035574774 1609.8841
0.00036681935 1641.1925
0.00037815453 1668.6617
0.0003897457 1692.6664
0.00040158566 1713.5424
0.00041366758 1731.5907
0.00042598499 1747.0819
0.00043853174 1760.2589
0.00045130202 1771.3407
0.00046429034 1780.5245
0.0004774915 1787.9881
0.00049090057 1793.8923
0.00050451288 1798.3822
0.00051832404 1801.5893
0.00053232984 1803.6324
0.00054652634 1804.6196
0.00056090976 1804.6485
0.00057547655 1803.8081
0.00059022331 1802.1792
0.00060514682 1799.835
0.00062024403 1796.8424
0.00063551201 1793.2624
0.00065094799 1789.1503
0.00066654931 1784.5568
0.00068231346 1779.528
5.0732334 1.0048831e+10 1.3228757
5.0433544 1.147687e+10 1.3601471
5.0032624 1.2766161e+10 1.396424
4.9556699 1.3912236e+10 1.4317821
4.9027239 1.4917642e+10 1.4662878
4.8461055 1.578928e+10 1.5
4.7871202 1.6536518e+10 1.532971
4.7267729 1.7169894e+10 1.5652476
4.6658319 1.7700274e+10 1.5968719
4.6048792 1.81383e+10 1.6278821
4.5443517 1.8494072e+10 1.6583124
4.484573 1.877697e+10 1.6881943
4.4257791 1.8995576e+10 1.7175564
7
