# Fiducial parameters, omega_b = 0.022237, omega_cdm = 0.12, 100*theta_s = 1.0418, ln10^{10}A_s = 3.044, n_s = 0.9649, tau_reio = 0.0544, M_tot_IH = 0.3, sigma_NL = 7, beta_0^Euclid = 1, beta_1^Euclid = 1, z_reio = 1, Omega_Lambda = 1, YHe = 1, H0 = 0, A_s = 0, sigma8 = 0
29351.653 29596.139
27980.119 28200.569
26692.764 26891.68
25483.871 25663.494
24348.064 24510.404
23280.314 23427.167
22275.923 22408.893
21330.515 21451.035
20440.022 20549.37
19600.665 19699.981
18808.941 18899.242
18061.602 18143.796
17355.642 17430.537
16688.276 16756.593
16056.927 16119.311
15459.209 15516.235
14892.915 14945.096
14356.001 14403.797
13846.574 13890.395
13362.88 13403.094
12903.295 12940.231
12466.312 12500.267
12050.535 12081.773
11654.665 11683.425
11277.5 11303.997
10917.921 10942.346
10574.886 10597.416
27972.21 28212.613
26666.055 26882.617
25439.999 25635.212
24288.605 24464.704
23206.765 23365.752
22189.694 22333.359
21232.928 21362.868
20332.304 20449.948
19483.955 19590.573
18684.286 18781.014
17929.966 18017.815
17217.906 17297.777
16545.246 16617.941
15909.336 15975.572
15307.725 15368.14
14738.142 14793.306
14198.488 14248.908
13686.816 13732.947
13201.325 13243.573
12740.347 12779.075
12302.335 12337.867
11885.854 11918.481
11489.576 11519.558
11112.264 11139.837
10752.773 10778.146
10410.036 10433.4
10083.065 10104.588
26553.188 26787.257
25314.158 25524.768
24151.043 24340.662
23058.697 23229.537
22032.28 22186.324
21067.264 21206.282
20159.42 20284.992
19304.806 19418.342
18499.757 18602.516
17740.871 17833.971
17024.99 17109.429
16349.189 16425.854
15710.755 15780.439
15107.181 15170.586
14536.141 14593.897
13995.485 14048.15
13483.221 13531.293
12997.506 13041.43
12536.631 12576.805
12099.015 12135.793
11683.191 11716.89
11287.8 11318.702
10911.579 10939.94
10553.359 10579.405
10212.05 10235.987
9886.6444 9908.6544
9576.2006 9596.4495
25125.247 25350.908
23953.652 24156.411
22853.776 23036.061
21820.761 21984.747
20850.041 20997.677
19937.34 20070.367
19078.668 19198.637
18270.302 18378.598
17508.784 17606.639
16790.899 16879.411
16113.667 16193.813
15474.325 15546.973
14870.311 14936.234
14299.257 14359.142
13758.965 13813.425
13247.405 13296.983
12762.695 12807.876
12303.093 12344.309
11866.984 11904.62
11452.873 11487.272
11059.376 11090.844
10685.205 10714.016
10329.17 10355.569
9990.1623 10014.368
9667.1548 9689.363
9359.1918 9379.5788
9065.3847 9084.1086
23720.067 23935.566
22614.729 22808.032
21576.994 21750.473
20602.285 20758.07
19686.305 19826.298
18825.027 18950.928
18014.69 18128.014
17251.791 17353.888
16533.07 16625.141
15855.501 15938.614
15216.274 15291.379
14612.785 14680.726
14042.624 14104.15
13503.554 13559.331
12993.508 13044.128
12510.569 12556.559
12052.965 12094.791
11619.053 11657.131
11207.311 11242.011
10816.329 10847.981
10444.8 10473.697
10091.513 10117.916
9755.3422 9779.4855
9435.2439 9457.3359
9130.2483 9150.4754
8839.4542 8857.9833
8562.0232 8579.0039
22369.376 22573.441
21327.639 21510.321
20349.558 20513.167
19430.828 19577.434
18567.406 18698.86
17755.505 17873.457
16991.585 17097.507
16272.351 16367.552
15594.735 15680.379
14955.888 15033.01
14353.168 14422.685
13784.123 13846.851
13246.482 13303.144
12738.143 12789.379
12257.157 12303.537
11801.721 11843.749
11370.165 11408.288
10960.941 10995.558
10572.616 10604.081
10203.863 10232.488
9853.4502 9879.5148
9520.2355 9543.988
9203.1596 9224.8208
8901.2386 8921.0054
8613.5585 8631.6067
8339.2702 8355.7566
8077.5834 8092.6482
21101.737 21293.698
20119.625 20291.077
19197.472 19350.656
18331.23 18468.15
17517.092 17639.542
16751.495 16861.071
16031.107 16129.233
15352.826 15440.767
14713.764 14792.645
14111.24 14182.058
13542.766 13606.404
13006.033 13063.275
12498.903 12550.444
12019.395 12065.85
11565.675 11607.588
11136.044 11173.898
10728.928 10763.151
10342.871 10373.84
9976.5215 10004.572
9628.6285 9654.0587
9298.0319 9321.1053
8983.6554 9004.6061
8684.5005 8703.5363
8399.6397 8416.9455
8128.2118 8143.952
7869.416 7883.7369
7622.5074 7635.5395
19940.397 20120.281
19012.865 19173.12
18141.914 18284.707
17323.728 17450.997
16554.717 16668.194
15831.52 15932.749
15150.997 15241.352
14510.221 14590.922
13906.47 13978.601
13337.215 13401.734
12800.107 12857.867
12292.971 12344.723
11813.789 11860.2
11360.692 11402.35
10931.949 10969.376
10525.957 10559.613
10141.232 10171.523
9776.3985 9803.6847
9430.1812 9454.7809
9101.3993 9123.594
8788.9579 8808.9963
8491.8407 8509.9433
8209.1049 8225.467
7939.875 7954.6695
7683.3376 7696.7179
7438.7365 7450.8388
7205.3683 7216.3137
18900.473 19069.017
18021.789 18171.535
17196.668 17329.709
16421.5 16539.708
15692.888 15797.937
15007.653 15101.034
14362.823 14445.862
13755.63 13829.506
13183.498 13249.255
12644.034 12702.596
12135.016 12187.203
11654.385 11700.921
11200.231 11241.756
10770.787 10807.865
10364.413 10397.543
9979.5925 10009.215
9614.9199 9641.4241
9269.0931 9292.8214
8940.9057 8962.1607
8629.2392 8648.2878
8333.0567 8350.1345
8051.3961 8066.7111
7783.3645 7797.1004
7528.1326 7540.4519
7284.93 7295.9763
7053.0405 7062.9408
6831.7979 6840.6646
17986.354 18144.919
17150.599 17291.104
16365.764 16490.227
15628.413 15738.647
14935.32 15032.942
14283.464 14369.916
13670.021 13746.587
13092.361 13160.18
12548.035 12608.118
12034.771 12088.012
11550.456 11597.648
11093.135 11134.976
10660.993 10698.101
10252.35 10285.269
9865.6477 9894.8597
9499.4452 9525.3733
9152.4064 9175.4239
8823.2938 8843.7297
8510.9604 8529.1044
8214.3433 8230.4506
7932.4568 7946.752
7664.386 7677.0671
7409.282 7420.5235
7166.3564 7176.3121
6934.8766 6943.682
6714.1616 6721.9361
6503.5777 6510.4269
17189.805 17340.16
16391.463 16524.373
15641.742 15759.158
14937.361 15041.036
14275.239 14366.74
13652.491 13733.217
13066.422 13137.618
12514.519 12577.292
11994.447 12049.779
11504.036 11552.796
11041.269 11084.229
10604.28 10642.118
10191.338 10224.655
9800.8368 9830.1623
9431.292 9457.093
9081.3267 9104.0147
8749.666 8769.603
8435.1286 8452.6333
8136.6195 8151.9727
7853.1241 7866.5724
7583.7012 7595.4616
7327.4776 7337.7409
7083.6427 7092.5767
6851.4436 6859.196
6630.181 6636.8815
6419.2045 6424.9672
6217.9088 6222.8344
16488.31 16632.229
15722.916 15849.893
15004.129 15116.048
14328.801 14427.358
13693.977 13780.691
13096.889 13173.12
12534.954 12601.913
12005.764 12064.53
11507.079 11558.612
11036.821 11081.969
10593.057 10632.574
10173.999 10208.551
9777.9879 9808.1624
9403.4863 9429.8026
9049.0709 9071.9867
8713.423 8733.3416
8395.321 8412.5976
8093.6333 8108.5805
7807.311 7820.2038
7535.3818 7546.4619
7276.9441 7286.424
7031.1613 7039.2276
6797.2565 6804.0733
6574.5087 6580.22
6362.2474 6366.9797
6159.8495 6163.7139
5966.7351 5969.8291
15845.107 15983.776
15109.902 15232.076
14419.469 14526.961
13770.78 13865.225
13160.993 13243.861
12587.447 12660.058
12047.658 12111.191
11539.313 11594.821
11060.26 11108.68
10608.502 10650.667
10182.185 10218.833
9779.5899 9811.3748
9399.1242 9426.6252
9039.3124 9063.0411
8698.7881 8719.1958
8376.2852 8393.7704
8070.6315 8085.5451
7780.7405 7793.3916
7505.6054 7516.2662
7244.2932 7253.2028
6995.9384 7003.3071
6759.7379 6765.7505
6534.9461 6539.765
6320.8708 6324.6384
6116.8684 6119.7098
5922.3409 5924.3658
5736.7314 5738.0361
15212.079 15345.35
14506.513 14623.797
13843.931 13946.953
13221.419 13311.742
12636.243 12715.281
12085.845 12154.868
11567.838 11627.988
11080 11132.298
10620.265 10665.623
10186.716 10225.945
9777.572 9811.3948
9391.1847 9420.2422
9026.0258 9050.8862
8680.6798 8701.8462
8353.8358 8371.753
8044.2797 8059.3407
7750.887 7763.4385
7472.616 7482.9637
7208.501 7216.9144
6957.6474 6964.3636
6719.2252 6724.4526
6492.4643 6496.3862
6276.6499 6279.4274
6071.1179 6072.8925
5875.2515 5876.1473
5688.477 5688.6027
5510.2604 5509.7116
14535.979 14661.61
13861.935 13972.317
13228.983 13325.728
12634.329 12718.907
12075.352 12149.096
11549.604 11613.72
11054.799 11110.373
10588.81 10636.819
10149.663 10190.981
9735.525 9770.9306
9344.6934 9374.8836
8975.5929 9001.1868
8626.7636 8648.3114
8296.8534 8314.8431
7984.6104 7999.474
7688.8751 7700.9951
7408.5738 7418.2881
7142.712 7150.3187
6890.3679 6896.1301
6650.6871 6654.8366
6422.8777 6425.6182
6206.2044 6207.7152
5999.9848 6000.4235
5803.5852 5803.0903
5616.4168 5615.1095
5437.9318 5435.9185
5267.6208 5264.9946
13769.086 13882.256
13130.612 13229.702
12531.098 12617.57
11967.887 12043.081
11438.487 11503.627
10940.571 10996.767
10471.97 10520.227
10030.664 10071.89
9614.7826 9649.7892
9222.5844 9252.1005
8852.4572 8877.1342
8502.9075 8523.326
8172.5518 8189.2286
7860.1094 7873.5034
7564.3943 7574.9124
7284.3084 7292.3112
7018.8351 7024.6411
6767.0327 6770.9233
6528.0283 6530.2518
6301.0134 6301.7884
6085.2381 6084.7567
5880.0066 5878.4378
5684.6729 5682.1649
5498.6371 5495.3202
5321.3419 5317.3298
5152.269 5147.6613
4990.9361 4985.8198
12882.972 12976.461
12285.387 12366.572
11724.31 11794.457
11197.241 11257.52
10701.84 10753.322
10235.922 10279.586
9797.4522 9834.1842
9384.5352 9415.1391
8995.4153 9020.6131
8628.462 8648.9018
8282.164 8298.4263
7955.122 7967.7246
7646.0404 7655.4444
7353.7197 7360.3347
7077.0496 7081.2387
6815.0023 6817.0868
6566.6262 6566.8899
6331.0399 6329.733
6107.4268 6104.7696
5895.0302 5891.2163
5693.1486 5688.3476
5501.1309 5495.4915
5318.3729 5312.0251
5144.3135 5137.3706
4978.4312 4970.9921
4820.2412 4812.3918
4669.2925 4661.1072
11881.328 11946.653
11329.754 11385.239
10811.922 10858.593
10325.515 10364.324
9868.3656 9900.1904
9438.4503 9464.0937
9033.8845 9054.0775
8652.9151 8668.3211
8293.9182 8305.1334
7955.386 7962.9459
7635.9212 7640.3052
7334.2307 7335.8661
7049.1171 7048.3836
6779.4725 6776.7065
6524.2713 6519.7701
6282.5641 6276.5898
6053.4723 6046.2553
5836.182 5827.9244
5629.9394 5620.818
5434.0459 5424.2149
5247.854 5237.4474
5070.7629 5059.897
4902.2148 4890.9902
4741.6919 4730.1954
4588.713 4577.0191
4442.8307 4431.0031
4303.6288 4291.7217
10806.295 10835.762
10303.912 10326.617
9832.3104 9848.9977
9389.3707 9400.7389
8973.1113 8979.8066
8581.6837 8584.2989
8213.366 8212.4416
7866.557 7862.5839
7539.7742 7533.1926
7231.6412 7222.8452
6940.8827 6930.2241
6666.3188 6654.1092
6406.8573 6393.3719
6161.4875 6146.9681
5929.2742 5913.9325
5709.3516 5693.3721
5500.9187 5484.4616
5303.2337 5286.4371
5115.6091 5098.5922
4937.4085 4920.273
4768.0419 4750.8739
4606.9615 4589.8339
4453.6591 4436.6331
4307.663 4290.7894
4168.5349 4151.8552
4035.8671 4019.4149
3909.2804 3893.0827
9732.7305 9721.8379
9279.3081 9265.0862
8853.7199 8836.6136
8454.0454 8434.4771
8078.4892 8056.8527
7725.377 7702.0347
7393.1494 7368.4317
7080.3562 7054.5632
6785.6561 6759.0538
6507.8032 6480.6278
6245.6434 6218.1032
5998.1093 5970.3858
5764.213 5736.4631
5543.0405 5515.3987
5333.7461 5306.3265
5135.5469 5108.4459
4947.719 4921.0161
4769.5917 4743.3523
4600.5438 4574.8206
4440.0002 4414.8344
4287.4277 4262.8506
4142.3315 4118.366
4004.2526 3980.9142
3872.7646 3850.0625
3747.4719 3725.4095
3628.0062 3606.5827
3514.0251 3493.2355
8749.2872 8698.5503
8340.5833 8289.9191
7957.0299 7906.5849
7596.8873 7546.8099
7258.529 7208.9627
6940.4392 6891.5175
6641.2061 6593.0509
6359.5169 6312.2386
6094.1582 6047.8503
5844.003 5798.7449
5608.0073 5563.8651
5385.2062 5342.232
5174.7065 5132.94
4975.682 4935.1514
4787.3686 4748.0915
4609.0591 4571.0439
4440.0993 4403.3463
4279.8837 4244.3856
4127.8511 4093.5952
3983.4823 3950.45
3846.2962 3814.4643
3715.846 3685.1879
3591.7173 3562.2035
3473.5257 3445.1241
3360.914 3333.5907
3253.55 3227.2697
3151.1249 3125.8513
7930.38 7845.6682
7558.8151 7477.1398
7210.1891 7131.4236
6882.9084 6806.9525
6575.4842 6502.2557
6286.5296 6215.9572
6014.7533 5946.7737
5758.9547 5693.5109
5518.0255 5455.0596
5290.9362 5230.3906
5076.7333 5018.5507
4874.5362 4818.6572
4683.53 4629.8933
4502.961 4451.5037
4332.1323 4282.7897
4170.3993 4123.1054
4017.1658 3971.8534
3871.88 3828.4811
3734.0307 3692.4771
3603.1451 3563.3683
3478.7851 3440.7164
3360.5441 3324.1155
3248.0447 3213.1893
3140.9371 3107.5888
3038.8963 3006.9901
2941.6202 2911.0926
2848.8279 2819.6167
7310.6429 7201.7224
6967.1196 6863.4731
6644.8922 6546.1597
6342.4709 6248.3442
6058.4654 5968.6769
5791.5818 5705.8951
5540.6164 5458.8212
5304.4505 5226.3591
5082.053 5007.4908
4872.466 4801.2721
4674.8035 4606.8279
4488.247 4423.3483
4312.0402 4250.0836
4145.4835 4086.3406
3987.9306 3931.4783
3838.7836 3784.9037
3697.4901 3646.0685
3563.5389 3514.4657
3436.4564 3389.6259
3315.8049 3271.1148
3201.179 3158.5302
3092.2023 3051.4996
2988.5259 2949.6776
2889.826 2852.7439
2795.8024 2760.4012
2706.1755 2672.3735
2620.6859 2588.4044
6868.6974 6746.0463
6545.1302 6429.2263
6241.7245 6132.0141
5957.0558 5853.0633
5689.7966 5591.1096
5438.7135 5344.9706
5202.6602 5113.5435
4980.5728 4895.8018
4771.4721 4690.7922
4574.4491 4497.6303
4388.6637 4315.4967
4213.3408 4143.6327
4047.7644 3981.3363
3891.2731 3827.9582
3743.2559 3682.8981
3603.148 3545.6006
3470.4281 3415.5522
3344.6137 3292.278
3225.2582 3175.3384
3111.9491 3064.3267
3004.3043 2958.8661
2901.9692 2858.6077
2804.6152 2763.228
2711.9377 2672.4271
2623.6539 2585.9265
2539.501 2503.4677
2459.2348 2424.8105
6527.8818 6398.3285
6219.6684 6097.8625
5930.776 5815.9906
5659.8221 5551.4362
5405.5212 5303.0004
5166.6809 5069.5622
4942.195 4850.0757
4731.0382 4643.5676
4532.2686 4449.1339
4345.0126 4265.9359
4168.464 4093.1966
4001.8796 3930.1965
3844.5738 3776.27
3695.9137 3630.8014
3555.3151 3493.2213
3422.2387 3363.0031
3296.1867 3239.6598
3176.6988 3122.741
3063.3493 3011.8299
2955.7449 2906.5408
2853.5218 2806.5164
2756.3425 2711.4257
2663.8942 2620.962
2575.887 2534.8408
2492.0521 2452.7982
2412.1396 2374.5888
2335.9174 2299.9849
6179.4952 6042.1387
5886.9332 5758.42
5612.8352 5492.2578
5355.862 5242.4467
5114.7712 5007.855
4888.4128 4787.424
4675.7215 4580.1665
4475.7115 4385.1635
4287.4789 4201.5614
4110.1863 4028.5684
3943.0616 3865.4509
3785.3946 3711.5296
3636.5302 3566.1761
3495.8646 3428.8088
3362.8408 3298.8903
3236.9453 3175.9234
3117.7041 3059.4481
3004.6796 2949.0393
2897.4671 2844.3034
2795.6931 2744.8762
2699.0122 2650.4202
2607.1041 2560.6232
2519.6722 2475.1953
2436.4416 2393.868
2357.1575 2316.392
2281.5833 2242.5357
2209.499 2172.0841
5733.9819 5579.5479
5461.3936 5317.5684
5206.1311 5071.7992
4966.9226 4841.1271
4742.5907 4624.5075
4532.0469 4420.9631
4334.2844 4229.5821
4148.3726 4049.5161
3973.4597 3879.9772
3808.7575 3720.2342
3653.5398 3569.6098
3507.1395 3427.4768
3368.9418 3293.2549
3238.3807 3166.4073
3114.9344 3046.4377
2998.122 2932.8869
2887.5005 2825.3305
2782.6607 2723.3757
2683.2244 2626.6591
2588.8432 2534.8445
2499.1948 2447.6204
2413.9805 2364.6982
2332.9237 2285.8106
2255.7684 2210.7094
2182.2773 2139.1644
2112.2301 2070.962
2045.4222 2005.9035
5179.3055 4995.5562
4931.546 4761.0115
4699.649 4540.9784
4482.4398 4334.4609
4278.8316 4140.5236
4087.8211 3958.2915
3908.4808 3786.9488
3739.954 3625.7359
3581.458 3473.9472
3432.2685 3330.9285
3291.7189 3196.0732
3159.1971 3068.8199
3034.14 2948.6492
2916.0289 2835.0805
2804.3866 2727.6694
2698.773 2626.0051
2598.7833 2529.7073
2504.0436 2438.4245
2414.2089 2351.8315
2328.961 2269.6272
2248.0061 2191.5327
2171.0719 2117.2896
2097.9065 2046.6587
2028.2767 1979.4178
1961.9666 1915.3608
1898.7756 1854.2964
1838.5176 1796.0467
4595.8737 4376.5894
4374.1779 4171.1171
4166.7874 3978.3569
3972.6351 3797.4363
3790.7343 3627.5361
3620.1749 3467.8898
3460.1156 3317.7827
3309.7795 3176.5495
3168.4583 3043.5722
3035.4961 2918.2776
2910.2899 2800.1343
2792.2865 2688.6508
2680.977 2583.3717
2575.8931 2483.8763
2476.6041 2389.7753
2382.7132 2300.7086
2293.8554 2216.3433
2209.6941 2136.3714
2129.9184 2060.5081
2054.2421 1988.4893
1982.4011 1920.0711
1914.1504 1855.027
1849.2638 1793.1473
1787.532 1734.2376
1728.7609 1678.1171
1672.7708 1624.6183
1619.3948 1573.5855
4099.8902 3850.1945
3900.296 3669.4445
3713.6954 3499.8766
3539.1108 3340.7232
3375.6387 3191.2638
3222.4468 3050.8243
3078.7659 2918.7759
2943.886 2794.5335
2817.1611 2677.5534
2697.9929 2567.3314
2585.8316 2463.4003
2480.1736 2365.3275
2380.5557 2272.7127
2286.5523 2185.1855
2197.7717 2102.4036
2113.8536 2024.0503
2034.467 1949.8328
1959.3065 1879.48
1888.0902 1812.7414
1820.559 1749.385
1756.4738 1689.1958
1695.6132 1631.9749
1637.7723 1577.5377
1582.7621 1525.7131
1530.4074 1476.3422
1480.546 1429.2777
1433.0272 1384.3824
3755.5624 3488.684
3571.2753 3324.913
3399.103 3171.2731
3238.1226 3027.0691
3087.4825 2891.648
2946.3993 2764.3992
2814.1499 2644.7531
2690.0676 2532.1795
2573.5468 2426.1859
2464.0274 2326.3155
2360.9948 2232.1449
2263.9785 2143.2821
2172.5463 2059.3646
2086.3012 1980.0569
2004.8784 1905.0486
1927.9426 1834.0529
1855.1859 1766.8045
1786.3246 1703.0579
1721.0971 1642.5859
1659.2629 1585.1785
1600.6006 1530.6408
1544.9048 1478.7925
1491.986 1429.4665
1441.6693 1382.5077
1393.7929 1337.7722
1348.2066 1295.1265
1304.7716 1254.4463
3526.4206 3253.7688
3352.3017 3101.0319
3189.7487 2957.7431
3037.8663 2823.2541
2895.8306 2696.956
2762.8849 2578.2794
2638.3322 2466.693
2521.5307 2361.7024
2411.8988 2262.8483
2308.8992 2169.7048
2212.0393 2081.8769
2120.869 1998.9993
2034.9755 1920.7337
1953.9803 1846.7672
1877.5359 1776.8105
1805.3232 1710.596
1737.0496 1647.8763
1672.4458 1588.4225
1611.2634 1532.0227
1553.2747 1478.481
1498.27 1427.6157
1446.055 1379.2586
1396.4505 1333.254
1349.2913 1289.4571
1304.4245 1247.7337
1261.7085 1207.9593
1221.0123 1170.0181
3307.1892 3029.2098
3142.796 2887.0195
2989.4421 2753.6245
2846.2593 2628.4214
2712.4506 2510.8433
2587.2853 2400.3602
2470.0912 2296.4776
2360.2509 2198.7352
2257.2058 2106.7055
2160.4404 2019.9919
2069.4831 1938.2269
1983.9033 1861.0703
1903.3071 1788.2071
1827.3333 1719.3462
1755.651 1654.2182
1687.9566 1592.574
1623.9721 1534.1833
1563.4418 1478.8329
1506.1302 1426.3258
1451.8216 1376.4793
1400.3175 1329.1245
1351.434 1284.1048
1305.002 1241.2751
1260.8653 1200.5007
1218.8797 1161.6567
1178.9118 1124.6272
1140.8379 1089.3042
3017.4399 2724.0843
2865.9129 2596.2209
2724.6767 2476.2663
2592.9122 2363.678
2469.8679 2257.9462
2354.8562 2158.5943
2247.2451 2065.1777
2146.4545 1977.2825
2051.9608 1894.5244
1963.2811 1816.5466
1879.9737 1743.0187
1801.6365 1673.6348
1727.9014 1608.1118
1658.4317 1546.1877
1592.9189 1487.6204
1531.0805 1432.1859
1472.6578 1379.6771
1417.4134 1329.9023
1365.1285 1282.6842
1315.6032 1237.8588
1268.6535 1195.274
1224.1093 1154.789
1181.8138 1116.2733
1141.6228 1079.6059
1103.403 1044.6745
1067.0314 1011.3746
1032.3939 979.60946
2693.7823 2378.3444
2556.6225 2266.7128
2428.8903 2161.9859
2309.8276 2063.6899
2198.74 1971.3799
2094.9922 1884.6397
1998.0009 1803.0812
1907.2307 1726.3432
1822.1993 1654.0899
1742.4621 1586.0101
1667.6126 1521.8153
1597.2811 1461.2383
1531.1295 1404.0321
1468.8488 1349.9679
1410.1561 1298.8344
1354.7925 1250.4359
1302.5213 1204.5917
1253.1253 1161.1345
1206.4044 1119.9095
1162.1761 1080.7733
1120.2727 1043.5933
1080.5388 1008.2467
1042.8318 974.61932
1007.0203 942.60565
972.98324 912.10755
940.60853 883.03397
909.79269 855.30027
2428.799 2096.8993
2303.3993 1998.4806
2186.7277 1906.1491
2078.0748 1819.4871
1976.791 1738.1025
1882.283 1661.6284
1794.0061 1589.7226
1711.4609 1522.0666
1634.1984 1458.3646
1561.8046 1398.3419
1493.9014 1341.7444
1430.1455 1288.3365
1370.2232 1237.9003
1313.8478 1190.2343
1260.7574 1145.1521
1210.7123 1102.4812
1163.4937 1062.0622
1118.9009 1023.7477
1076.7492 987.40119
1036.8704 952.89631
999.10997 920.11612
963.3249 888.95223
929.38388 859.3042
897.16629 831.07884
866.56087 804.1897
837.46487 778.55648
809.78339 754.10456
2249.3449 1911.6808
2131.9361 1821.9577
2022.8009 1737.7838
1921.2575 1658.7784
1826.6829 1584.5839
1738.5087 1514.8661
1656.2139 1449.3128
1579.3209 1387.6338
1507.4018 1329.5593
1440.062 1274.8391
1376.9417 1223.2414
1317.7144 1174.5515
1262.0824 1128.5707
1209.7739 1085.1154
1160.5408 1044.0155
1114.1563 1005.1139
1070.4137 968.26533
1029.1234 933.33524
990.11136 900.19926
953.21895 868.74222
918.30079 838.8575
885.22246 810.44629
853.86053 783.41702
824.10178 757.68474
795.84187 733.17063
768.98451 709.80148
743.44084 687.50929
2092.1186 1751.066
1981.7363 1668.883
1879.2293 1591.7829
1783.9399 1519.4167
1695.2679 1451.4571
1612.6666 1387.5979
1535.6355 1327.5531
1463.7164 1271.057
1396.4995 1217.8625
1333.6071 1167.7404
1274.6953 1120.4783
1219.4528 1075.8796
1167.5955 1033.7623
1118.8648 993.95826
1073.0246 956.3117
1029.8597 920.67872
989.17364 886.92617
950.78694 854.93091
914.53471 824.57899
880.26692 795.76493
847.84621 768.39105
817.14567 742.36687
788.04885 717.60849
760.44907 694.03812
734.2481 671.58356
709.35535 650.17776
685.68729 629.75841
1904.4306 1553.85
1802.4273 1480.9245
1707.7976 1412.5091
1619.9189 1348.2944
1538.2236 1287.9899
1462.1953 1231.3237
1391.3614 1178.0423
1325.2897 1127.9097
1263.5941 1080.7068
1205.9193 1036.2302
1151.9419 994.29143
1101.3691 954.71603
1053.9346 917.34257
1009.3958 882.0217
967.53158 848.6153
928.14041 816.99566
891.03881 787.04464
856.059 758.65296
823.04708 731.71951
791.86323 706.15069
762.37952 681.85984
734.47782 658.76664
708.04984 636.79669
682.9965 615.88092
659.22662 595.95528
636.65621 576.96027
615.20789 558.84061
1722.7986 1362.0111
1628.913 1298.0902
1541.9073 1238.1225
1461.1946 1181.8366
1386.2403 1128.9781
1316.5586 1079.3086
1251.7048 1032.6059
1191.2728 988.66325
1134.9004 947.28845
1082.2542 908.30329
1033.0309 871.54259
986.95655 836.85344
943.78197 804.09432
903.28035 773.13435
865.2452 743.85246
829.48846 716.13669
795.83909 689.88351
764.14081 664.99713
734.25039 641.38893
706.03783 618.97686
679.38437 597.68496
654.18033 577.44285
630.3253 558.18528
607.72749 539.85175
586.30253 522.38609
565.97276 505.73617
546.66666 489.85351
1587.5434 1223.3448
1499.7622 1165.9326
1418.497 1112.071
1343.1856 1061.5163
1273.3167 1014.0399
1208.4259 969.42777
1148.0889 927.48035
1091.918 888.01188
1039.5683 850.84978
990.72243 815.83398
945.09199 782.81612
902.41672 751.65886
862.4601 722.23512
825.0071 694.42731
789.86214 668.12671
756.84725 643.23277
725.80076 619.65249
696.57505 597.29984
669.03496 576.09522
643.05797 555.96494
618.53226 536.84078
595.3546 518.65951
573.43059 501.36254
552.67406 484.89552
533.00582 469.20801
514.35306 454.25317
496.64881 439.98748
1468.3159 1102.6618
1385.9584 1050.9141
1309.7915 1002.3666
1239.2754 956.79974
1173.9196 914.00739
1113.279 873.7967
1056.9475 835.98777
1004.554 800.41318
955.76927 766.91741
910.29007 735.35615
867.84138 705.59571
828.17522 677.51228
791.06643 650.99132
756.3105 625.92686
723.72162 602.22091
693.13082 579.78282
664.3848 558.52878
637.3437 538.38126
611.87955 519.26849
587.87651 501.12408
565.22895 483.88651
543.83941 467.49882
523.61886 451.90818
504.48609 437.0656
486.36657 422.92564
469.19183 409.44606
452.89892 396.58764
1341.8118 972.09976
1265.2017 926.47991
1194.4267 883.68126
1128.973 843.51025
1068.3743 805.78517
1012.2078 770.33601
960.08785 737.00419
911.66236 705.64211
866.61931 676.11266
824.67157 648.28863
785.55877 622.05216
749.04645 597.29412
714.92187 573.91351
682.99195 551.81693
653.08141 530.91798
625.03101 511.13676
598.69638 492.39937
573.94593 474.63746
550.65933 457.78779
528.72779 441.79179
508.05221 426.59526
488.5412 412.14796
470.11133 398.40334
452.68662 385.3182
436.19736 372.85247
420.57957 360.96894
405.77452 349.63301
1232.451 861.01152
1160.8589 820.60544
1094.7896 782.69809
1033.7524 747.11805
977.30202 713.70437
925.03538 682.30649
876.58477 652.78394
831.61492 625.006
789.82901 598.85124
750.95399 574.20698
714.74243 550.96884
680.97178 529.04016
649.44021 508.33149
619.96475 488.7601
592.37937 470.24946
566.53336 452.72881
542.29025 436.1327
519.52572 420.40058
498.12614 405.47645
477.98894 391.30843
459.02077 377.84851
441.13555 365.05219
424.25479 352.87825
408.30707 341.28842
393.22695 330.24722
378.9544 319.72168
365.43436 309.68116
1140.1299 769.68471
1072.8397 733.56486
1010.8028 699.67867
953.54815 667.87288
900.64896 638.00363
851.71899 609.93632
806.40615 583.5454
764.38956 558.71401
725.38559 535.3336
689.13337 513.30346
655.39669 492.53027
623.96326 472.92762
594.64074 454.41557
567.25488 436.92015
541.64765 420.37296
517.67578 404.71075
495.2096 389.87499
474.13109 375.81159
454.33245 362.47045
435.71649 349.80522
418.19481 337.77298
401.68595 326.33396
386.1157 315.45128
371.41661 305.09077
357.52691 295.22068
344.39 285.81155
331.95397 276.836
1049.6528 679.61894
986.59255 647.72601
928.51522 617.80532
874.9704 589.72156
825.55011 563.3477
779.88553 538.56489
737.64059 515.26228
698.50917 493.3367
662.22105 472.6923
628.52772 453.24014
597.2043 434.89783
568.04889 417.58908
540.87868 401.24329
515.52812 385.79517
491.84726 371.18431
469.70016 357.35485
448.96394 344.25515
429.52684 331.83741
411.2868 320.05741
394.15193 308.87423
378.03873 298.24996
362.87028 288.14949
348.57655 278.54026
335.09396 269.39209
322.36434 260.67695
310.33442 252.36883
298.9554 244.44355
969.46528 601.35906
910.20834 573.13893
855.68797 546.66389
805.47265 521.81423
759.17181 498.47754
716.43265 476.54868
676.93382 455.92954
640.38276 436.52884
606.52157 418.26177
575.11308 401.04965
545.94281 384.81956
518.81836 369.50401
493.56562 355.04052
470.02703 341.37132
448.05994 328.44296
427.53516 316.20603
408.33599 304.6148
390.35633 293.62701
373.49937 283.20351
357.67803 273.30811
342.81325 263.90725
328.83222 254.96988
315.6687 246.46717
303.26263 238.37243
291.55908 230.66086
280.50779 223.30943
270.06277 216.29676
897.95149 533.10728
842.14282 508.0902
790.84375 484.62014
743.64042 462.59095
700.15853 441.903
660.06018 422.46308
623.0378 404.18422
588.81142 386.98551
557.13456 370.79174
527.7806 355.53318
500.54469 341.14519
475.24322 327.56793
451.71012 314.74602
429.79523 302.62824
409.36264 291.16722
390.28936 280.31915
372.46437 270.04349
355.78678 260.30277
340.16461 251.06231
325.51517 242.28999
311.76349 233.95609
298.84049 226.03307
286.68343 218.49538
275.23543 211.31935
264.44454 204.483
254.26323 197.96592
244.64806 191.74915
831.10902 469.89549
778.55837 447.84491
730.29913 427.15787
685.93476 407.74084
645.10685 389.50601
607.49212 372.37121
572.79635 356.25979
540.7519 341.10042
511.12338 326.82684
483.69437 313.37757
458.26937 300.69563
434.67328 288.72829
412.74778 277.42673
392.34981 266.7458
373.34995 256.64375
355.63118 247.08197
339.08789 238.02473
323.6242 229.439
309.15272 221.2942
295.59498 213.56204
282.87985 206.21631
270.94184 199.23274
259.72148 192.58882
249.16495 186.26367
239.22307 180.23792
229.85094 174.49358
221.0075 169.01394
771.62249 415.31944
722.03351 395.83004
676.53384 377.5458
634.74322 360.38406
596.31819 344.26719
560.94915 329.12258
528.35445 314.88248
498.27794 301.48385
470.49462 288.86812
444.79759 276.98094
421.00008 265.77198
398.93489 255.19461
378.45093 245.20569
359.41173 235.76532
341.69391 226.83659
325.18593 218.38538
309.78724 210.3801
295.40656 202.79156
281.96075 195.59275
269.3752 188.75864
257.58234 182.26608
246.51997 176.09361
236.13165 170.22134
226.36633 164.63082
217.17742 159.30492
208.52236 154.22775
200.36229 149.38454
716.67391 365.83441
669.8642 348.66723
626.95062 332.56161
587.56874 317.44474
551.38964 303.24824
518.11697 289.90816
487.48125 277.36482
459.23745 265.56268
433.17058 254.45015
409.08297 243.97937
386.7962 234.10599
366.15069 224.78894
347.00229 215.99023
329.22084 207.6747
312.68871 199.80984
297.29964 192.36559
282.95788 185.31414
269.57654 178.62978
257.0765 172.2887
245.38684 166.26887
234.44336 160.5499
224.18697 155.11287
214.56408 149.94028
205.52627 145.01586
197.02935 140.32453
189.03302 135.8523
181.50047 131.58615
666.86418 322.35703
622.62997 307.23017
582.10918 293.0387
544.95265 279.71846
510.84537 267.2092
479.50371 255.45456
450.66985 244.40196
424.10944 234.00247
399.61701 224.21062
377.00368 214.98425
356.09904 206.28427
336.75071 198.07451
318.82114 190.32147
302.18616 182.9942
286.73361 176.06404
272.3622 169.5045
258.98069 163.29109
246.50636 157.40113
234.86387 151.81365
223.98575 146.50925
213.81097 141.46994
204.28334 136.67907
195.35196 132.12121
186.97086 127.78203
179.0981 123.64824
171.69545 119.7075
164.72805 115.94835
621.11343 283.54847
579.29403 270.24277
541.01333 257.75985
505.93698 246.04326
473.76349 235.04001
444.22159 224.70052
417.06472 214.97856
392.06886 205.83107
369.03776 197.21808
347.79099 189.10249
328.16586 181.44991
310.01693 174.22854
293.21297 167.4089
277.63555 160.96377
263.17776 154.86794
249.74303 149.09811
237.24448 143.63273
225.60331 138.45186
214.74781 133.53707
204.61379 128.87126
195.1432 124.43864
186.28263 120.22455
177.98372 116.2154
170.20278 112.39862
162.90003 108.76249
156.03918 105.29618
149.58718 101.9896
579.2643 249.30332
539.70698 237.60466
503.52126 226.6294
470.38717 216.32791
440.01638 206.6536
412.14955 197.56289
386.55106 189.0151
363.00687 180.97241
341.32962 173.39966
321.34707 166.26422
302.90391 159.53589
285.86142 153.18668
270.09442 147.19068
255.49001 141.52395
241.94625 136.16434
229.37115 131.09136
217.68194 126.28605
206.80359 121.7309
196.66782 117.40968
187.21357 113.30738
178.38562 109.4101
170.1332 105.70495
162.41032 102.18001
155.1755 98.824183
148.39094 95.627204
142.02223 92.579528
136.03797 89.672285
540.75009 218.93185
503.32451 208.65843
469.10981 199.02028
437.80009 189.97379
409.11984 181.47808
382.82137 173.49487
358.6797 165.98844
336.49048 158.92558
316.07499 152.27539
297.26889 146.00924
279.92408 140.1006
263.90827 134.52488
249.10217 129.25935
235.39817 124.28298
222.69917 119.57631
210.91753 115.12134
199.97446 110.90145
189.79852 106.90123
180.32474 103.10644
171.49502 99.503909
163.25688 96.081415
155.56201 92.82765
148.36673 89.73213
141.63161 86.785129
135.32079 83.977622
129.40157 81.301228
123.84419 78.74816
505.28332 192.12125
469.87109 183.10594
437.51482 174.6481
407.92239 166.70948
380.8308 159.25419
356.00374 152.24862
333.22657 145.66145
312.30443 139.46352
293.06697 133.62774
275.35756 128.12896
259.03503 122.9439
243.97339 118.051
230.05899 113.43029
217.18937 109.06334
205.27206 104.93305
194.22367 101.02365
183.96918 97.320528
174.44064 93.810181
165.57623 90.48011
157.32072 87.318746
149.6242 84.315374
142.44077 81.460068
135.72891 78.743628
129.45117 76.157519
123.5735 73.69382
118.06486 71.345179
112.89701 69.104761
472.5082 168.44362
439.00476 160.53941
408.40748 153.12395
380.43772 146.16373
354.84477 139.62726
331.40342 133.4851
309.90921 127.70976
290.17648 122.27569
272.04305 117.15913
255.35979 112.33804
239.99233 107.79201
225.82074 103.50213
212.73688 99.450903
200.64325 95.622146
189.45191 92.000892
179.0835 88.573298
169.46673 85.326562
160.53695 82.248842
152.23541 79.329181
144.5096 76.557433
137.31212 73.924206
130.59934 71.420797
124.33183 69.039139
118.47405 66.77175
112.99365 64.611686
107.86118 62.552498
103.04985 60.588195
442.13899 147.55678
410.4507 140.6327
381.52336 134.13677
355.09159 128.03962
330.91671 122.31368
308.78444 116.93315
288.50022 111.87396
269.88743 107.11371
252.79187 102.6316
237.07173 98.408328
222.59924 94.426003
209.26039 90.668066
196.9524 87.119188
185.58261 83.765195
175.06741 80.592974
165.33143 77.5904
156.3069 74.746257
147.93244 72.050173
140.1522 69.492546
132.91634 67.064493
126.17984 64.757783
119.90129 62.564794
114.04325 60.478459
108.57197 58.492224
103.45679 56.600004
98.669761 54.796153
94.185472 53.075421
413.92525 129.15656
383.96777 123.09591
356.63023 117.41006
331.66028 112.07325
308.83107 107.06135
287.93901 102.3518
268.79926 97.923508
251.24406 93.756872
235.12701 89.833686
220.31344 86.137061
206.68204 82.651336
194.12457 79.362011
182.54346 76.255668
171.85074 73.319909
161.96708 70.543261
152.8209 67.915104
144.34791 65.425619
136.48985 63.065729
129.19371 60.827034
122.41221 58.701754
116.10265 56.682687
110.22572 54.76316
104.74591 52.936986
99.631229 51.19843
94.852583 49.542167
90.383491 47.963253
86.199858 46.457092
387.64149 112.96195
359.3385 107.66125
333.51831 102.68836
309.94139 98.020744
288.39252 93.637294
268.67861 89.51828
250.62434 85.645257
234.07062 82.001071
218.8787 78.569807
204.9209 75.336696
192.08221 72.288042
180.26002 69.411156
169.36185 66.694304
159.30431 64.126647
150.01221 61.698155
141.41768 59.399534
133.45979 57.222196
126.0833 55.158203
119.23798 53.200209
112.87902 51.341411
106.96593 49.575508
101.46147 47.896663
96.331985 46.299467
91.547158 44.778902
87.079427 43.330311
82.903702 41.949371
78.997162 40.632063
363.09037 98.722212
336.37221 94.089712
312.00333 89.743666
289.75686 85.664418
269.42897 81.83352
250.83687 78.233716
233.81463 74.8489
218.21165 71.66409
203.89665 68.665365
190.74877 65.839811
178.65917 63.175462
167.53076 60.661236
157.276 58.286878
147.81598 56.042906
139.0795 53.920548
131.00236 51.911691
123.52687 50.008832
116.60073 48.205029
110.1764 46.49386
104.21144 44.869382
98.667555 43.326088
93.509476 41.858878
88.705337 40.463024
84.226446 39.134141
80.046712 37.868159
76.142389 36.661299
72.491878 35.510049
340.09962 86.212985
314.90226 82.167482
291.92415 78.372116
270.95085 74.809745
251.78975 71.464258
234.26815 68.320577
218.2293 65.364649
203.53094 62.58339
190.04908 59.964639
177.66956 57.497115
166.28957 55.170368
155.81738 52.974726
146.17031 50.901235
137.27379 48.941606
129.06055 47.088177
121.46991 45.333867
114.44735 43.672126
107.94346 42.096889
101.91326 40.602548
96.316678 39.183912
91.117486 37.836173
86.282346 36.554877
81.781128 35.335895
77.586705 34.175398
73.67441 33.069831
70.021791 32.015895
66.608429 31.010522
318.51978 75.234058
294.78352 71.703741
273.13993 68.391706
253.38673 65.282995
235.34233 62.363548
218.84393 59.620208
203.74376 57.040709
189.90771 54.613636
177.21893 52.328376
165.56982 50.175084
154.86342 48.144642
145.01329 46.228609
135.94144 44.419169
127.57755 42.709093
119.85818 41.091692
112.72609 39.560788
106.12984 38.110664
100.02281 36.736028
94.362546 35.431987
89.111223 34.194008
84.234658 33.017899
79.701373 31.899772
75.482919 30.836023
71.553683 29.823311
67.890373 28.858534
64.471788 27.938813
61.278646 27.061471
298.22069 65.606888
275.8894 62.528324
255.52758 59.640117
236.94493 56.929215
219.97059 54.383356
204.45147 51.991069
190.24859 49.741657
177.23579 47.625162
165.3032 45.632332
154.3496 43.754584
144.28381 41.983965
135.02446 40.313113
126.49818 38.735212
118.6388 37.243961
111.38659 35.833527
104.68765 34.498522
98.493557 33.233958
92.760384 32.035224
87.448149 30.89805
82.521204 29.818487
77.947343 28.792875
73.696894 27.817826
69.743036 26.890197
66.061623 26.007073
62.630695 25.165752
59.430257 24.36372
56.442125 23.598645
279.08905 57.172425
258.10955 54.489646
238.97976 51.972756
221.52103 49.610375
205.57306 47.391818
190.99219 45.307091
177.64805 43.346869
165.42223 41.502474
154.21168 39.765845
143.92141 38.129502
134.46581 36.586517
125.76851 35.13047
117.76062 33.755425
110.38 32.455888
103.57053 31.226782
97.281585 30.063405
91.46764 28.961414
86.087412 27.916789
81.1033 26.92581
76.481783 25.985035
72.192568 25.091277
68.207733 24.24158
64.502038 23.433207
61.052757 22.663618
57.839215 21.930457
54.842587 21.231534
52.045749 20.564817
261.0286 49.789064
241.34981 47.452746
223.40439 45.260896
207.02513 43.203599
192.062 41.271553
178.38058 39.456054
165.85882 37.748981
154.38592 36.142776
143.86543 34.630419
134.2084 33.205398
125.33469 31.861677
117.17277 30.593668
109.65811 29.396199
102.73247 28.264488
96.343265 27.194111
90.443014 26.180976
84.989038 25.221297
79.942604 24.311577
75.268428 23.448576
70.935049 22.629294
66.91403 21.850957
63.179147 21.110992
59.706688 20.407013
56.475302 19.736811
53.465561 19.098331
50.659768 18.489669
48.041824 17.909053
243.95711 43.330984
225.52933 41.297709
208.72217 39.390162
193.37951 37.599716
179.36135 35.918273
166.54223 34.338261
154.80824 32.85261
144.05591 31.454745
134.19522 30.138554
125.14312 28.898372
116.82472 27.728944
109.17322 26.625407
102.12831 25.583261
95.635533 24.598344
89.645727 23.666805
84.114473 22.785082
79.001837 21.949883
74.271565 21.158162
69.890615 20.407099
65.829522 19.694086
62.061647 19.016706
58.562408 18.372721
55.309576 17.760055
52.283126 17.176783
49.464835 16.62112
46.8381 16.091407
44.387811 15.586102
227.80268 37.686642
210.57742 35.918226
194.86364 34.259157
180.51608 32.701937
167.40443 31.239521
155.41194 29.865322
144.43256 28.573194
134.36998 27.357417
125.14037 26.212675
116.66638 25.13404
108.87825 24.116944
101.71371 23.157155
95.116533 22.250761
89.035965 21.394141
83.426126 20.583946
78.245568 19.817078
73.457013 19.090673
69.026606 18.402083
64.923472 17.748855
61.120078 17.12872
57.591523 16.539576
54.314815 15.979477
51.269154 15.446618
48.435803 14.939324
45.797699 14.456042
43.339296 13.99533
41.046438 13.555846
212.50291 32.757269
196.43257 31.22016
181.76836 29.778097
168.37549 28.424559
156.13307 27.153426
144.93276 25.958972
134.67612 24.835853
125.27373 23.779098
116.64778 22.784088
108.72639 21.846538
101.44476 20.962476
94.745 20.128227
88.574852 19.340389
82.88709 18.595815
77.639028 17.891592
72.792082 17.22503
68.311541 16.593638
64.165863 15.995115
60.326268 15.427329
56.767091 14.888307
53.465106 14.376223
50.398857 13.889384
47.548925 13.426222
44.897814 12.985282
42.429585 12.565213
40.129707 12.164761
37.984948 11.782762
198.00645 28.4555
183.0439 27.12025
169.38597 25.867563
156.90805 24.691776
145.49829 23.587572
135.05648 22.549976
125.49155 21.574349
116.72069 20.65637
108.67187 19.792028
101.27852 18.977599
94.480587 18.209635
88.224418 17.484942
82.461549 16.800565
77.148172 16.15377
72.24467 15.542028
67.715219 14.963
63.527579 14.414525
59.652436 13.894601
56.063033 13.401378
52.735498 12.933142
49.648224 12.488306
46.781232 12.0654
44.116437 11.663062
41.637537 11.280027
39.329675 10.915123
37.179301 10.567259
35.174072 10.235425
184.2695 24.704155
170.36784 23.544934
157.67328 22.457392
146.07096 21.436612
135.45781 20.477978
125.74143 19.577171
116.83779 18.730163
108.67047 17.933204
101.17299 17.18281
94.28387 16.475749
87.947608 15.809028
82.114621 15.179873
76.740089 14.585718
71.783487 14.024191
67.208142 13.493096
62.98088 12.990403
59.071836 12.514234
55.453836 12.062853
52.102065 11.634653
48.994377 11.228145
46.110718 10.841953
43.432533 10.4748
40.943018 10.125502
38.627018 9.7929638
36.470719 9.4761654
34.461513 9.1741615
32.587912 8.8860734
171.25316 21.435121
158.36572 20.429297
146.59191 19.485667
135.82631 18.599965
125.9742 17.768185
116.9507 16.98658
108.67854 16.251655
101.08739 15.560155
94.116118 14.909059
87.708091 14.295562
81.812177 13.717066
76.382679 13.171166
71.378269 12.655634
66.761558 12.168412
62.498697 11.707596
58.559047 11.271422
54.915015 10.858264
51.541481 10.466613
48.415487 10.095075
45.516545 9.7423594
42.826089 9.4072709
40.326929 9.0887021
38.003489 8.7856264
35.841718 8.4970917
33.8288 8.2222143
31.953034 7.9601738
30.203749 7.7102076
158.92311 18.58835
147.00346 17.716109
136.10814 16.897801
126.14072 16.129729
117.01454 15.408417
108.65185 14.730616
100.98187 14.093296
93.940113 13.493634
87.470485 12.929009
81.521019 12.39699
76.044745 11.895324
70.999672 11.421924
66.347801 10.974859
62.054738 10.552345
58.089324 10.152728
54.423344 9.7744828
51.031373 9.4161953
47.890252 9.0765589
44.9788 8.7543645
42.278111 8.4484927
39.771043 8.1579069
37.441712 7.8816468
35.275718 7.6188222
33.260065 7.3686074
31.382894 7.1302362
29.63337 6.9029969
28.001611 6.6862283
147.25102 16.110937
136.25282 15.354946
126.19389 14.645702
116.98638 13.979996
108.55128 13.354819
100.81769 12.767355
93.720957 12.214975
87.202161 11.695235
81.210034 11.205862
75.697024 10.74475
70.620123 10.309944
65.940865 9.8996381
61.624418 9.5121576
57.639233 9.1459548
53.956712 8.7995985
50.550945 8.4717647
47.398571 8.161229
44.478298 7.8668586
41.770638 7.5876056
39.258192 7.3224997
36.925177 7.0706425
34.756951 6.8312018
32.740239 6.6034058
30.863053 6.3865391
29.114446 6.1799374
27.484413 5.982984
25.963822 5.7951059
136.21177 13.956341
126.08882 13.301454
116.82439 12.68706
108.33875 12.110383
100.5602 11.568814
93.424281 11.059915
86.872201 10.581408
80.850303 10.131175
75.311894 9.7072485
70.213612 9.3078029
65.516206 8.9311464
61.184551 8.5757125
57.186815 8.2400518
53.494148 7.9228232
50.080382 7.6227869
46.921789 7.338796
43.996969 7.0697898
41.2864 6.8147871
38.772202 6.5728799
36.438408 6.343228
34.270523 6.1250529
32.255092 5.9176338
30.379906 5.7203021
28.633935 5.532438
27.007103 5.3534662
25.490194 5.1828524
24.074792 5.0201001
125.78194 12.083674
116.48831 11.51666
107.97679 10.984706
100.17536 10.485408
93.019167 10.016507
86.449881 9.5758921
80.414236 9.1615914
74.863555 8.7717712
69.755471 8.4047276
65.050581 8.0588799
60.713186 7.7327633
56.711316 7.4250218
53.015977 7.1344002
49.600867 6.8597376
46.442114 6.5999603
43.518055 6.3540755
40.80914 6.1211646
38.297524 5.9003783
35.966848 5.6909304
33.802499 5.4920932
31.791204 5.303193
29.920631 5.1236055
28.179581 4.9527519
26.557936 4.7900954
25.046446 4.6351381
23.636644 4.4874173
22.320793 4.3465032
115.93994 10.457039
107.43005 9.9663533
99.630256 9.5060083
92.475756 9.073923
85.908144 8.6681434
79.874864 8.2868413
74.327846 7.9283115
69.22311 7.5909668
64.52236 7.2733326
60.189922 6.974041
56.193444 6.6918245
52.503928 6.4255094
49.09505 6.1740096
45.942911 5.9363206
43.025799 5.7115131
40.323997 5.4987279
37.8197 5.2971703
35.496641 5.106105
33.339897 4.9248517
31.336131 4.7527809
29.473226 4.5893094
27.739907 4.4338969
26.125934 4.2860426
24.622049 4.1452821
23.219782 4.0111842
21.911377 3.8833487
20.689743 3.7614037
106.66705 9.0449452
98.895593 8.6205206
91.766674 8.2223397
85.222204 7.8486024
79.209804 7.4976184
73.682303 7.1678066
68.596502 6.857692
63.912821 6.5659016
59.596781 6.29116
55.616211 6.0322842
51.941897 5.7881776
48.547632 5.557825
45.409599 5.3402873
42.506152 5.1346952
39.81761 4.9402453
37.326083 4.7561941
35.015403 4.5818544
32.870788 4.4165901
30.878665 4.2598129
29.026897 4.1109781
27.304451 3.9695814
25.701052 3.8351555
24.20736 3.7072671
22.814927 3.5855145
21.516022 3.4695249
20.303557 3.3589521
19.17105 3.2534742
97.945329 7.8197995
90.867428 7.4528637
84.368995 7.108617
78.398139 6.7855028
72.908059 6.4820601
67.856581 6.1969217
63.205036 5.9288124
58.917949 5.6765454
54.964403 5.4390179
51.315497 5.2152071
47.944953 5.004165
44.829174 4.805014
41.94669 4.6169419
39.277965 4.4391976
36.805216 4.2710861
34.512264 4.1119648
32.384477 3.9612396
30.408461 3.8183605
28.571908 3.6828189
26.863805 3.554144
25.274138 3.4318996
23.793566 3.3156818
22.413597 3.205116
21.126544 3.0998549
19.925368 2.9995762
18.803611 2.9039805
17.755365 2.8127897
89.756761 6.7574487
83.328206 6.4403628
77.420526 6.1428834
71.9875 5.8636658
66.987447 5.6014471
62.382801 5.355046
58.139084 5.1233605
54.224625 4.905365
50.611816 4.7001067
47.274798 4.5067015
44.19003 4.3243304
41.336347 4.1522349
38.694466 3.9897132
36.246821 3.8361162
33.9774 3.6908433
31.871621 3.5533393
29.916284 3.4230907
28.099292 3.2996224
26.409517 3.1824947
24.837 3.0713007
23.372673 2.9656637
22.008073 2.8652346
20.735498 2.7696896
19.547975 2.6787287
18.439111 2.5920732
17.403043 2.5094646
16.434395 2.4306624
82.083767 5.8367661
76.261136 5.5628823
70.90522 5.3059338
65.974942 5.0647588
61.433287 4.8382668
57.246905 4.6254372
53.385167 4.4253183
49.81991 4.2370241
46.526582 4.0597317
43.482142 3.8926774
40.665585 3.7351539
38.058004 3.5865061
35.642149 3.4461276
33.402285 3.3134577
31.324047 3.1879778
29.394338 3.0692084
27.60129 2.9567058
25.934014 2.8500597
24.38248 2.7488903
22.937707 2.6528462
21.591513 2.561602
20.33625 2.474856
19.164954 2.3923287
18.071316 2.3137609
17.049549 2.2389121
16.094339 2.1675586
15.200815 2.099493
74.910453 5.0392841
69.650983 4.8028215
64.808479 4.5809801
60.346488 4.3727572
56.232211 4.177211
52.436113 3.9934606
48.931073 3.8206842
45.692131 3.6581169
42.697534 3.5050481
39.926832 3.3608186
37.361357 3.2248177
34.984286 3.0964799
32.78025 2.9752815
30.735205 2.8607384
28.836315 2.752403
27.071859 2.6498611
25.431202 2.5527299
23.904578 2.4606549
22.482974 2.3733084
21.15832 2.2903869
19.923253 2.2116094
18.770883 2.1367156
17.694931 2.0654641
16.689707 1.9976311
15.749986 1.9330089
14.870968 1.8714045
14.048247 1.8126387
68.220354 4.3488757
63.482193 4.1448098
59.115586 3.953362
55.088207 3.7736668
51.37102 3.6049116
47.937923 3.446336
44.764948 3.2972309
41.830039 3.1569363
39.113986 3.0248388
36.598702 2.9003696
34.267656 2.7830016
32.10594 2.6722467
30.099911 2.5676531
28.237086 2.4688031
26.506038 2.3753102
24.896317 2.2868172
23.398431 2.2029934
22.003647 2.1235332
20.703898 2.0481536
19.491952 1.9765928
18.361208 1.9086083
17.305476 1.8439753
16.319114 1.7824857
15.397002 1.7239462
14.534438 1.6681775
13.727096 1.6150133
12.971007 1.5642987
61.995943 3.7514684
57.738463 3.5754353
53.811333 3.4102869
50.185874 3.2552766
46.83639 3.1097035
43.739825 2.9729116
40.875033 2.8442893
38.222564 2.723267
35.765495 2.6093159
33.487879 2.5019451
31.37513 2.4007
29.414085 2.3051595
27.592682 2.214934
25.899869 2.1296631
24.325513 2.0490135
22.860334 1.9726768
21.495891 1.9003679
20.224407 1.8318232
19.038684 1.7667986
17.932265 1.7050682
16.899251 1.6464227
15.934099 1.5906684
15.031754 1.5376256
14.187625 1.4871277
13.39749 1.4390201
12.657465 1.393159
11.963981 1.3494111
56.219426 3.2347911
52.403424 3.0830025
48.880587 2.9405996
45.625447 2.8069385
42.615246 2.6814147
39.829617 2.5634628
37.249914 2.4525552
34.859003 2.3482011
32.642009 2.2499441
30.584906 2.1573612
28.674865 2.0700603
26.900301 1.9876781
25.250592 1.9098791
23.715991 1.8363523
22.287549 1.7668103
20.957056 1.7009872
19.717038 1.6386372
18.560592 1.579533
17.481322 1.523464
16.473484 1.4702355
15.531822 1.4196671
14.651391 1.3715917
13.827675 1.3258543
13.056569 1.2823113
12.334295 1.2408294
11.657375 1.2012846
11.022608 1.163562
50.873852 2.7881491
47.461608 2.6573188
44.309126 2.5345782
41.393765 2.4193723
38.695349 2.3111803
36.195876 2.2095146
33.878901 2.1139206
31.729341 2.0239751
29.734131 1.939285
27.88096 1.8594855
26.158565 1.7842386
24.556783 1.7132312
23.066288 1.6461741
21.678512 1.5827996
20.385582 1.5228596
19.180266 1.466125
18.055964 1.412384
17.00658 1.3614406
16.026448 1.3131133
15.110476 1.2672343
14.253999 1.2236481
13.452621 1.1822107
12.70232 1.1427885
11.999437 1.1052577
11.340604 1.0695033
10.722712 1.0354187
10.142902 1.0029046
45.941188 2.4022307
42.896681 2.2895093
40.08206 2.1837577
37.477172 2.0844981
35.064114 1.9912814
32.826958 1.9036877
30.751189 1.8213253
28.823527 1.7438296
27.032498 1.6708617
25.3673 1.6021077
23.818065 1.537276
22.37589 1.4760969
21.032607 1.4183215
19.780709 1.3637189
18.61329 1.3120754
17.524 1.2631937
16.507039 1.2168912
15.557036 1.1729991
14.668994 1.131361
13.838417 1.0918323
13.061181 1.054279
12.333387 1.0185771
11.651469 0.98461152
11.012177 0.9522755
10.412514 0.92147004
9.8497144 0.8921032
9.3212291 0.86408952
41.402206 2.0689336
38.691321 1.9718517
36.183696 1.8807727
33.861386 1.7952849
31.708484 1.7150016
29.710878 1.6395612
27.855744 1.5686262
26.131372 1.5018827
24.527678 1.4390388
23.035183 1.3798241
21.645239 1.3239875
20.350058 1.2712966
19.142496 1.2215373
18.015991 1.1745105
16.964501 1.1300323
15.982469 1.0879327
15.064814 1.0480545
14.206824 1.0102522
13.404108 0.97439118
12.652711 0.9403469
11.948999 0.90800398
11.289533 0.87725553
10.671156 0.84800248
10.090995 0.82015292
9.546392 0.79362157
9.0348926 0.76832923
8.5542326 0.7442023
37.237158 1.7812111
34.827838 1.6976303
32.598125 1.6192176
30.53203 1.5456185
28.615409 1.4765001
26.835741 1.411551
25.181674 1.3504809
23.642869 1.2930193
22.210448 1.238915
20.876083 1.1879352
19.63219 1.1398637
18.471955 1.0945006
17.389135 1.0516612
16.378002 1.0111744
15.433283 0.97288171
14.550125 0.93663684
13.724092 0.90230441
12.951064 0.86975919
12.227198 0.83888531
11.549028 0.8095755
10.913364 0.78173045
10.317182 0.75525814
9.7577022 0.73007325
9.2323893 0.70609668
8.7388968 0.68325499
8.2750535 0.66148
7.8388543 0.64070836
33.42637 1.5329384
31.288745 1.4610075
29.309746 1.3935243
27.475122 1.3301838
25.772289 1.2706995
24.190127 1.2148034
22.718575 1.1622455
21.348491 1.1127932
20.072044 1.0662302
18.881907 1.0223562
17.771424 0.98098521
16.734626 0.94194507
15.766061 0.90507688
14.860727 0.87023331
14.014028 0.83727804
13.221736 0.80608515
12.479987 0.77653813
11.785189 0.74852921
11.133986 0.72195866
10.523353 0.69673419
9.9505009 0.67277031
9.412779 0.64998782
8.9077482 0.62831331
8.4331806 0.6076787
7.9870114 0.58802078
7.5673265 0.56928088
7.1723562 0.55140447
29.949594 1.3187964
28.056001 1.2569139
26.302441 1.1988578
24.676214 1.1443656
23.166122 1.093191
21.762284 1.0451032
20.455776 0.99988739
19.238505 0.95734328
18.103554 0.91728494
17.044468 0.87953987
16.055395 0.84394817
15.131103 0.81036182
14.266821 0.77864393
13.458185 0.74866779
12.701187 0.72031619
11.992147 0.69348076
11.327701 0.66806128
10.704726 0.64396505
10.120299 0.62110625
9.5717852 0.59940549
9.0567556 0.57878921
8.5728943 0.5591893
8.1180686 0.54054259
7.690328 0.5227905
7.2878618 0.50587867
6.9089891 0.48975662
6.552153 0.47437744
26.786201 1.1341694
25.111159 1.0809503
23.559686 1.0310219
22.120472 0.98415853
20.783554 0.94014818
19.540151 0.89879262
18.382347 0.85990689
17.302972 0.82331885
16.295911 0.78886858
15.355467 0.75640771
14.476489 0.72579877
13.654381 0.69691448
12.884962 0.66963702
12.164416 0.64385745
11.489248 0.61947499
10.856249 0.59639645
10.262497 0.57453562
9.7052737 0.55381279
9.18204 0.53415415
8.690507 0.51549143
8.2285632 0.49776137
7.7941926 0.48090538
7.3855366 0.46486915
7.000894 0.4496023
6.6386826 0.43505807
6.2974317 0.42119305
5.9757768 0.4079669
23.915542 0.97505357
22.43572 0.92930081
21.064902 0.88637709
19.793018 0.84608835
18.611212 0.80825239
17.511684 0.77269877
16.487412 0.73926847
15.532044 0.70781351
14.640169 0.6781964
13.806754 0.65028958
13.027255 0.62397489
12.297629 0.5991429
11.614203 0.5756923
10.973634 0.55352943
10.372866 0.53256768
9.809101 0.5127269
9.2797934 0.49393301
8.7825821 0.47611744
8.3152607 0.45921678
7.8758436 0.44317231
7.4624999 0.42792966
7.0734791 0.41343845
6.7071666 0.39965199
6.3620834 0.38652697
6.0368523 0.37402319
5.730191 0.36210334
5.4409082 0.35073272
21.317245 0.83797803
20.011414 0.79865738
18.80171 0.76176806
17.679174 0.72714327
16.635934 0.69462644
15.665066 0.66407109
14.760344 0.63534055
13.91614 0.60830764
13.127663 0.58285421
12.390464 0.55887064
11.700531 0.53625536
11.054298 0.51491434
10.448536 0.49476051
9.880309 0.47571337
9.3469392 0.45769848
8.845982 0.44064699
8.3752186 0.4244952
7.932595 0.40918421
7.516194 0.39465949
7.1242942 0.3808706
6.7553094 0.36777081
6.4077224 0.35531681
6.0801336 0.34346849
5.7712609 0.33218862
5.479909 0.32144266
5.2049637 0.31119853
4.9453882 0.30142643
18.971281 0.71993551
17.820204 0.68615387
16.753875 0.65446105
15.764328 0.62471377
14.844569 0.59677751
13.988455 0.57052641
13.190465 0.54584306
12.445614 0.52261821
11.749661 0.50075033
11.098671 0.48014526
10.489099 0.46071572
9.9178003 0.44238093
9.3819273 0.42506611
8.8788989 0.40870208
8.4063654 0.3932249
7.9621865 0.37857539
7.5444242 0.36469885
7.1512888 0.35154466
6.7811126 0.33906599
6.4324022 0.32721949
6.1037832 0.31596502
5.7939416 0.30526537
5.5016656 0.29508608
5.2258457 0.28539516
4.9654471 0.27616294
4.7195042 0.26736186
4.4871178 0.25896631
16.858155 0.61832181
15.844456 0.58930827
14.905457 0.56208872
14.034074 0.53654011
13.224099 0.5125469
12.470081 0.490001
11.767127 0.46880157
11.110824 0.44885477
10.497418 0.43007342
9.9234291 0.41237663
9.3857261 0.39568946
8.8815317 0.3799425
8.4083363 0.36507156
7.9638668 0.35101722
7.5460581 0.33772454
7.1530323 0.32514272
6.783093 0.31322476
6.434677 0.3019272
6.1063306 0.29120982
5.7967556 0.28103537
5.5047595 0.27136939
5.2292036 0.26217993
4.9690389 0.25343737
4.7233059 0.24511426
4.4911101 0.2371851
4.2716167 0.22962623
4.0640477 0.22241565
14.959043 0.53088272
14.067086 0.50597216
13.240958 0.48260188
12.474364 0.46066624
11.761793 0.44006604
11.09841 0.42070848
10.47988 0.40250697
9.9022971 0.38538096
9.3623411 0.36925557
8.8569358 0.35406138
8.3833163 0.33973402
7.9390313 0.32621392
7.5218675 0.31344595
7.1298219 0.30137909
6.7610772 0.28996619
6.4139825 0.27916363
6.0870496 0.26893104
5.7789094 0.25923112
5.4882915 0.25002933
5.2140641 0.24129369
4.9551903 0.23299462
4.7106816 0.22510467
4.4796289 0.21759844
4.2612027 0.21045233
4.0546299 0.20364446
3.8591898 0.19715452
3.6742107 0.19096362
13.255916 0.45566796
12.471682 0.43428675
11.74545 0.4142276
11.071627 0.39539983
10.445322 0.37771828
9.8622474 0.36110331
9.3185649 0.34548061
8.8108186 0.33078101
8.3360721 0.31694028
7.891608 0.30389881
7.4749854 0.29160135
7.0840412 0.27999678
6.7168235 0.26903778
6.3715667 0.25868056
6.04667 0.24888464
5.7406807 0.23961257
5.4522905 0.23082974
5.1802979 0.2225041
4.92359 0.21460601
4.6811777 0.20710804
4.4521571 0.19998477
4.2356682 0.19321266
4.030922 0.1867699
3.8372003 0.18063625
3.653835 0.17479292
3.4802037 0.16922246
3.3157271 0.16390867
11.731664 0.39099127
11.042616 0.37264493
10.404665 0.35543299
9.8128449 0.33927765
9.2628154 0.32410583
8.7507764 0.3098492
8.2733289 0.29644399
7.8274167 0.28383086
7.4104435 0.27195469
7.0200095 0.26076432
6.6539605 0.25021237
6.3103883 0.24025495
5.9875716 0.23085146
5.6839542 0.22196434
5.3981254 0.21355885
5.1288061 0.20560286
4.8748452 0.19806665
4.6351866 0.19092275
4.4088536 0.18414571
4.1949801 0.17771199
3.992776 0.17159979
3.8014915 0.16578891
3.6204402 0.16026063
3.4489988 0.15499757
3.2865891 0.14998363
3.1326732 0.14520384
2.9867513 0.14064428
10.370152 0.33539538
9.765103 0.3196578
9.2050623 0.30489332
8.6856219 0.29103518
8.2029315 0.27802072
7.7536235 0.26579131
7.3346891 0.25429225
6.9434257 0.24347264
6.577538 0.23328519
6.2349074 0.22368603
5.9136328 0.2146345
5.6120315 0.20609297
5.3285859 0.1980266
5.0619247 0.19040318
4.8108052 0.18319289
4.5741013 0.17636819
4.3507998 0.16990359
4.1399719 0.1637755
3.9407597 0.1579621
3.752403 0.15244322
3.5742102 0.14720013
3.4055253 0.14221551
3.2457498 0.13747331
3.0943412 0.13295863
2.9507975 0.12865763
2.8146527 0.12455749
2.6854748 0.12064626
0.00033249461 1554.0707
0.00034319063 1594.2519
0.00035416387 1629.645
0.00036540598 1660.7312
0.00037690902 1687.9395
0.00038866547 1711.653
0.00040066819 1732.2143
0.00041291042 1749.9306
0.00042538576 1765.0769
0.00043808818 1777.9005
0.00045101197 1788.6236
0.00046415172 1797.4461
0.00047750235 1804.5482
0.00049105903 1810.0924
0.00050481719 1814.2254
0.00051877254 1817.0798
0.00053292099 1818.7756
0.00054725866 1819.4213
0.0005617819 1819.1153
0.00057648722 1817.9471
0.00059137133 1815.9975
0.00060643108 1813.3404
0.00062166349 1810.0425
0.00063706572 1806.1649
0.00065263507 1801.763
0.00066836896 1796.8874
0.00068426491 1791.5842
5.0992068 1.0357456e+10 1.3228757
5.0628619 1.1797067e+10 1.3601471
5.0171681 1.3090351e+10 1.396424
4.9647573 1.4234501e+10 1.4317821
4.9076878 1.5233549e+10 1.4662878
4.8475528 1.6095637e+10 1.5
4.7855754 1.6831133e+10 1.532971
4.7226863 1.7451363e+10 1.5652476
4.6595882 1.7967792e+10 1.5968719
4.5968061 1.8391511e+10 1.6278821
4.534728 1.8732953e+10 1.6583124
4.4736358 1.9001735e+10 1.6881943
4.4137298 1.9206602e+10 1.7175564
7
