# Fiducial parameters, omega_b = 0.022237, omega_cdm = 0.12, H0 = 67.36, ln10^{10}A_s = 3.044, n_s = 0.9649, tau_reio = 0.0544, M_tot = 0.24, sigma_NL = 7, beta_0^Euclid = 1, beta_1^Euclid = 1, z_reio = 1, Omega_Lambda = 1, YHe = 1, 100*theta_s = 1, A_s = 0, sigma8 = 0
1.3989087e-08
1.5303591e-08
1.6492864e-08
1.708331e-08
1.7518105e-08
1.7888252e-08
1.819866e-08
1.8480222e-08
1.8762002e-08
1.9144154e-08
0
2.4734246e-08
2.4738548e-08
2.6031708e-08
2.6986558e-08
2.779968e-08
2.8481598e-08
2.910016e-08
2.9719214e-08
3.0558812e-08
0
0
3.0679593e-08
2.9946707e-08
3.1295209e-08
3.2446385e-08
3.3412209e-08
3.4288337e-08
3.5165172e-08
3.6354409e-08
0
0
0
3.4641177e-08
3.3742079e-08
3.5150885e-08
3.6335007e-08
3.7409434e-08
3.8484756e-08
3.9943211e-08
0
0
0
0
3.8182284e-08
3.7298728e-08
3.869737e-08
3.99681e-08
4.1240118e-08
4.2965379e-08
0
0
0
0
0
4.1738563e-08
4.0824971e-08
4.230759e-08
4.3793164e-08
4.5808266e-08
0
0
0
0
0
0
4.5210275e-08
4.4372869e-08
4.6083543e-08
4.840542e-08
0
0
0
0
0
0
0
4.8841614e-08
4.826231e-08
5.0929214e-08
0
0
0
0
0
0
0
0
5.3050999e-08
5.3608804e-08
0
0
0
0
0
0
0
0
0
5.9967522e-08
1.307739e-08
1.4421211e-08
1.5641139e-08
1.6247037e-08
1.6693216e-08
1.7073056e-08
1.7391593e-08
1.7680531e-08
1.7969694e-08
1.8361862e-08
0
2.4116451e-08
2.4284819e-08
2.5664514e-08
2.6683519e-08
2.75513e-08
2.8279061e-08
2.893921e-08
2.9599886e-08
3.0495941e-08
0
0
3.0496384e-08
2.9916622e-08
3.1381054e-08
3.2631472e-08
3.3680601e-08
3.4632301e-08
3.5584773e-08
3.6876603e-08
0
0
0
3.4813029e-08
3.4071425e-08
3.5616611e-08
3.6915583e-08
3.8094249e-08
3.9273902e-08
4.0873869e-08
0
0
0
0
3.8708075e-08
3.7998101e-08
3.954426e-08
4.0949176e-08
4.2355541e-08
4.4263028e-08
0
0
0
0
0
4.2649808e-08
4.1919417e-08
4.3569825e-08
4.5223657e-08
4.7467018e-08
0
0
0
0
0
0
4.6523773e-08
4.588988e-08
4.7805788e-08
5.0406354e-08
0
0
0
0
0
0
0
5.060038e-08
5.0268228e-08
5.3272215e-08
0
0
0
0
0
0
0
0
5.5354144e-08
5.6323677e-08
0
0
0
0
0
0
0
0
0
6.3223117e-08
1.2051437e-08
1.3330071e-08
1.4552691e-08
1.5160208e-08
1.5607587e-08
1.5988449e-08
1.6307844e-08
1.6597562e-08
1.6887506e-08
1.7280738e-08
0
2.3136164e-08
2.3422192e-08
2.4865669e-08
2.5932108e-08
2.6840316e-08
2.7601984e-08
2.8292892e-08
2.8984355e-08
2.9922171e-08
0
0
2.9853394e-08
2.94026e-08
3.0965423e-08
3.2300202e-08
3.3420161e-08
3.4436121e-08
3.5452909e-08
3.6831976e-08
0
0
0
3.4477184e-08
3.3876315e-08
3.5543836e-08
3.694593e-08
3.8218203e-08
3.9491549e-08
4.12186e-08
0
0
0
0
3.8694001e-08
3.8145139e-08
3.9828571e-08
4.1358425e-08
4.2889888e-08
4.496706e-08
0
0
0
0
0
4.2998303e-08
4.2443013e-08
4.4254061e-08
4.6069039e-08
4.8531018e-08
0
0
0
0
0
0
4.7260835e-08
4.6825997e-08
4.8942886e-08
5.181642e-08
0
0
0
0
0
0
0
5.1777007e-08
5.1691474e-08
5.5032087e-08
0
0
0
0
0
0
0
0
5.7078956e-08
5.8467372e-08
0
0
0
0
0
0
0
0
0
6.5929267e-08
1.1059377e-08
1.2177685e-08
1.3372386e-08
1.3966362e-08
1.4403778e-08
1.477616e-08
1.5088444e-08
1.5371713e-08
1.5655204e-08
1.6039685e-08
0
2.1916618e-08
2.2259693e-08
2.3736923e-08
2.4828697e-08
2.5758522e-08
2.6538324e-08
2.7245682e-08
2.7953611e-08
2.8913764e-08
0
0
2.8838195e-08
2.8480802e-08
3.0115975e-08
3.1512981e-08
3.2685216e-08
3.3748604e-08
3.4812862e-08
3.6256318e-08
0
0
0
3.3695791e-08
3.3208328e-08
3.4975087e-08
3.6460972e-08
3.7809324e-08
3.915882e-08
4.0989161e-08
0
0
0
0
3.817934e-08
3.7768501e-08
3.9570025e-08
4.1207457e-08
4.2846648e-08
4.5069946e-08
0
0
0
0
0
4.2800636e-08
4.2402132e-08
4.4357384e-08
4.6317097e-08
4.8975443e-08
0
0
0
0
0
0
4.7416467e-08
4.716586e-08
4.9469088e-08
5.2595774e-08
0
0
0
0
0
0
0
5.2344735e-08
5.249384e-08
5.6155091e-08
0
0
0
0
0
0
0
0
5.8174692e-08
5.997212e-08
0
0
0
0
0
0
0
0
0
6.7999197e-08
9.8608363e-09
1.0710424e-08
1.1841485e-08
1.2404209e-08
1.2818622e-08
1.3171421e-08
1.3467283e-08
1.3735657e-08
1.4004242e-08
1.436851e-08
0
2.0168739e-08
2.0490722e-08
2.1962642e-08
2.3050979e-08
2.3977927e-08
2.4755321e-08
2.5460497e-08
2.6166245e-08
2.7123444e-08
0
0
2.711776e-08
2.6803953e-08
2.8474789e-08
2.9902802e-08
3.1101134e-08
3.2188203e-08
3.3276165e-08
3.4751778e-08
0
0
0
3.2103902e-08
3.1689099e-08
3.3520485e-08
3.5061162e-08
3.645929e-08
3.7858611e-08
3.975654e-08
0
0
0
0
3.6769925e-08
3.6460338e-08
3.8349234e-08
4.0066406e-08
4.1785469e-08
4.4117113e-08
0
0
0
0
0
4.1633203e-08
4.1359791e-08
4.3430632e-08
4.5506475e-08
4.8322392e-08
0
0
0
0
0
0
4.65386e-08
4.6443598e-08
4.8904678e-08
5.2245916e-08
0
0
0
0
0
0
0
5.1822288e-08
5.2178541e-08
5.6123375e-08
0
0
0
0
0
0
0
0
5.8127251e-08
6.0300232e-08
0
0
0
0
0
0
0
0
0
6.8867943e-08
8.7085292e-09
9.2123835e-09
1.0250123e-08
1.0766846e-08
1.1147393e-08
1.1471363e-08
1.1743049e-08
1.1989493e-08
1.2236132e-08
1.2570638e-08
0
1.8196519e-08
1.841492e-08
1.9839831e-08
2.0893987e-08
2.179188e-08
2.2544914e-08
2.3227994e-08
2.3911629e-08
2.4838842e-08
0
0
2.4977707e-08
2.4649116e-08
2.6312401e-08
2.7734611e-08
2.8928168e-08
3.0010915e-08
3.1094554e-08
3.256431e-08
0
0
0
2.996589e-08
2.9573063e-08
3.1425868e-08
3.2985099e-08
3.4400133e-08
3.5816384e-08
3.7737282e-08
0
0
0
0
3.4707226e-08
3.445072e-08
3.6386609e-08
3.8146905e-08
3.9909196e-08
4.2299483e-08
0
0
0
0
0
3.9711945e-08
3.9519813e-08
4.1666566e-08
4.3818847e-08
4.6738505e-08
0
0
0
0
0
0
4.4816612e-08
4.4835286e-08
4.7412361e-08
5.0911406e-08
0
0
0
0
0
0
0
5.0370192e-08
5.0890351e-08
5.5060294e-08
0
0
0
0
0
0
0
0
5.7063023e-08
5.9552918e-08
0
0
0
0
0
0
0
0
0
6.8605785e-08
7.678771e-09
7.7953043e-09
8.7186467e-09
9.1788437e-09
9.517774e-09
9.8063148e-09
1.004829e-08
1.0267784e-08
1.0487453e-08
1.0785381e-08
0
1.6149823e-08
1.6184687e-08
1.7521555e-08
1.8511228e-08
1.9354265e-08
2.0061298e-08
2.0702653e-08
2.134453e-08
2.221511e-08
0
0
2.2563795e-08
2.215672e-08
2.3765011e-08
2.5140959e-08
2.6295802e-08
2.7343441e-08
2.8391944e-08
2.9814051e-08
0
0
0
2.7412302e-08
2.6982674e-08
2.8806603e-08
3.0342171e-08
3.1735812e-08
3.3130661e-08
3.5022537e-08
0
0
0
0
3.2102028e-08
3.183998e-08
3.3773571e-08
3.5532263e-08
3.7293017e-08
3.9681231e-08
0
0
0
0
0
3.7123365e-08
3.6956707e-08
3.9128708e-08
4.1306721e-08
4.4261345e-08
0
0
0
0
0
0
4.231003e-08
4.238656e-08
4.5023778e-08
4.8604884e-08
0
0
0
0
0
0
0
4.8017201e-08
4.8640847e-08
5.2954032e-08
0
0
0
0
0
0
0
0
5.4972802e-08
5.7692375e-08
0
0
0
0
0
0
0
0
0
6.7138095e-08
6.7079027e-09
6.418014e-09
7.2134339e-09
7.6102855e-09
7.9025756e-09
8.1514109e-09
8.3600892e-09
8.5493797e-09
8.7388212e-09
8.9957542e-09
0
1.4029941e-08
1.3810163e-08
1.5021697e-08
1.5919289e-08
1.6683962e-08
1.7325282e-08
1.7907028e-08
1.8489249e-08
1.9278919e-08
0
0
1.9888622e-08
1.9338246e-08
2.0842897e-08
2.2131036e-08
2.3212308e-08
2.4193216e-08
2.5174938e-08
2.650647e-08
0
0
0
2.4449183e-08
2.3918941e-08
2.5659157e-08
2.7124985e-08
2.8455427e-08
2.9787032e-08
3.1593133e-08
0
0
0
0
2.894654e-08
2.8612143e-08
3.048708e-08
3.2192997e-08
3.3900994e-08
3.6217663e-08
0
0
0
0
0
3.383951e-08
3.3631916e-08
3.5768733e-08
3.7911964e-08
4.0819474e-08
0
0
0
0
0
0
3.8966159e-08
3.9031455e-08
4.165955e-08
4.5228756e-08
0
0
0
0
0
0
0
4.4680401e-08
4.5329723e-08
4.9680548e-08
0
0
0
0
0
0
0
0
5.1734271e-08
5.4565815e-08
0
0
0
0
0
0
0
0
0
6.4270636e-08
5.9049238e-09
5.2364342e-09
5.9056778e-09
6.2399028e-09
6.4860784e-09
6.6956558e-09
6.8714116e-09
7.0308386e-09
7.1903931e-09
7.4067918e-09
0
1.2082158e-08
1.1564544e-08
1.2626721e-08
1.3414347e-08
1.4085414e-08
1.4648235e-08
1.5158776e-08
1.5669734e-08
1.6362751e-08
0
0
1.7253102e-08
1.6506126e-08
1.7866553e-08
1.9032126e-08
2.0010653e-08
2.0898366e-08
2.1786816e-08
2.2991845e-08
0
0
0
2.1397618e-08
2.0708149e-08
2.231393e-08
2.3667328e-08
2.4895831e-08
2.6125417e-08
2.7793153e-08
0
0
0
0
2.5569014e-08
2.5096284e-08
2.6856649e-08
2.8458969e-08
3.0063333e-08
3.223945e-08
0
0
0
0
0
3.018661e-08
2.9868569e-08
3.1906755e-08
3.3951637e-08
3.6725802e-08
0
0
0
0
0
0
3.5101312e-08
3.5079513e-08
3.7622263e-08
4.1076131e-08
0
0
0
0
0
0
0
4.065846e-08
4.1244164e-08
4.5511253e-08
0
0
0
0
0
0
0
0
4.7617714e-08
5.0419691e-08
0
0
0
0
0
0
0
0
0
6.0212387e-08
5.2033896e-09
4.1941922e-09
4.7462733e-09
5.0221961e-09
5.2254379e-09
5.3984647e-09
5.5435686e-09
5.6751916e-09
5.80692e-09
5.9855794e-09
0
1.0308343e-08
9.4789188e-09
1.0381974e-08
1.1052205e-08
1.1623321e-08
1.2102319e-08
1.2536824e-08
1.2971685e-08
1.3561492e-08
0
0
1.4726199e-08
1.3746746e-08
1.4934826e-08
1.595361e-08
1.6809042e-08
1.7585096e-08
1.8361796e-08
1.9415258e-08
0
0
0
1.8361401e-08
1.7465816e-08
1.8896101e-08
2.0102413e-08
2.1197513e-08
2.229359e-08
2.3780244e-08
0
0
0
0
2.2095024e-08
2.1425631e-08
2.3021633e-08
2.4475035e-08
2.593039e-08
2.7904405e-08
0
0
0
0
0
2.6302852e-08
2.5808186e-08
2.7687072e-08
2.9572765e-08
3.2131054e-08
0
0
0
0
0
0
3.0857093e-08
3.0671691e-08
3.3051993e-08
3.6285843e-08
0
0
0
0
0
0
0
3.6087704e-08
3.6515099e-08
4.0569487e-08
0
0
0
0
0
0
0
0
4.2742962e-08
4.5357582e-08
0
0
0
0
0
0
0
0
0
5.5035179e-08
4.6411614e-09
3.3422506e-09
3.7931386e-09
4.0185792e-09
4.1846415e-09
4.3260164e-09
4.4445766e-09
4.5521219e-09
4.6597535e-09
4.8057313e-09
0
8.8146331e-09
7.6933623e-09
8.4448256e-09
9.0029568e-09
9.4786036e-09
9.877537e-09
1.0239414e-08
1.0601588e-08
1.109281e-08
0
0
1.250065e-08
1.1279678e-08
1.2286875e-08
1.3151271e-08
1.3877191e-08
1.4535761e-08
1.519488e-08
1.6088864e-08
0
0
0
1.5591348e-08
1.4465122e-08
1.5697641e-08
1.6737904e-08
1.7682368e-08
1.8627685e-08
1.990986e-08
0
0
0
0
1.8821332e-08
1.7916263e-08
1.9314039e-08
2.0587598e-08
2.1862964e-08
2.3592857e-08
0
0
0
0
0
2.2523195e-08
2.1800752e-08
2.3473048e-08
2.5152048e-08
2.7430009e-08
0
0
0
0
0
0
2.6596845e-08
2.6182661e-08
2.8334486e-08
3.1258609e-08
0
0
0
0
0
0
0
3.1351296e-08
3.1533292e-08
3.5256002e-08
0
0
0
0
0
0
0
0
3.7503497e-08
3.9775162e-08
0
0
0
0
0
0
0
0
0
4.9121546e-08
4.1584018e-09
2.6047939e-09
2.9675135e-09
3.1489236e-09
3.2825551e-09
3.3963208e-09
3.4917272e-09
3.57827e-09
3.6648823e-09
3.7823526e-09
0
7.5207416e-09
6.143773e-09
6.7605589e-09
7.2188576e-09
7.6094568e-09
7.9370627e-09
8.2342382e-09
8.5316578e-09
8.9350525e-09
0
0
1.0551944e-08
9.1039668e-09
9.939371e-09
1.0656795e-08
1.1259372e-08
1.1806051e-08
1.2353187e-08
1.3095286e-08
0
0
0
1.31192e-08
1.1762373e-08
1.2795727e-08
1.3668455e-08
1.4460898e-08
1.5254064e-08
1.6329871e-08
0
0
0
0
1.5833945e-08
1.4679222e-08
1.5865747e-08
1.694739e-08
1.8030656e-08
1.9499993e-08
0
0
0
0
0
1.8986781e-08
1.8008433e-08
1.9447526e-08
2.0892979e-08
2.2854159e-08
0
0
0
0
0
0
2.2506877e-08
2.1819974e-08
2.3698309e-08
2.6251444e-08
0
0
0
0
0
0
0
2.6677649e-08
2.6547178e-08
2.9846056e-08
0
0
0
0
0
0
0
0
3.2165347e-08
3.3960706e-08
0
0
0
0
0
0
0
0
0
4.2770369e-08
3.7873046e-09
2.0162071e-09
2.3027739e-09
2.4461823e-09
2.5518226e-09
2.6417584e-09
2.7171806e-09
2.7855958e-09
2.8540661e-09
2.9469307e-09
0
6.4508793e-09
4.85648e-09
5.3583618e-09
5.7313416e-09
6.0492367e-09
6.3158654e-09
6.5577279e-09
6.7997893e-09
7.1281012e-09
0
0
8.9256321e-09
7.2811675e-09
7.9665476e-09
8.5553171e-09
9.0498758e-09
9.4985615e-09
9.9476229e-09
1.05567e-08
0
0
0
1.1033898e-08
9.4688524e-09
1.0321049e-08
1.1041078e-08
1.1694919e-08
1.2349363e-08
1.3237015e-08
0
0
0
0
1.3275198e-08
1.1884121e-08
1.2869363e-08
1.3767884e-08
1.4667812e-08
1.5888478e-08
0
0
0
0
0
1.5897733e-08
1.4664478e-08
1.5870134e-08
1.7081558e-08
1.8725273e-08
0
0
0
0
0
0
1.8854642e-08
1.788186e-08
1.9472352e-08
2.163478e-08
0
0
0
0
0
0
0
2.2399282e-08
2.1923011e-08
2.4751391e-08
0
0
0
0
0
0
0
0
2.7130472e-08
2.8363242e-08
0
0
0
0
0
0
0
0
0
3.6474813e-08
3.4985854e-09
1.5467341e-09
1.7677173e-09
1.8784308e-09
1.9599898e-09
2.0294244e-09
2.0876538e-09
2.1404735e-09
2.1933356e-09
2.2650315e-09
0
5.5589135e-09
3.7726054e-09
4.1740601e-09
4.4724987e-09
4.7268692e-09
4.9402187e-09
5.1337512e-09
5.3274429e-09
5.5901505e-09
0
0
7.5496428e-09
5.7380939e-09
6.295653e-09
6.7746683e-09
7.1770469e-09
7.5421044e-09
7.907468e-09
8.4030234e-09
0
0
0
9.2689228e-09
7.5264131e-09
8.2234328e-09
8.8124326e-09
9.347308e-09
9.8826788e-09
1.0608828e-08
0
0
0
0
1.1104298e-08
9.5071142e-09
1.031581e-08
1.1053471e-08
1.1792317e-08
1.2794494e-08
0
0
0
0
0
1.3258778e-08
1.1795283e-08
1.2789024e-08
1.378775e-08
1.5142907e-08
0
0
0
0
0
0
1.5698852e-08
1.4457048e-08
1.5775498e-08
1.7568403e-08
0
0
0
0
0
0
0
1.8642975e-08
1.7825862e-08
2.0188971e-08
0
0
0
0
0
0
0
0
2.261031e-08
2.3256568e-08
0
0
0
0
0
0
0
0
0
3.0582143e-08
3.277423e-09
1.1845985e-09
1.3524229e-09
1.4365808e-09
1.4985809e-09
1.5513642e-09
1.5956295e-09
1.6357825e-09
1.6759676e-09
1.7304699e-09
0
4.8439677e-09
2.8859414e-09
3.1978898e-09
3.4300034e-09
3.6278614e-09
3.7938132e-09
3.9443506e-09
4.0950119e-09
4.2993568e-09
0
0
6.3979706e-09
4.4382149e-09
4.8831836e-09
5.2656177e-09
5.5868841e-09
5.8783539e-09
6.1700684e-09
6.5657313e-09
0
0
0
7.7759508e-09
5.8807521e-09
6.4444391e-09
6.9208279e-09
7.3534475e-09
7.7864689e-09
8.3737971e-09
0
0
0
0
9.2649177e-09
7.4929123e-09
8.1515432e-09
8.7523542e-09
9.3541384e-09
1.0170405e-08
0
0
0
0
0
1.1023034e-08
9.3634741e-09
1.017611e-08
1.0992883e-08
1.2101164e-08
0
0
0
0
0
0
1.3020653e-08
1.1545347e-08
1.2626739e-08
1.4097413e-08
0
0
0
0
0
0
0
1.5437715e-08
1.4315444e-08
1.6260582e-08
0
0
0
0
0
0
0
0
1.8708764e-08
1.8805943e-08
0
0
0
0
0
0
0
0
0
2.5347358e-08
3.1104247e-09
9.1145682e-10
1.03899e-09
1.1029327e-09
1.1500416e-09
1.1901475e-09
1.2237813e-09
1.2542903e-09
1.2848239e-09
1.3262358e-09
0
4.3001149e-09
2.2004422e-09
2.4370587e-09
2.6133181e-09
2.7635901e-09
2.8896317e-09
3.003966e-09
3.1183945e-09
3.273596e-09
0
0
5.4788958e-09
3.3855038e-09
3.729301e-09
4.025094e-09
4.2736199e-09
4.4990988e-09
4.7247671e-09
5.0308495e-09
0
0
0
6.5465919e-09
4.5134548e-09
4.957397e-09
5.3328026e-09
5.6737401e-09
6.0149958e-09
6.4778582e-09
0
0
0
0
7.7245095e-09
5.7982125e-09
6.3249264e-09
6.8055042e-09
7.2868716e-09
7.9398048e-09
0
0
0
0
0
9.136403e-09
7.3081119e-09
7.9650232e-09
8.6253243e-09
9.5212937e-09
0
0
0
0
0
0
1.0756262e-08
9.0828101e-09
9.9627793e-09
1.1159552e-08
0
0
0
0
0
0
0
1.2727203e-08
1.1345782e-08
1.293515e-08
0
0
0
0
0
0
0
0
1.5403859e-08
1.5025782e-08
0
0
0
0
0
0
0
0
0
2.0860709e-08
2.9841578e-09
7.0446678e-10
8.0150254e-10
8.5014596e-10
8.8598252e-10
9.1649181e-10
9.420776e-10
9.6528636e-10
9.8851375e-10
1.0200165e-09
0
3.8894162e-09
1.6838253e-09
1.8629018e-09
1.996304e-09
2.1100475e-09
2.2054519e-09
2.2919948e-09
2.378609e-09
2.4960854e-09
0
0
4.7807109e-09
2.5773783e-09
2.8367745e-09
3.0601698e-09
3.2479105e-09
3.4182452e-09
3.588723e-09
3.8199484e-09
0
0
0
5.585415e-09
3.4303694e-09
3.7683149e-09
4.0543836e-09
4.3142268e-09
4.5743158e-09
4.9270877e-09
0
0
0
0
6.4836668e-09
4.4170585e-09
4.8242425e-09
5.1960039e-09
5.568407e-09
6.0735418e-09
0
0
0
0
0
7.579424e-09
5.5981779e-09
6.1145258e-09
6.6337141e-09
7.3382252e-09
0
0
0
0
0
0
8.8588729e-09
7.0094986e-09
7.7111538e-09
8.6655292e-09
0
0
0
0
0
0
0
1.0437815e-08
8.8319435e-09
1.0113429e-08
0
0
0
0
0
0
0
0
1.2604882e-08
1.1822544e-08
0
0
0
0
0
0
0
0
0
1.7057953e-08
2.888476e-09
5.483578e-10
6.2221878e-10
6.5925131e-10
6.865339e-10
7.0976077e-10
7.2923934e-10
7.4690825e-10
7.6459133e-10
7.8857443e-10
0
3.5772394e-09
1.2910982e-09
1.4269713e-09
1.5281483e-09
1.6144091e-09
1.6867617e-09
1.7523939e-09
1.8180801e-09
1.9071715e-09
0
0
4.2539088e-09
1.9695588e-09
2.1658267e-09
2.3347981e-09
2.4768033e-09
2.6056441e-09
2.7345934e-09
2.9094919e-09
0
0
0
4.8625901e-09
2.6126128e-09
2.866847e-09
3.08213e-09
3.2776986e-09
3.4734547e-09
3.7389687e-09
0
0
0
0
5.5372527e-09
3.3532212e-09
3.6596345e-09
3.9395803e-09
4.220042e-09
4.6004681e-09
0
0
0
0
0
6.3615286e-09
4.2447911e-09
4.6365272e-09
5.030659e-09
5.5655072e-09
0
0
0
0
0
0
7.334453e-09
5.3248862e-09
5.8645665e-09
6.5988785e-09
0
0
0
0
0
0
0
8.5545641e-09
6.7441296e-09
7.7458301e-09
0
0
0
0
0
0
0
0
1.0260013e-08
9.1170222e-09
0
0
0
0
0
0
0
0
0
1.3835078e-08
2.8150647e-09
4.3021065e-10
4.8692405e-10
5.15344e-10
5.3628156e-10
5.5410662e-10
5.6905511e-10
5.826148e-10
5.9618535e-10
6.1459071e-10
0
3.3430828e-09
9.949416e-10
1.0974541e-09
1.173825e-09
1.2389385e-09
1.2935533e-09
1.3430952e-09
1.3926778e-09
1.4599276e-09
0
0
3.8525876e-09
1.5061197e-09
1.6546099e-09
1.7824297e-09
1.8898403e-09
1.9872925e-09
2.0848267e-09
2.2171158e-09
0
0
0
4.3134934e-09
1.9939563e-09
2.1866607e-09
2.3497549e-09
2.4979035e-09
2.6461938e-09
2.8473276e-09
0
0
0
0
4.8252729e-09
2.554684e-09
2.7859227e-09
2.9971439e-09
3.2087561e-09
3.4957936e-09
0
0
0
0
0
5.4466652e-09
3.2247333e-09
3.5187285e-09
3.8145787e-09
4.2160716e-09
0
0
0
0
0
0
6.1755442e-09
4.0331638e-09
4.4378155e-09
4.9885795e-09
0
0
0
0
0
0
0
7.0901635e-09
5.1001086e-09
5.8559174e-09
0
0
0
0
0
0
0
0
8.3816497e-09
6.9105212e-09
0
0
0
0
0
0
0
0
0
1.1154179e-08
2.7580909e-09
3.3992772e-10
3.8394688e-10
4.0599527e-10
4.222382e-10
4.3606649e-10
4.476632e-10
4.581825e-10
4.6871021e-10
4.8298864e-10
0
3.1672764e-09
7.7380078e-10
8.5166742e-10
9.0965092e-10
9.5908774e-10
1.0005537e-09
1.0381682e-09
1.0758135e-09
1.1268725e-09
0
0
3.5532745e-09
1.1589421e-09
1.2704043e-09
1.366397e-09
1.4470718e-09
1.5202673e-09
1.5935243e-09
1.6928853e-09
0
0
0
3.8984845e-09
1.5240823e-09
1.6687617e-09
1.7912632e-09
1.9025403e-09
2.0139235e-09
2.164998e-09
0
0
0
0
4.2826613e-09
1.9462393e-09
2.1207663e-09
2.2801635e-09
2.4398476e-09
2.6564473e-09
0
0
0
0
0
4.7524005e-09
2.4536e-09
2.6759906e-09
2.8997115e-09
3.20331e-09
0
0
0
0
0
0
5.3041837e-09
3.0646572e-09
3.3697111e-09
3.7848579e-09
0
0
0
0
0
0
0
5.9927763e-09
3.8654168e-09
4.4318768e-09
0
0
0
0
0
0
0
0
6.958418e-09
5.2173347e-09
0
0
0
0
0
0
0
0
0
9.0382175e-09
2.7130091e-09
2.6973536e-10
3.0428371e-10
3.2157776e-10
3.3431789e-10
3.451641e-10
3.5425995e-10
3.6251074e-10
3.7076813e-10
3.8196737e-10
0
3.0335719e-09
6.06537e-10
6.6624679e-10
7.1069554e-10
7.4858938e-10
7.8037311e-10
8.0920461e-10
8.3805977e-10
8.7719643e-10
0
0
3.3286397e-09
8.9960521e-10
9.8408606e-10
1.0567933e-09
1.1178922e-09
1.1733267e-09
1.2288078e-09
1.3040587e-09
0
0
0
3.5899422e-09
1.1748611e-09
1.2834922e-09
1.3754565e-09
1.4589982e-09
1.5426201e-09
1.6560406e-09
0
0
0
0
3.8777913e-09
1.4899869e-09
1.6201968e-09
1.7391672e-09
1.8583598e-09
2.0200361e-09
0
0
0
0
0
4.2275249e-09
1.8677518e-09
2.0338259e-09
2.2009448e-09
2.4277346e-09
0
0
0
0
0
0
4.6396971e-09
2.3255984e-09
2.5547129e-09
2.8665054e-09
0
0
0
0
0
0
0
5.157968e-09
2.9297007e-09
3.3568867e-09
0
0
0
0
0
0
0
0
5.8869374e-09
3.9487971e-09
0
0
0
0
0
0
0
0
0
7.4452393e-09
2.6767744e-09
2.142049e-10
2.4158861e-10
2.5528851e-10
2.653806e-10
2.7397239e-10
2.8117765e-10
2.8771349e-10
2.9425456e-10
3.0312601e-10
0
2.9304524e-09
4.7868166e-10
5.2498639e-10
5.5943694e-10
5.8880536e-10
6.1343822e-10
6.3578303e-10
6.5814617e-10
6.8847759e-10
0
0
3.1585361e-09
7.0376177e-10
7.6827778e-10
8.2379231e-10
8.7044121e-10
9.1276481e-10
9.5512393e-10
1.012577e-09
0
0
0
3.3576088e-09
9.1270889e-10
9.9505635e-10
1.0647478e-09
1.1280506e-09
1.1914135e-09
1.2773557e-09
0
0
0
0
3.575445e-09
1.1506586e-09
1.2487716e-09
1.3383722e-09
1.4281352e-09
1.5498922e-09
0
0
0
0
0
3.838633e-09
1.4338826e-09
1.5579923e-09
1.6828672e-09
1.8523317e-09
0
0
0
0
0
0
4.1459154e-09
1.7739128e-09
1.9439443e-09
2.1753798e-09
0
0
0
0
0
0
0
4.5296311e-09
2.2209669e-09
2.5378135e-09
0
0
0
0
0
0
0
0
5.0707931e-09
2.9804196e-09
0
0
0
0
0
0
0
0
0
6.2396985e-09
2.6473018e-09
1.6954726e-10
1.9139235e-10
2.0231621e-10
2.1036309e-10
2.1721371e-10
2.2295878e-10
2.2817011e-10
2.333856e-10
2.404592e-10
0
2.8494295e-09
3.7918093e-10
4.1550542e-10
4.4251679e-10
4.655416e-10
4.8485353e-10
5.0237164e-10
5.1990412e-10
5.4368363e-10
0
0
3.0278478e-09
5.5419533e-10
6.0406373e-10
6.4694917e-10
6.8298149e-10
7.156726e-10
7.4839111e-10
7.9276828e-10
0
0
0
3.1813919e-09
7.1459058e-10
7.7756031e-10
8.3083027e-10
8.7921538e-10
9.2764634e-10
9.9333553e-10
0
0
0
0
3.347571e-09
8.9530228e-10
9.6964391e-10
1.0375322e-09
1.1055425e-09
1.1977933e-09
0
0
0
0
0
3.546484e-09
1.1087516e-09
1.2022439e-09
1.2962989e-09
1.4239342e-09
0
0
0
0
0
0
3.7775864e-09
1.3640659e-09
1.4915768e-09
1.6650917e-09
0
0
0
0
0
0
0
4.0649681e-09
1.6977784e-09
1.93368e-09
0
0
0
0
0
0
0
0
4.4664939e-09
2.2586391e-09
0
0
0
0
0
0
0
0
0
5.3273069e-09
2.6232047e-09
1.3322328e-10
1.5068267e-10
1.5941075e-10
1.6584001e-10
1.7131349e-10
1.7590366e-10
1.8006738e-10
1.8423443e-10
1.8988609e-10
0
2.7846518e-09
3.0034183e-10
3.291059e-10
3.5048462e-10
3.6870667e-10
3.8399018e-10
3.9785405e-10
4.1172929e-10
4.3054845e-10
0
0
2.9256573e-09
4.3796065e-10
4.7694623e-10
5.1045496e-10
5.3860613e-10
5.6414662e-10
5.8970849e-10
6.2437887e-10
0
0
0
3.0454625e-09
5.6252977e-10
6.1125908e-10
6.5246535e-10
6.8989014e-10
7.2735008e-10
7.7815871e-10
0
0
0
0
3.1737588e-09
7.0146754e-10
7.5847179e-10
8.1050706e-10
8.6263249e-10
9.3333637e-10
0
0
0
0
0
3.3259226e-09
8.640769e-10
9.3509979e-10
1.0065307e-09
1.1034631e-09
0
0
0
0
0
0
3.5010205e-09
1.0566759e-09
1.1526748e-09
1.2833062e-09
0
0
0
0
0
0
0
3.7167298e-09
1.306389e-09
1.4828753e-09
0
0
0
0
0
0
0
0
4.0165081e-09
1.7244243e-09
0
0
0
0
0
0
0
0
0
4.6547644e-09
2.6035386e-09
1.0353558e-10
1.1744522e-10
1.2439797e-10
1.2951943e-10
1.3387952e-10
1.3753599e-10
1.4085275e-10
1.4417217e-10
1.4867421e-10
0
2.7321629e-09
2.3688947e-10
2.5979171e-10
2.7680707e-10
2.9130914e-10
3.0347246e-10
3.1450597e-10
3.2554852e-10
3.4052568e-10
0
0
2.8443402e-09
3.4600901e-10
3.7677745e-10
4.0321067e-10
4.254153e-10
4.455605e-10
4.6572255e-10
4.9306897e-10
0
0
0
2.9387657e-09
4.4381231e-10
4.8194134e-10
5.1416888e-10
5.4343661e-10
5.7273162e-10
6.1246576e-10
0
0
0
0
3.0389558e-09
5.5187293e-10
5.9607528e-10
6.3641011e-10
6.7681281e-10
7.3161558e-10
0
0
0
0
0
3.1566696e-09
6.7712698e-10
7.3169183e-10
7.8655748e-10
8.6100859e-10
0
0
0
0
0
0
3.2908275e-09
8.2410784e-10
8.9722809e-10
9.9670806e-10
0
0
0
0
0
0
0
3.4546686e-09
1.0130157e-09
1.1462494e-09
0
0
0
0
0
0
0
0
3.6801166e-09
1.3257216e-09
0
0
0
0
0
0
0
0
0
4.1539698e-09
2.587627e-09
7.9332134e-11
9.0323888e-11
9.5818617e-11
9.9866077e-11
1.0331183e-10
1.0620152e-10
1.0882274e-10
1.1144607e-10
1.1500402e-10
0
2.6893353e-09
1.8530167e-10
2.0354703e-10
2.1709935e-10
2.2864939e-10
2.3833671e-10
2.471242e-10
2.559189e-10
2.6784728e-10
0
0
2.7787394e-09
2.7216445e-10
2.9658469e-10
3.1755617e-10
3.351713e-10
3.511525e-10
3.6714708e-10
3.8884102e-10
0
0
0
2.8536387e-09
3.4954262e-10
3.7962597e-10
4.0504291e-10
4.2812396e-10
4.5122636e-10
4.8256119e-10
0
0
0
0
2.9325809e-09
4.3441012e-10
4.6903292e-10
5.0061577e-10
5.3225005e-10
5.7515907e-10
0
0
0
0
0
3.0246089e-09
5.3196711e-10
5.7435793e-10
6.1697022e-10
6.7479202e-10
0
0
0
0
0
0
3.1285844e-09
6.4542503e-10
7.0173388e-10
7.7832692e-10
0
0
0
0
0
0
0
3.2543856e-09
7.8981862e-10
8.9144192e-10
0
0
0
0
0
0
0
0
3.425649e-09
1.0261754e-09
0
0
0
0
0
0
0
0
0
3.7807199e-09
2.5749377e-09
5.9782857e-11
6.8360637e-11
7.2649864e-11
7.5809365e-11
7.8499167e-11
8.0754897e-11
8.2801063e-11
8.4848874e-11
8.7626278e-11
0
2.6544078e-09
1.4323512e-10
1.5770396e-10
1.6845043e-10
1.7760899e-10
1.8529049e-10
1.9225848e-10
1.9923219e-10
2.0869073e-10
0
0
2.7254192e-09
2.1229744e-10
2.316942e-10
2.4834771e-10
2.623351e-10
2.7502499e-10
2.877255e-10
3.049516e-10
0
0
0
2.7849248e-09
2.7370832e-10
2.9754163e-10
3.17672e-10
3.3595135e-10
3.5424752e-10
3.7906344e-10
0
0
0
0
2.8474307e-09
3.4076965e-10
3.6807219e-10
3.9297041e-10
4.1790799e-10
4.5173345e-10
0
0
0
0
0
2.9199153e-09
4.1739369e-10
4.5061482e-10
4.8400078e-10
5.2930182e-10
0
0
0
0
0
0
3.0012496e-09
5.0584411e-10
5.4964479e-10
6.0921295e-10
0
0
0
0
0
0
0
3.0988573e-09
6.1742059e-10
6.9578544e-10
0
0
0
0
0
0
0
0
3.2304233e-09
7.9804503e-10
0
0
0
0
0
0
0
0
0
3.4990605e-09
2.5650083e-09
4.4228469e-11
5.0815143e-11
5.4110295e-11
5.6537586e-11
5.8604035e-11
6.0337007e-11
6.1908983e-11
6.3482225e-11
6.5615984e-11
0
2.6261392e-09
1.0908165e-10
1.204479e-10
1.2889086e-10
1.360863e-10
1.4212129e-10
1.4759571e-10
1.5307463e-10
1.6050578e-10
0
0
2.6820689e-09
1.6364383e-10
1.7898393e-10
1.921535e-10
2.0321442e-10
2.1324926e-10
2.2329251e-10
2.3691449e-10
0
0
0
2.7291771e-09
2.122877e-10
2.3115404e-10
2.4708643e-10
2.615533e-10
2.7603343e-10
2.956735e-10
0
0
0
0
2.7786696e-09
2.6535342e-10
2.8693114e-10
3.0660467e-10
3.2630861e-10
3.5303507e-10
0
0
0
0
0
2.8359348e-09
3.2579418e-10
3.5195637e-10
3.7824291e-10
4.1390998e-10
0
0
0
0
0
0
2.8999189e-09
3.9521154e-10
4.2952497e-10
4.7618308e-10
0
0
0
0
0
0
0
2.9762454e-09
4.8217762e-10
5.4314287e-10
0
0
0
0
0
0
0
0
3.0782749e-09
6.2159244e-10
0
0
0
0
0
0
0
0
0
3.2836422e-09
2.5574086e-09
3.2090987e-11
3.7054024e-11
3.9538499e-11
4.1368674e-11
4.2926776e-11
4.4233439e-11
4.5418711e-11
4.6604939e-11
4.8213802e-11
0
2.6035717e-09
8.1654635e-11
9.0462752e-11
9.7007264e-11
1.0258492e-10
1.0726305e-10
1.1150665e-10
1.1575373e-10
1.2151414e-10
0
0
2.6470619e-09
1.2428898e-10
1.3631074e-10
1.466324e-10
1.5530144e-10
1.6316629e-10
1.7103773e-10
1.8171403e-10
0
0
0
2.6840422e-09
1.6255397e-10
1.7740236e-10
1.899412e-10
2.0132652e-10
2.1272225e-10
2.2817882e-10
0
0
0
0
2.7230351e-09
2.0439412e-10
2.2140123e-10
2.3690586e-10
2.5243411e-10
2.7349665e-10
0
0
0
0
0
2.7681917e-09
2.5204449e-10
2.7265187e-10
2.9335434e-10
3.2144416e-10
0
0
0
0
0
0
2.8185809e-09
3.0665044e-10
3.3360883e-10
3.7026128e-10
0
0
0
0
0
0
0
2.8784911e-09
3.7476839e-10
4.224497e-10
0
0
0
0
0
0
0
0
2.9581133e-09
4.8316983e-10
0
0
0
0
0
0
0
0
0
3.1164982e-09
2.5517295e-09
2.2830443e-11
2.6493403e-11
2.8328507e-11
2.9680373e-11
3.0831273e-11
3.1796448e-11
3.2671957e-11
3.3548174e-11
3.4736577e-11
0
2.5858862e-09
5.9985836e-11
6.6696537e-11
7.1684736e-11
7.5936219e-11
7.9502065e-11
8.2736698e-11
8.5973996e-11
9.0364811e-11
0
0
2.6191529e-09
9.2805852e-11
1.0210308e-10
1.1008741e-10
1.1679361e-10
1.2287773e-10
1.2896694e-10
1.3722595e-10
0
0
0
2.6478161e-09
1.2256571e-10
1.3413204e-10
1.4390029e-10
1.5276996e-10
1.6164775e-10
1.7368913e-10
0
0
0
0
2.6782425e-09
1.552812e-10
1.6858635e-10
1.8071601e-10
1.9286408e-10
2.0934173e-10
0
0
0
0
0
2.7136136e-09
1.9264662e-10
2.0880416e-10
2.2503524e-10
2.4705793e-10
0
0
0
0
0
0
2.753148e-09
2.3549594e-10
2.5663733e-10
2.8537876e-10
0
0
0
0
0
0
0
2.8001317e-09
2.8887333e-10
3.2620017e-10
0
0
0
0
0
0
0
0
2.8623977e-09
3.7345467e-10
0
0
0
0
0
0
0
0
0
2.985243e-09
2.5475881e-09
1.5933744e-11
1.8579556e-11
1.9906275e-11
2.0883672e-11
2.1715773e-11
2.2413594e-11
2.3046588e-11
2.3680095e-11
2.4539314e-11
0
2.5723273e-09
4.32111e-11
4.82252e-11
5.1954347e-11
5.5132956e-11
5.7798972e-11
6.0217357e-11
6.2637738e-11
6.5920555e-11
0
0
2.5972915e-09
6.8024789e-11
7.5096682e-11
8.1172253e-11
8.627558e-11
9.0905535e-11
9.5539373e-11
1.0182443e-10
0
0
0
2.6191513e-09
9.0823237e-11
9.9706659e-11
1.0721075e-10
1.1402474e-10
1.2084499e-10
1.3009562e-10
0
0
0
0
2.642573e-09
1.1608755e-10
1.2637626e-10
1.3575685e-10
1.4515176e-10
1.5789504e-10
0
0
0
0
0
2.669977e-09
1.4510267e-10
1.5765733e-10
1.7026931e-10
1.8738153e-10
0
0
0
0
0
0
2.7007396e-09
1.7849042e-10
1.949643e-10
2.1735967e-10
0
0
0
0
0
0
0
2.7373841e-09
2.2014205e-10
2.4925712e-10
0
0
0
0
0
0
0
0
2.7859585e-09
2.8607657e-10
0
0
0
0
0
0
0
0
0
2.8813984e-09
2.5446391e-09
1.0922108e-11
1.2792765e-11
1.3731706e-11
1.442346e-11
1.5012383e-11
1.5506269e-11
1.5954273e-11
1.6402641e-11
1.7010759e-11
0
2.5621789e-09
3.0520571e-11
3.4189039e-11
3.6919226e-11
3.9246564e-11
4.1198607e-11
4.2969338e-11
4.4741531e-11
4.7145201e-11
0
0
2.5805246e-09
4.8905757e-11
5.41834e-11
5.8719815e-11
6.2530645e-11
6.5988021e-11
6.9448301e-11
7.4141617e-11
0
0
0
2.5968849e-09
6.6060174e-11
7.2767162e-11
7.8434678e-11
8.3581235e-11
8.873254e-11
9.5719518e-11
0
0
0
0
2.6146155e-09
8.5264662e-11
9.3101943e-11
1.002488e-10
1.0740673e-10
1.1711579e-10
0
0
0
0
0
2.6355406e-09
1.074931e-10
1.1712401e-10
1.2679975e-10
1.3992808e-10
0
0
0
0
0
0
2.6591882e-09
1.3322161e-10
1.4592484e-10
1.6319454e-10
0
0
0
0
0
0
0
2.6874938e-09
1.6544959e-10
1.8798079e-10
0
0
0
0
0
0
0
0
2.7251313e-09
2.1657696e-10
0
0
0
0
0
0
0
0
0
2.7990878e-09
2.5425404e-09
7.3189915e-12
8.6144484e-12
9.265333e-12
9.7448902e-12
1.0153161e-11
1.0495548e-11
1.0806128e-11
1.111696e-11
1.153854e-11
0
2.5547198e-09
2.1101383e-11
2.3727684e-11
2.568375e-11
2.735137e-11
2.8750096e-11
3.0018904e-11
3.1288762e-11
3.3011104e-11
0
0
2.5679103e-09
3.443357e-11
3.8291492e-11
4.1609636e-11
4.4397381e-11
4.6926593e-11
4.9457933e-11
5.2891293e-11
0
0
0
2.5799048e-09
4.7085311e-11
5.2052179e-11
5.6251123e-11
6.0064348e-11
6.3881114e-11
6.9057995e-11
0
0
0
0
2.5930738e-09
6.1418101e-11
6.7283313e-11
7.2633268e-11
7.7991713e-11
8.5259956e-11
0
0
0
0
0
2.6087773e-09
7.8168802e-11
8.5440567e-11
9.2747329e-11
1.0266151e-10
0
0
0
0
0
0
2.6266787e-09
9.7711102e-11
1.0737196e-10
1.2050651e-10
0
0
0
0
0
0
0
2.6482567e-09
1.2234705e-10
1.3958231e-10
0
0
0
0
0
0
0
0
2.6771124e-09
1.6162832e-10
0
0
0
0
0
0
0
0
0
2.7340422e-09
2.5411538e-09
4.8672228e-12
5.748222e-12
6.1912954e-12
6.5177602e-12
6.7956969e-12
7.0287823e-12
7.2402146e-12
7.4518187e-12
7.7388166e-12
0
2.549457e-09
1.436938e-11
1.6210286e-11
1.7582513e-11
1.8752527e-11
1.9733897e-11
2.0624116e-11
2.1515071e-11
2.2723499e-11
0
0
2.5587394e-09
2.3830322e-11
2.6591085e-11
2.8967255e-11
3.0963876e-11
3.2775357e-11
3.4588364e-11
3.7047423e-11
0
0
0
2.5673471e-09
3.2966641e-11
3.6570007e-11
3.9617877e-11
4.238599e-11
4.5156695e-11
4.8914752e-11
0
0
0
0
2.5769299e-09
4.3451897e-11
4.7756705e-11
5.1684688e-11
5.5619098e-11
6.0955784e-11
0
0
0
0
0
2.5884905e-09
5.5842047e-11
6.1234253e-11
6.66536e-11
7.4006992e-11
0
0
0
0
0
0
2.6018043e-09
7.0435916e-11
7.7663198e-11
8.7490207e-11
0
0
0
0
0
0
0
2.6179939e-09
8.898732e-11
1.0198107e-10
0
0
0
0
0
0
0
0
2.6398156e-09
1.1879186e-10
0
0
0
0
0
0
0
0
0
2.6831958e-09
2.5402221e-09
3.1972125e-12
3.7866273e-12
4.0833189e-12
4.3019388e-12
4.4880621e-12
4.6441504e-12
4.7857384e-12
4.9274416e-12
5.1196333e-12
0
2.5457892e-09
9.630267e-12
1.0895118e-11
1.183873e-11
1.2643392e-11
1.3318326e-11
1.3930573e-11
1.4543326e-11
1.5374421e-11
0
0
2.5521891e-09
1.6204467e-11
1.8138867e-11
1.9805059e-11
2.1205325e-11
2.2475768e-11
2.3747284e-11
2.5471896e-11
0
0
0
2.5582361e-09
2.2662865e-11
2.5222603e-11
2.7389028e-11
2.9356788e-11
3.1326409e-11
3.3997915e-11
0
0
0
0
2.5650636e-09
3.0174993e-11
3.3270509e-11
3.6096208e-11
3.8926701e-11
4.2766036e-11
0
0
0
0
0
2.5734025e-09
3.9158326e-11
4.3079384e-11
4.7021265e-11
5.2370061e-11
0
0
0
0
0
0
2.5831147e-09
4.9854034e-11
5.516254e-11
6.2381644e-11
0
0
0
0
0
0
0
2.5950454e-09
6.3584774e-11
7.3217548e-11
0
0
0
0
0
0
0
0
2.6112835e-09
8.5859177e-11
0
0
0
0
0
0
0
0
0
2.64391e-09
