# Fiducial parameters, omega_b = 0.022237, omega_cdm = 0.12, 100*theta_s = 1.0418, ln10^{10}A_s = 3.044, n_s = 0.9649, tau_reio = 0.0544, M_tot_IH = 0.25, sigma_NL = 7, beta_0^Euclid = 1, beta_1^Euclid = 1, z_reio = 1, Omega_Lambda = 1, YHe = 1, H0 = 0, A_s = 0, sigma8 = 0
29738.825 29990.965
28353.739 28581.244
27053.136 27258.545
25831.34 26016.936
24683.011 24850.839
23603.139 23755.032
22587.041 22724.638
21630.348 21755.116
20728.994 20842.241
19879.198 19982.095
19077.452 19171.041
18320.498 18405.713
17605.321 17682.993
16929.124 16999.996
16289.318 16354.054
15683.504 15742.696
15109.459 15163.638
14565.128 14614.767
14048.601 14094.126
13558.114 13599.904
13092.027 13130.423
12648.821 12684.128
12227.086 12259.579
11825.513 11855.439
11442.885 11470.466
11078.072 11103.509
10730.024 10753.497
28352.149 28600.23
27032.514 27256.147
25793.304 25995.022
24629.121 24811.197
23534.885 23699.36
22505.831 22654.531
21537.503 21672.062
20625.745 20747.624
19766.689 19877.192
18956.738 19057.028
18192.551 18283.668
17471.032 17553.901
16789.309 16864.757
16144.719 16213.485
15534.8 15597.541
14957.266 15014.57
14410.004 14462.396
13891.053 13939.002
13398.599 13442.524
12930.958 12971.235
12486.571 12523.536
12063.991 12097.944
11661.874 11693.086
11278.973 11307.688
10914.131 10940.566
10566.27 10590.622
10234.39 10256.834
26923.716 27165.418
25671.381 25889.017
24495.305 24691.381
23390.375 23567.143
22351.778 22511.258
21374.999 21518.998
20455.816 20585.953
19590.293 19708.01
18774.762 18881.348
18005.814 18102.42
17280.285 17367.936
16595.239 16674.848
15947.952 16020.335
15335.903 15401.785
14756.754 14816.783
14208.34 14263.094
13688.656 13738.65
13195.844 13241.537
12728.181 12769.985
12284.073 12322.354
11862.038 11897.125
11460.705 11492.892
11078.799 11108.349
10715.137 10742.286
10368.62 10393.58
10038.226 10061.188
9723.0056 9744.1408
25484.539 25717.722
24299.897 24509.572
23187.33 23375.964
22142.011 22311.819
21159.394 21312.363
20235.216 20373.123
19365.491 19489.925
18546.498 18658.877
17774.776 17876.365
17047.103 17139.029
16360.49 16443.759
15712.164 15787.668
15099.551 15168.088
14520.268 14582.548
13972.106 14028.76
13453.019 13504.61
12961.111 13008.14
12494.627 12537.541
12051.937 12091.136
11631.535 11667.373
11232.019 11264.815
10852.093 10882.13
10490.551 10518.083
10146.275 10171.53
9818.2248 9841.4058
9505.4341 9526.7244
9207.0041 9226.5679
24067.443 24290.302
22949.355 23149.417
21899.235 22078.912
20912.535 21073.994
19984.972 20130.155
19112.529 19243.172
18291.45 18409.105
17518.23 17624.281
16789.605 16885.285
16102.541 16188.949
15454.22 15532.332
14842.026 14912.712
14263.534 14327.568
13716.498 13774.567
13198.833 13251.55
12708.612 12756.52
12244.047 12287.63
11803.48 11843.17
11385.376 11421.556
10988.313 11021.325
10610.97 10641.118
10252.122 10279.679
9910.6328 9935.8408
9585.4466 9608.5226
9275.5824 9296.7202
8980.128 8999.5014
8698.2352 8715.9997
22704.325 22915.542
21650.175 21839.417
20660.052 20829.668
19729.676 19881.773
18855.015 18991.483
18032.29 18154.816
17257.963 17368.055
16528.737 16627.738
15841.539 15930.644
15193.511 15273.784
14582 14654.388
14004.543 14069.886
13458.858 13517.902
12942.827 12996.235
12454.489 12502.85
11992.026 12035.863
11553.754 11593.531
11138.112 11174.242
10743.654 10776.504
10369.039 10398.934
10013.022 10040.253
9674.4495 9699.2738
9352.2499 9374.898
9045.428 9066.1049
8753.059 8771.9477
8474.2832 8491.5471
8208.3006 8224.0859
21424.468 21623.345
20430.287 20608.076
19496.442 19655.419
18618.903 18761.11
17793.873 17921.142
17017.794 17131.759
16287.336 16389.455
15599.393 15690.964
14951.069 15033.249
14339.676 14413.49
13762.712 13829.073
13217.86 13277.577
12702.967 12756.757
12216.04 12264.54
11755.23 11799.004
11318.825 11358.373
10905.237 10941.002
10512.996 10545.372
10140.738 10170.073
9787.1984 9813.803
9451.2053 9475.3537
9131.6703 9153.6063
8827.5831 8847.5234
8538.0053 8556.1428
8262.0649 8278.5712
7998.9512 8013.979
7747.9097 7761.5952
20251.453 20438.004
19312.188 19478.545
18429.885 18578.247
17600.739 17733.084
16821.171 16939.268
16087.823 16193.251
15397.553 15491.72
14747.431 14831.59
14134.726 14209.992
13556.899 13624.261
13011.593 13071.927
12496.617 12550.703
12009.942 12058.468
11549.686 11593.261
11114.104 11153.269
10701.58 10736.813
10310.615 10342.338
9939.82 9968.4082
9587.9085 9613.6928
9253.6864 9276.96
8936.0463 8957.0688
8633.9606 8652.962
8346.4749 8363.6592
8072.7032 8088.251
7811.8215 7825.8934
7563.0641 7575.8024
7325.7181 7337.2494
19200.748 19375.713
18310.647 18466.264
17474.49 17612.886
16688.679 16811.762
15949.823 16059.302
15254.744 15352.145
14600.47 14687.151
13984.225 14061.398
13403.425 13472.164
12855.667 12916.926
12338.718 12393.343
11850.507 11899.246
11389.111 11432.626
10952.749 10991.625
10539.768 10574.524
10148.638 10179.731
9777.9398 9805.7745
9426.3587 9451.2917
9092.6752 9115.022
8775.7588 8795.7978
8474.5603 8492.5378
8188.1065 8204.2398
7915.4933 7929.9747
7655.881 7668.8806
7408.4893 7420.1573
7172.5923 7183.062
6947.5147 6956.904
18277.097 18441.86
17430.202 17576.372
16634.608 16764.237
15886.891 16001.824
15183.83 15285.717
14522.402 14612.72
13899.78 13979.844
13313.327 13384.309
12760.586 12823.525
12239.274 12295.092
11747.267 11796.782
11282.595 11326.531
10843.433 10882.429
10428.086 10462.707
10034.983 10065.728
9662.6693 9689.979
9309.7958 9334.0589
8975.1121 8996.6715
8657.4589 8676.6169
8355.7608 8372.7841
8069.0206 8084.1442
7796.3123 7809.7435
7536.7762 7548.6978
7289.6138 7300.1869
7054.0826 7063.4496
6829.4923 6837.7786
6615.2005 6622.517
17472.13 17628.484
16662.887 16801.285
15902.65 16025.072
15188.146 15296.375
14516.297 14611.932
13884.215 13968.686
13289.201 13363.785
12728.735 12794.568
12200.471 12258.563
11702.228 11753.476
11231.979 11277.178
10787.844 10827.697
10368.077 10403.207
9971.0625 10002.017
9595.2994 9622.5644
9239.3987 9263.4021
8902.0722 8923.1913
8582.1261 8600.6934
8278.4531 8294.7616
7990.0265 8004.3342
7715.8938 7728.4279
7455.1707 7466.1313
7207.0363 7216.5993
6970.7275 6979.0481
6745.5356 6752.7501
6530.8009 6537.0295
6325.9098 6331.2582
16763.057 16912.799
15986.974 16119.288
15257.886 15374.681
14572.653 14675.649
13928.317 14019.065
13322.109 13401.997
12751.44 12821.708
12213.892 12275.648
11707.217 11761.446
11229.323 11276.9
10778.267 10819.969
10352.246 10388.763
9949.5892 9981.5279
9568.745 9596.6445
9208.2766 9232.6126
8866.8523 8888.0443
8543.2378 8561.6558
8236.2886 8252.2588
7944.9438 7958.7534
7668.2193 7680.1212
7405.2022 7415.419
7155.0451 7163.7726
6916.9611 6924.3713
6690.2188 6696.4635
6474.1388 6479.3509
6268.089 6272.3855
6071.4811 6074.9648
16112.625 16256.944
15366.932 15494.3
14666.404 14778.652
14008.016 14106.802
13388.925 13475.744
12806.463 12882.662
12258.142 12324.925
11741.637 11800.084
11254.786 11305.859
10795.581 10840.136
10362.153 10400.953
9952.7719 9986.4909
9565.8309 9595.0683
9199.8412 9225.1271
8853.4226 8875.2258
8525.2962 8544.0309
8214.2768 8230.3084
7919.2656 7932.9165
7639.2437 7650.7982
7373.2665 7382.9748
7120.4573 7128.5397
6880.0025 6886.653
6651.1466 6656.5354
6433.1873 6437.4646
6225.4722 6228.7696
6027.3944 6029.8275
5838.3889 5840.0593
15471.959 15610.669
14756.126 14878.43
14083.673 14191.308
13451.687 13546.233
12857.429 12940.321
12298.336 12370.867
11772.013 11835.347
11276.228 11331.409
10808.902 10856.865
10368.105 10409.685
9952.0455 9987.9855
9559.06 9590.0215
9187.6074 9214.1772
8836.2584 8858.9575
8503.6886 8522.9785
8188.671 8204.9599
7890.0684 7903.7172
7606.8268 7618.154
7337.9687 7347.2556
7082.5878 7090.0825
6839.8434 6845.7642
6608.955 6613.4942
6389.1979 6392.5246
6179.8985 6182.1616
5980.4311 5981.7613
5790.2134 5790.7255
5608.7035 5608.4983
14786.906 14917.67
14102.873 14218.014
13460.329 13561.463
12856.476 12945.085
12288.689 12366.123
11754.512 11821.994
11251.651 11310.287
10777.969 10828.755
10331.477 10375.307
9910.3294 9948.0047
9512.8122 9545.0475
9137.3355 9164.7689
8782.4263 8805.6253
8446.7188 8466.1881
8128.9477 8145.135
7827.9407 7841.2431
7542.6117 7553.3805
7271.954 7280.4997
7015.0342 7021.6313
6770.9868 6775.8776
6539.0091 6542.407
6318.3557 6320.4488
6108.3348 6109.2885
5908.3032 5908.2631
5717.6634 5716.7575
5535.8597 5534.2001
5362.3745 5360.0597
14009.026 14126.862
13360.93 13464.365
12752.184 12842.679
12180.128 12259.029
11642.265 11710.805
11136.257 11195.562
10659.928 10711.017
10211.247 10255.042
9788.3257 9825.6585
9389.4142 9421.0304
9012.8859 9039.454
8657.2337 8679.3511
8321.061 8339.2602
8003.0736 8017.8286
7702.0725 7713.8046
7416.947 7426.0302
7146.6684 7153.4338
6890.2831 6895.0236
6646.9071 6649.8817
6415.721 6417.1582
6195.9645 6196.0656
5986.932 5985.8742
5787.9684 5785.9076
5598.4647 5595.538
5417.8555 5414.1829
5245.6144 5241.301
5081.2515 5076.3896
13109.426 13206.896
12502.694 12587.601
11932.849 12006.453
11397.388 11460.858
10893.963 10948.376
10420.379 10466.721
9974.5902 10013.761
9554.6923 9587.5063
9158.9138 9186.1081
8785.6128 8807.8498
8433.2648 8451.1392
8100.457 8114.5011
7785.8812 7796.5695
7488.3248 7496.0801
7206.6649 7211.863
6939.8614 6942.8357
6686.9513 6687.9966
6447.0417 6446.4186
6219.3053 6217.2438
6002.975 5999.6776
5797.3394 5792.9841
5601.7384 5596.4812
5415.5586 5409.5364
5238.2305 5231.5632
5069.2248 5062.0169
4908.0492 4900.3916
4754.2453 4746.2172
12091.906 12160.285
11531.768 11590.119
11005.734 11055.07
10511.483 10552.751
10046.838 10080.916
9609.7657 9637.4621
9198.3714 9220.4239
8810.8917 8827.9713
8445.6875 8458.4024
8101.2402 8110.1368
7776.1399 7781.7089
7469.0803 7471.7606
7178.8521 7179.0345
6904.335 6902.3666
6644.4911 6640.68
6398.3597 6392.978
6165.0512 6158.3386
5943.741 5935.9084
5733.6652 5724.8975
5534.1154 5524.5745
5344.4347 5334.2618
5164.0138 5153.3314
4992.2866 4981.2013
4828.7271 4817.3311
4672.8469 4661.2196
4524.1917 4512.401
4382.3384 4370.4426
10999.44 11030.823
10489.152 10513.658
10009.984 10028.344
9559.8131 9572.7139
9136.6472 9144.7325
8738.628 8742.4919
8364.0245 8364.2105
8011.2252 8008.2284
7678.7329 7673.0018
7365.1612 7357.0975
7069.2226 7059.1863
6789.7252 6778.0365
6525.5653 6512.5076
6275.7207 6261.544
6039.2447 6024.1689
5815.261 5799.4785
5602.9583 5586.6364
5401.5848 5384.8685
5210.4438 5193.4586
5028.8896 5011.7432
4856.3235 4839.1077
4692.19 4674.9825
4535.9731 4518.8397
4387.1936 4370.1893
4245.4064 4228.5766
4110.1976 4093.5791
3981.1815 3964.8042
9908.3077 9898.0752
9447.6537 9434.0534
9015.1482 8998.607
8608.8656 8589.793
8227.0013 8205.7847
7867.871 7844.8709
7529.9069 7505.4532
7211.6494 7186.0423
6911.7425 6885.2535
6628.9315 6601.8008
6362.0509 6334.4918
6110.022 6082.2214
5871.8464 5843.9665
5646.5993 5618.7801
5433.4244 5405.7856
5231.5291 5204.1723
5040.18 5013.1898
4858.6973 4832.1437
4686.4511 4660.3911
4522.8579 4497.3369
4367.3765 4342.4298
4219.505 4195.1586
4078.7771 4055.0497
3944.7599 3921.6635
3817.0512 3794.5919
3695.2772 3673.456
3579.0895 3557.9035
8908.6716 8857.3422
8493.3588 8442.1397
8103.4872 8052.5042
7737.312 7686.6977
7393.1978 7343.0858
7069.6188 7020.1375
6765.1558 6716.4228
6478.487 6430.6093
6208.385 6161.458
5953.7146 5907.8185
5713.4214 5668.6238
5486.5297 5442.8852
5272.1368 5229.6874
5069.4064 5028.1829
4877.5647 4837.5877
4695.8952 4657.1761
4523.7354 4486.2769
4360.4711 4324.2687
4205.5333 4170.5764
4058.395 4024.6674
3918.5677 3886.0483
3785.5981 3754.2621
3659.0654 3628.8846
3538.5786 3509.5228
3423.7749 3395.8113
3314.3171 3287.4112
3209.8907 3184.0073
8076.4718 7990.0696
7698.8009 7615.5465
7344.3419 7264.084
7011.4958 6934.1145
6698.7647 6624.164
6404.7521 6332.8517
6128.1592 6058.8878
5867.7774 5801.0706
5622.4842 5558.2826
5391.2426 5329.4862
5173.0895 5113.7191
4967.1337 4910.0896
4772.5516 4717.7719
4588.58 4536.0018
4414.5127 4364.072
4249.6967 4201.3281
4093.5279 4047.1646
3945.4463 3901.021
3804.9337 3762.3786
3671.5097 3630.757
3544.7294 3505.7113
3424.1802 3386.829
3309.4789 3273.7278
3200.2695 3166.0528
3096.2219 3063.4748
2997.0291 2965.6879
2902.4053 2872.4079
7446.7788 7335.3114
7097.5109 6991.4999
6769.8015 6668.8567
6462.155 6365.943
6173.1715 6081.4057
5901.5471 5813.9774
5646.0707 5562.4743
5405.6156 5325.7933
5179.1363 5102.9086
4965.6682 4892.8679
4764.3153 4694.7878
4574.2492 4507.8497
4394.7051 4331.2957
4224.9742 4164.4243
4064.4013 4006.5862
3912.3806 3857.1807
3768.3519 3715.652
3631.7964 3581.4856
3502.2337 3454.2053
3379.219 3333.3702
3262.3405 3218.5718
3151.2162 3109.4315
3045.4913 3005.5982
2944.8366 2906.7464
2848.9468 2812.5738
2757.5379 2722.7994
2670.3457 2637.1625
6997.8223 6872.0172
6668.7437 6549.9385
6360.0863 6247.6889
6070.4186 5963.9206
5798.4027 5697.3664
5542.7944 5446.839
5302.4398 5211.2296
5076.2665 4989.5049
4863.2806 4780.7041
4662.5663 4583.9351
4473.2735 4398.3704
4294.6171 4223.2433
4125.8728 4057.8437
3966.3701 3901.5146
3815.4892 3753.6478
3672.6574 3613.6805
3537.346 3481.092
3409.0652 3355.4005
3287.3615 3236.1599
3171.8157 3122.9571
3062.0394 3015.4095
2957.6726 2913.1624
2858.3813 2815.887
2763.8553 2723.2783
2673.8073 2635.053
2587.97 2550.9481
2506.0946 2470.7192
6651.4997 6518.3263
6337.941 6212.8399
6043.9641 5926.1601
5768.1782 5657.0087
5509.2861 5404.1838
5266.0838 5166.5595
5037.4568 4943.0842
4822.3709 4732.778
4619.8687 4534.7295
4429.0698 4348.0928
4249.1574 4172.0829
4079.3787 4005.9727
3919.0393 3849.0889
3767.4973 3700.8082
3624.1597 3560.5537
3488.4794 3427.7919
3359.9511 3302.0287
3238.1075 3182.8073
3122.516 3069.7044
3012.7768 2962.3283
2908.52 2860.3161
2809.4026 2763.3315
2715.1066 2671.0625
2625.337 2583.2199
2539.8202 2499.5349
2458.3022 2419.7582
2380.5464 2343.6578
6297.1966 6155.704
5999.4754 5867.2256
5720.4784 5596.5057
5458.8571 5342.3377
5213.3566 5103.5866
4982.8141 4879.1893
4766.1557 4668.1529
4562.3861 4469.552
4370.5856 4282.5262
4189.9096 4106.2764
4019.5757 3940.0617
3858.8633 3783.1955
3707.1091 3635.0418
3563.6999 3495.0121
3428.0703 3362.5619
3299.6988 3237.187
3178.1043 3118.4213
3062.8419 3005.833
2953.5005 2899.0226
2849.7002 2797.6203
2751.0894 2701.2833
2657.3429 2609.694
2568.1588 2522.5579
2483.2571 2439.6017
2402.3788 2360.5718
2325.283 2285.2327
2251.7456 2213.3653
5843.7836 5684.4643
5566.3196 5418.0811
5306.4338 5168.0956
5062.8447 4933.3936
4834.3619 4712.9271
4619.8839 4505.7147
4418.3953 4310.8394
4228.956 4127.4468
4050.6985 3954.7425
3882.8274 3791.9888
3724.6064 3638.5013
3575.3583 3493.6461
3434.4601 3356.8362
3301.3369 3227.528
3175.4585 3105.2186
3056.3366 2989.4426
2943.5211 2879.7696
2836.5959 2775.8009
2735.1768 2677.1677
2638.909 2583.5283
2547.4645 2494.5663
2460.5398 2409.9884
2377.8534 2329.5227
2299.1444 2252.9168
2224.1714 2179.9366
2152.7103 2110.3645
2084.5523 2043.9983
5279.2041 5089.5522
5026.9566 4851.0567
4790.8077 4627.2416
4569.5733 4417.1095
4362.1541 4219.7222
4167.5343 4034.201
3984.7784 3859.725
3813.0207 3695.5294
3651.4631 3540.9029
3499.3749 3395.1851
3356.0799 3257.7634
3220.9566 3128.0702
3093.434 3005.5799
2972.9853 2889.8059
2859.1251 2780.298
2751.4065 2676.6396
2649.4182 2578.4452
2552.7798 2485.3579
2461.1406 2397.0476
2374.1765 2313.2083
2291.5885 2233.5568
2213.0997 2157.8304
2138.4537 2085.7858
2067.4128 2017.1969
1999.7573 1951.8542
1935.2831 1889.5629
1873.8003 1830.1419
4685.471 4459.1573
4459.7046 4250.2093
4248.4596 4054.1224
4050.6607 3870.0229
3865.3092 3697.0889
3691.4832 3534.5507
3528.3346 3381.689
3375.0784 3237.8338
3230.9912 3102.3622
3095.412 2974.6953
2967.7285 2854.2967
2847.3789 2740.6689
2733.8473 2633.3517
2626.6577 2531.9186
2525.372 2435.9753
2429.5869 2345.1568
2338.9317 2259.1253
2253.0637 2177.5682
2171.6668 2100.1963
2094.4495 2026.7416
2021.1426 1956.9558
1951.4974 1890.6089
1885.2832 1827.4876
1822.2865 1767.3941
1762.3102 1710.1445
1705.171 1655.5683
1650.6986 1603.5069
4180.9262 3923.2299
3977.6041 3739.4003
3787.476 3566.8854
3609.5565 3404.9164
3442.931 3252.7705
3286.7559 3109.7703
3140.2556 2975.2833
3002.713 2848.72
2873.4673 2729.5322
2751.9156 2617.2109
2637.4998 2511.284
2529.7079 2411.3139
2428.0704 2316.8957
2332.1542 2227.6544
2241.561 2143.2428
2155.9245 2063.3399
2074.9082 1987.6486
1998.201 1915.8939
1925.5165 1847.8211
1856.5904 1783.1947
1791.1791 1721.7962
1729.0574 1663.4233
1670.0167 1607.8882
1613.8639 1555.0168
1560.421 1504.6477
1509.5224 1456.6305
1461.0146 1410.8259
3830.7926 3555.2722
3642.9932 3388.6886
3467.5018 3232.3579
3303.3874 3085.5835
3149.7873 2947.7104
3005.9068 2818.1249
2871.0168 2696.2537
2744.4432 2581.5627
2625.5662 2473.5552
2513.8209 2371.77
2408.6848 2275.7791
2309.6793 2185.1863
2216.3658 2099.6244
2128.3405 2018.7537
2045.2319 1942.2596
1966.6991 1869.8512
1892.4287 1801.2593
1822.1319 1736.2346
1755.5424 1674.5466
1692.415 1615.9815
1632.5238 1560.3416
1575.6602 1507.4434
1521.6307 1457.1168
1470.2569 1409.2041
1421.374 1363.5589
1374.829 1320.0451
1330.48 1278.5362
3597.7517 3316.0761
3420.2465 3160.7042
3254.499 3014.8949
3099.6055 2877.9985
2954.7303 2749.4041
2819.1053 2628.5393
2692.0267 2514.8695
2572.8457 2407.8965
2460.9659 2307.1571
2355.8454 2212.2211
2256.9833 2122.6895
2163.9215 2038.1925
2076.2411 1958.3879
1993.5565 1882.9586
1915.5137 1811.6115
1841.7879 1744.075
1772.0813 1680.0982
1706.1193 1619.4486
1643.6493 1561.911
1584.4387 1507.2862
1528.2735 1455.3897
1474.9562 1406.0504
1424.3039 1359.1097
1376.1478 1314.4204
1330.3322 1271.846
1286.7129 1231.2596
1245.1558 1192.5433
3374.555 3087.167
3206.9079 2942.5238
3050.4896 2806.7827
2904.4233 2679.3387
2767.8996 2559.6234
2640.176 2447.1038
2520.5739 2341.2822
2408.4682 2241.695
2303.2855 2147.9109
2204.5058 2059.5293
2111.6492 1976.1789
2024.2772 1897.5156
1941.9895 1823.2204
1864.4181 1752.9985
1791.2255 1686.5769
1722.1027 1623.7028
1656.7666 1564.1425
1594.9562 1507.6797
1536.4319 1454.114
1480.9731 1403.2601
1428.3773 1354.946
1378.4576 1309.0126
1331.041 1265.3121
1285.968 1223.7077
1243.0918 1184.0721
1202.2762 1146.2873
1163.3949 1110.2434
3079.4532 2776.094
2924.8821 2646.0283
2780.7823 2523.9672
2646.326 2409.367
2520.7499 2301.7163
2403.355 2200.5361
2293.503 2105.3788
2190.6066 2015.8275
2094.1277 1931.4943
2003.5791 1852.0192
1918.5114 1777.0682
1838.5144 1706.3318
1763.2144 1639.5234
1692.2679 1576.3777
1625.3602 1516.6492
1562.2036 1460.1108
1502.5347 1406.5522
1446.1109 1355.7789
1392.7095 1307.6108
1342.1261 1261.8811
1294.1728 1218.4353
1248.6764 1177.1303
1205.4769 1137.8332
1164.4268 1100.4209
1125.3903 1064.779
1088.2418 1030.8014
1052.8646 998.38924
2749.9499 2423.8091
2609.9904 2310.2508
2479.626 2203.6811
2358.0909 2103.6252
2244.6793 2009.6368
2138.7453 1921.2976
2039.6999 1838.2167
1947.0011 1760.0303
1860.1528 1686.3998
1778.7065 1617.0107
1702.2483 1551.5715
1630.4012 1489.8119
1562.8219 1431.4818
1499.195 1376.3496
1439.2318 1324.2009
1382.6684 1274.8373
1329.2638 1228.0754
1278.7961 1183.7453
1231.0615 1141.6898
1185.8732 1101.7632
1143.0599 1063.8307
1102.4635 1027.7672
1063.9381 993.45687
1027.3495 960.79211
992.57407 929.6731
959.4976 900.00711
928.01405 871.70796
2480.3182 2137.1815
2352.309 2037.0537
2233.1861 1943.0879
2122.2326 1854.8654
2018.7883 1771.9927
1922.2492 1694.101
1832.0658 1620.8457
1747.7324 1551.9059
1668.7864 1486.9832
1594.8104 1425.8002
1525.4194 1368.0999
1460.263 1313.6441
1399.0225 1262.2121
1341.4053 1213.5998
1287.1439 1167.6181
1235.994 1124.0923
1187.7325 1082.8603
1142.1544 1043.7726
1099.0715 1006.6904
1058.3115 971.48532
1019.7164 938.03851
983.14079 906.23971
948.45036 875.98671
915.52149 847.18467
884.24084 819.74559
854.5035 793.58768
826.21221 768.63496
2297.7185 1948.537
2177.8173 1857.2487
2066.3437 1771.5782
1962.6087 1691.1441
1865.9784 1615.5873
1775.874 1544.5716
1691.7694 1477.7831
1613.1813 1414.9291
1539.6679 1355.7375
1470.8314 1299.9554
1406.3051 1247.3486
1345.7559 1197.6997
1288.8809 1150.8078
1235.4026 1106.4866
1185.0674 1064.5638
1137.644 1024.8799
1092.9217 987.28754
1050.7066 951.65005
1010.8211 917.84105
973.10298 885.74351
937.40326 855.24898
903.58519 826.25698
871.5225 798.67432
841.09909 772.41455
812.2086 747.3974
784.75269 723.54833
758.6402 700.79807
2137.5846 1784.7848
2024.8184 1701.1694
1920.0775 1622.6996
1822.6972 1549.0258
1732.0663 1479.8195
1647.628 1414.7725
1568.8766 1353.5974
1495.3482 1296.0261
1426.6193 1241.8092
1362.3092 1190.7153
1302.0673 1142.5298
1245.5752 1097.0536
1192.5445 1054.1026
1142.7105 1013.5063
1095.832 975.10672
1051.6891 938.75796
1010.0817 904.32486
970.82615 871.68234
933.75407 840.71464
898.71179 811.31454
865.55861 783.38272
834.16532 756.82716
804.41276 731.56247
776.19145 707.5095
749.40121 684.59471
723.9495 662.74984
699.75057 641.91142
1946.3909 1583.7163
1842.1495 1509.5217
1745.4243 1439.8929
1655.5859 1374.5197
1572.0563 1313.1105
1494.309 1255.3921
1421.8669 1201.1093
1354.2923 1150.0241
1291.1859 1101.9155
1232.1894 1056.578
1176.9731 1013.8211
1125.2377 973.46832
1076.7123 935.35622
1031.1489 899.33344
988.32127 865.25998
948.02362 833.00623
910.06877 802.45232
874.28502 773.48725
840.51526 746.0083
808.61613 719.92034
778.45651 695.13525
749.91614 671.57134
722.88413 649.15288
697.25872 627.8096
672.94692 607.47629
649.8629 588.09236
627.92713 569.60149
1761.4653 1388.2611
1665.4825 1323.224
1576.5146 1262.1891
1493.9682 1204.8845
1417.2987 1151.0547
1346.0107 1100.46
1279.6555 1052.8769
1217.8216 1008.0967
1160.134 965.92564
1106.2569 926.1837
1055.8808 888.70387
1008.7256 853.33142
964.53771 819.92307
923.08527 788.34617
884.15685 758.47798
847.5604 730.20491
813.12137 703.42187
780.67975 678.03157
750.08924 653.94397
721.21654 631.07568
693.93978 609.34945
668.14734 588.69368
643.73632 569.042
620.61238 550.3328
598.68946 532.50891
577.88813 515.51722
558.1349 499.30838
1623.7588 1246.9936
1533.9807 1188.5752
1450.8489 1133.7516
1373.7947 1082.2786
1302.2972 1033.9268
1235.8826 988.48092
1174.1225 945.74001
1116.6244 905.51685
1063.0307 867.63728
1013.0216 831.93959
966.30284 798.2738
922.60811 766.50093
881.69675 736.49226
843.34871 708.12867
807.36368 681.29989
773.5598 655.9039
741.77205 631.8463
711.84921 609.03972
683.65315 587.40325
657.05815 566.86202
631.94941 547.34662
608.22184 528.79276
585.77866 511.14079
564.5312 494.33539
544.39869 478.32522
525.30665 463.06256
507.18616 448.50308
1502.2737 1123.9508
1418.0126 1071.2971
1340.0677 1021.8834
1267.8933 975.48977
1200.989 931.9092
1138.9011 890.9478
1081.2191 852.42444
1027.5675 816.17036
977.60437 782.02859
931.02451 749.85339
887.547 719.50959
846.91805 690.87189
808.90849 663.82431
773.30895 638.25946
739.92901 614.07796
708.59596 591.18788
679.15326 569.5041
651.45757 548.9479
625.37807 529.44635
600.7958 510.93195
577.60226 493.34217
555.69822 476.61903
534.99235 460.7088
515.40105 445.5616
496.84825 431.13116
479.26388 417.37447
462.58313 404.25157
1373.3815 990.85946
1294.9724 944.44102
1222.5181 900.87893
1155.4993 859.97921
1093.4402 821.55942
1035.9094 785.44862
982.51766 751.48713
932.90833 719.52619
886.75727 689.42741
843.77547 661.06231
803.69695 634.31173
766.28166 609.06521
731.31304 585.2205
698.59338 562.68294
667.94295 541.36492
639.19894 521.18537
612.21391 502.06929
586.85291 483.94724
562.99291 466.75496
540.52213 450.43293
519.33872 434.92602
499.34962 420.18313
480.46919 406.15688
462.61916 392.80331
445.72838 380.08162
429.73134 367.95389
414.56751 356.38491
1261.9802 877.66875
1188.6789 836.55319
1121.0152 797.96768
1058.493 761.74036
1000.658 727.70964
947.09873 695.72412
897.44408 665.64237
851.35443 637.33261
808.52116 610.67227
768.66948 585.54754
731.5466 561.85287
696.92453 539.49045
664.59784 518.36969
634.37904 498.40675
606.09786 479.52401
579.60015 461.6497
554.74648 444.71735
531.40931 428.66548
509.47244 413.43716
488.83041 398.97968
469.38721 385.2442
451.05519 372.18546
433.75374 359.76149
417.40924 347.93336
401.95486 336.66492
387.32913 325.92259
373.47524 315.67517
1167.8811 784.57347
1098.96 747.81933
1035.4029 713.32683
976.73345 680.94237
922.516 650.52148
872.35616 621.92882
825.89864 595.03797
782.81841 569.73114
742.82028 545.89877
705.64181 523.43911
671.04155 502.25781
638.80199 482.26744
608.72732 463.38701
580.63889 445.54158
554.3746 428.66178
529.78785 412.68343
506.74613 397.54713
485.12831 383.19791
464.8241 369.58488
445.73353 356.66093
427.76564 344.38238
410.83747 332.7088
394.87277 321.60265
379.80194 311.02914
365.56191 300.95595
352.09467 291.35307
339.34667 282.1926
1075.6521 692.7659
1011.0409 660.31273
951.51881 629.85653
896.6301 601.26167
845.95845 574.40061
799.1271 549.15386
755.79698 525.40977
715.65801 503.06433
678.42873 482.02081
643.85919 462.18937
611.71948 443.48669
581.80268 425.83557
553.92264 409.16451
527.90961 393.40732
503.60967 378.50276
480.88373 364.39415
459.60618 351.02906
439.66225 338.35894
420.94753 326.33887
403.36743 314.92722
386.836 304.08547
371.27488 293.77788
356.61208 283.97132
342.78199 274.63507
329.72516 265.74059
317.387 257.26138
305.71711 249.17282
993.90138 613.00532
933.16611 584.28873
877.26933 557.33919
825.7745 532.03668
778.28294 508.26835
734.43416 485.92845
693.904 464.91819
656.39611 445.14554
621.64163 426.52489
589.4021 408.97676
559.45819 392.42742
531.61264 376.80855
505.68815 362.0569
481.52312 348.11391
458.9711 334.92537
437.89984 322.44115
418.19001 310.61483
399.73265 299.40347
382.42867 288.76731
366.18839 278.66953
350.9304 269.07602
336.58051 259.95517
323.07061 251.27768
310.33865 243.01634
298.32851 235.14591
286.98867 227.64293
276.27156 220.48563
920.95969 543.42983
863.74027 517.97268
811.12838 494.08199
762.70534 471.65139
718.08899 450.58081
676.93401 430.77651
638.93015 412.15093
603.79382 394.62248
571.26791 378.11528
541.1246 362.55886
513.15437 347.88786
487.16893 334.04174
462.99916 320.9644
440.49098 308.60393
419.50483 296.91229
399.91476 285.84502
381.60725 275.36098
364.47864 265.4221
348.43477 255.99314
333.39045 247.04145
319.26841 238.53679
305.99831 230.45116
293.51555 222.75855
281.76138 215.43486
270.68269 208.45771
260.23074 201.80632
250.36058 195.46136
852.77194 478.99833
798.87584 456.55963
749.36515 435.50165
703.83867 415.73063
661.93042 397.15836
623.30991 379.70221
587.68044 363.28501
554.77089 347.83486
524.33555 333.28486
496.15694 319.57292
470.03504 306.64141
445.79024 294.43697
423.26131 282.91016
402.30142 272.01522
382.77764 261.7098
364.57009 251.95472
347.57079 242.71373
331.68118 233.95325
316.81177 225.64222
302.8817 217.75188
289.81762 210.25557
277.55283 203.1286
266.02611 196.34805
255.18179 189.89269
244.96963 183.74277
235.34353 177.87999
226.26101 172.2873
792.06245 423.36717
741.18871 403.53458
694.49455 384.92235
651.59525 367.44759
612.14002 351.03235
575.8123 335.6036
542.32808 321.09314
511.42792 307.4374
482.87677 294.57728
456.46679 282.45786
432.00684 271.02824
409.32538 260.24125
388.26854 250.05318
368.69623 240.4236
350.48164 231.31507
333.51055 222.69296
317.68009 214.52522
302.89642 206.78219
289.07438 199.43641
276.13706 192.46246
264.01476 185.83678
252.64412 179.53754
241.96702 173.54449
231.93063 167.83885
222.48732 162.40319
213.59342 157.22131
205.20869 152.27816
735.96567 372.92494
687.92959 355.45537
643.87627 339.06075
603.43699 323.66806
566.27574 309.20866
532.08946 295.61822
500.60644 282.83665
471.57852 270.80797
444.78096 259.48009
420.01521 248.80466
397.09871 238.73684
375.86767 229.23508
356.17528 220.26087
337.8879 211.77861
320.88464 203.75532
305.05662 196.1605
290.30589 188.96591
276.54309 182.14542
263.68718 175.67486
251.66501 169.53183
240.41034 163.69556
229.86297 158.14684
219.9677 152.86783
210.67438 147.84199
201.93787 143.05396
193.71676 138.48947
185.97293 134.13528
685.09283 328.60677
639.68768 313.21331
598.07907 298.76704
559.91369 285.20363
524.8697 272.46259
492.65703 260.48723
463.01572 249.22462
435.70842 238.62542
410.52027 228.64375
387.26158 219.23699
365.75791 210.36563
345.8529 201.99306
327.40641 194.08535
310.29095 186.61112
294.3912 179.54132
279.60337 172.84907
265.83413 166.50949
252.99836 160.49956
241.0189 154.79796
229.82613 149.38496
219.35705 144.24228
209.55443 139.35297
200.36581 134.70132
191.74357 130.27275
183.64485 126.05373
176.03037 122.03168
168.86398 118.19493
638.34461 289.04648
595.40762 275.50624
556.08903 262.79916
520.05049 250.86866
486.98392 239.66152
456.61181 229.12788
428.68563 219.22118
402.97846 209.89801
379.28498 201.11803
357.42404 192.84375
337.22908 185.04041
318.55083 177.6758
301.2556 170.7201
285.22177 164.14568
270.33938 157.92701
256.50949 152.04042
243.64319 146.46405
231.65941 141.17764
220.48468 136.16244
210.05274 131.4011
200.30367 126.87753
191.18306 122.57683
182.64104 118.48518
174.63236 114.58975
167.11633 110.87865
160.05569 107.3408
153.41613 103.96595
595.5621 254.1388
554.93846 242.23381
517.76274 231.06137
483.71115 220.57172
452.48899 210.71805
423.83095 201.45656
397.49952 192.74628
373.27792 184.54907
350.97003 176.82943
330.40295 169.55443
311.41767 162.69349
293.87179 156.2183
277.63779 150.10263
262.59969 144.3222
248.65265 138.85455
235.70241 133.67888
223.66426 128.77596
212.46098 124.12798
202.02262 119.71846
192.28613 115.53214
183.1945 111.55488
174.69599 107.77357
166.74319 104.17606
159.29309 100.75108
152.30707 97.488156
145.74974 94.377573
139.58853 91.410295
556.16771 223.1786
517.72539 212.72396
482.56698 202.91262
450.3829 193.70087
420.89151 185.04764
393.83938 176.91442
368.99975 169.26528
346.16566 162.06669
325.14995 155.2875
305.7877 148.89877
287.92726 142.87366
271.43281 137.1873
256.18284 131.81667
242.06678 126.74044
228.98477 121.93887
216.84699 117.39373
205.57278 113.0881
195.08864 109.00636
185.32797 105.13403
176.2308 101.4577
167.74289 97.964963
159.81507 94.644307
152.40224 91.485059
145.46355 88.47732
138.9623 85.611899
132.86492 82.880259
127.14048 80.274466
519.86977 195.84817
483.48886 186.67381
450.23369 178.06397
419.80859 169.9803
391.9447 162.38674
366.40017 155.24953
342.95874 148.53711
321.42303 142.22007
301.61458 136.27106
283.37623 130.6647
266.56344 125.37743
251.04682 120.38743
236.71063 115.67449
223.44958 111.21989
211.16855 107.00633
199.78206 103.01779
189.21334 99.239428
179.39245 95.657537
170.25603 92.259412
161.74702 89.03329
153.81388 85.968273
146.40985 83.054265
139.49208 80.281898
133.02175 77.642487
126.96402 75.127965
121.287 72.730841
115.96135 70.444152
486.30686 171.71159
451.88145 163.6679
420.42877 156.11916
391.66678 149.03174
365.33915 142.37403
341.21539 136.11643
319.08946 130.23126
298.77335 124.69274
280.09709 119.4769
262.9111 114.56148
247.07774 109.92583
232.47389 105.5508
218.9894 101.41869
206.52408 97.513089
194.98744 93.818815
184.29816 90.321823
174.38325 87.009116
165.17619 83.868663
156.61674 80.889328
148.65068 78.060797
141.22902 75.373517
134.30732 72.818635
127.8449 70.387938
121.80487 68.073811
116.15416 65.869181
110.86251 63.767482
105.90208 61.762607
455.18849 150.41981
422.62374 143.37352
392.88333 136.76081
365.69864 130.55222
340.82563 124.72006
318.04492 119.23839
297.16051 114.08297
277.99356 109.23122
260.3824 104.66213
244.1848 100.35621
229.26991 96.295369
215.52066 92.462839
202.83237 88.8431
191.10982 85.421782
180.26699 82.18559
170.22661 79.122217
160.91933 76.220277
152.28196 73.469232
144.25727 70.859326
136.79375 68.381526
129.84488 66.027462
123.3685 63.789377
117.32594 61.660081
111.68221 59.632899
106.40593 57.701637
101.4684 55.860542
96.843175 54.104266
426.25958 131.66159
395.47008 125.49402
367.36074 119.70595
341.67616 114.2716
318.18437 109.16675
296.6769 104.36869
276.9676 99.856177
258.88656 95.609468
242.28028 91.61018
227.01371 87.841235
212.96262 84.286803
200.01586 80.932215
188.07405 77.763884
177.04682 74.769227
166.8525 71.936607
157.41776 69.255257
148.67678 66.715207
140.56958 64.307234
133.04185 62.022799
126.04472 59.853996
119.53406 57.793499
113.46984 55.834517
107.81542 53.970756
102.53758 52.196376
97.606575 50.505954
92.995185 48.894454
88.678356 47.357195
399.29265 115.15285
370.20104 109.75862
343.64935 104.6963
319.39513 99.94335
297.2183 95.478594
276.92112 91.282153
258.32705 87.335459
241.27501 83.621235
225.61944 80.123412
211.23234 76.827049
197.99592 73.7183
185.80484 70.784338
174.5649 68.01328
164.19042 65.394118
154.60401 62.916674
145.73613 60.571533
137.5244 58.349974
129.91198 56.243932
122.84738 54.245938
116.28428 52.349077
110.18086 50.546941
104.49917 48.833592
99.20449 47.203523
94.265344 45.651628
89.653548 44.173164
85.343309 42.763726
81.310895 41.419221
374.08801 100.63839
346.62365 95.924087
321.56265 91.499863
298.67533 87.346015
277.75325 83.444019
258.60922 79.776515
241.07616 76.327288
225.0016 73.081229
210.24776 70.024289
196.69356 67.143418
184.22752 64.426514
172.74994 61.862363
162.17168 59.44058
152.41167 57.151549
143.39663 54.986376
135.06077 52.936828
127.34505 50.995286
120.19565 49.1547
113.56383 47.408543
107.40574 45.750771
101.6818 44.175784
96.356094 42.678394
91.395732 41.253787
86.77093 39.897501
82.455011 38.605389
78.423562 37.373604
74.654116 36.198566
350.46949 87.887067
324.56742 83.770093
300.93567 79.906445
279.35712 76.278917
259.63477 72.871322
241.59177 69.668505
225.07033 66.656313
209.9264 63.821548
196.02986 61.151936
183.26635 58.636084
171.53058 56.263426
160.72835 54.024164
150.77549 51.909229
141.59539 49.910229
133.11881 48.019393
125.28359 46.229531
118.03394 44.533991
111.31898 42.926615
105.09266 41.401704
99.313519 39.953978
93.944138 38.578548
88.950581 37.270883
84.301739 36.026781
79.96945 34.842342
75.928499 33.713946
72.155803 32.638233
68.630119 31.612078
328.28575 76.694928
303.88537 73.10224
281.6257 69.730617
261.30199 66.565045
242.72848 63.591397
225.73845 60.796452
210.18317 58.167854
195.92689 55.694088
182.84692 53.364443
170.83552 51.168979
159.79341 49.098471
149.6318 47.144373
140.27134 45.298769
131.63976 43.554336
123.6718 41.904292
116.30881 40.342364
109.49814 38.862746
103.19183 37.460064
97.346384 36.129346
91.922695 34.865983
86.885439 33.66571
82.202584 32.524572
77.844757 31.438903
73.785369 30.405298
70.000613 29.420601
66.468693 28.481876
63.169547 27.586398
307.40554 66.88057
284.44975 63.747627
263.50854 60.807457
244.38925 58.04697
226.91713 55.453851
210.93538 53.016566
196.30415 50.724341
182.89576 48.567134
170.59483 46.535606
159.30005 44.621087
148.91801 42.815535
139.36522 41.111496
130.56698 39.502069
122.45532 37.980865
114.96879 36.541971
108.05217 35.179917
101.65592 33.88964
95.734846 32.666455
90.247985 31.506023
85.15849 30.404329
80.43308 29.357651
76.041567 28.36254
71.956263 27.415799
68.1521 26.514462
64.606635 25.655772
61.299316 24.837173
58.211222 24.056286
287.7146 58.282214
266.14928 55.552051
246.47585 52.98988
228.5135 50.584289
212.09825 48.32455
197.08299 46.200611
183.33653 44.203081
170.73909 42.323211
159.18241 40.552864
148.57143 38.884482
138.81851 37.311057
129.84524 35.826095
121.58155 34.423581
113.96357 33.097947
106.9336 31.844042
100.43977 30.657098
94.435518 29.532703
88.87837 28.466774
83.729819 27.455531
78.955214 26.495474
74.523254 25.58336
70.405541 24.716183
66.576019 23.891158
63.011094 23.105699
59.689643 22.357405
56.592319 21.644047
53.701302 20.963553
269.11598 50.755527
248.88901 48.377946
230.43476 46.146661
213.58398 44.051734
198.18323 42.083824
184.09484 40.234176
171.19607 38.494611
159.37481 36.857512
148.52974 35.315792
138.57189 33.862869
129.41919 32.49264
120.99825 31.199449
113.24342 29.978059
106.09487 28.823621
99.49853 27.731648
93.405764 26.697988
87.772931 25.7188
82.560185 24.790527
77.731398 23.909878
73.254054 23.073805
69.098772 22.279483
65.238889 21.524296
61.64993 20.805816
58.309728 20.121792
55.19844 19.470135
52.297882 18.848901
49.5913 18.256287
251.52676 44.172147
232.58739 42.102957
215.30517 40.16109
199.52217 38.337893
185.09518 36.625237
171.89571 35.015502
159.80922 33.501573
148.73109 32.076819
138.56672 30.735073
129.23304 29.470606
120.65343 28.278106
112.75932 27.152652
105.48936 26.089685
98.787657 25.084987
92.603634 24.134651
86.89182 23.235065
81.611386 22.382885
76.72504 21.575016
72.198961 20.808594
68.002699 20.080966
64.108733 19.389674
60.49208 18.73244
57.129795 18.107152
54.001095 17.511852
51.08737 16.944719
48.371561 16.404064
45.837947 15.888316
234.8745 38.418298
217.17309 36.618641
201.01702 34.929723
186.25932 33.344016
172.76671 31.85445
160.41964 30.4544
149.11152 29.137675
138.74496 27.898509
129.23188 26.731539
120.49495 25.631781
112.46278 24.594617
105.07149 23.615764
98.263907 22.691259
91.987918 21.817432
86.19635 20.990887
80.846779 20.208481
75.901103 19.467305
71.324502 18.764669
67.085386 18.098082
63.155303 17.465234
59.508532 16.863989
56.121714 16.292366
52.973385 15.748528
50.044096 15.230771
47.316433 14.737512
44.774423 14.267283
42.40334 13.818717
219.09639 33.393258
202.58422 31.828994
187.50938 30.360984
173.73555 28.982686
161.1391 27.687953
149.60911 26.471026
139.04668 25.326527
129.3614 24.249442
120.47149 23.235109
112.30516 22.279198
104.79608 21.377693
97.884897 20.526872
91.518466 19.723291
85.648324 18.963759
80.230586 18.245325
75.225769 17.565256
70.598406 16.921025
66.316064 16.310292
62.349306 15.730893
58.671611 15.18082
55.258996 14.658217
52.08967 14.161362
49.1436 13.688656
46.402624 13.238621
43.850482 12.809879
41.472251 12.401155
39.254163 12.01126
204.14106 29.007988
188.76975 27.649146
174.73173 26.373918
161.90096 25.176621
150.16312 24.051915
139.41563 22.994799
129.56699 22.000598
120.53355 21.064958
112.23958 20.18383
104.61863 19.353451
97.609234 18.570333
91.156392 17.831244
85.21085 17.133191
79.727654 16.473403
74.666086 15.849314
69.989496 15.258554
65.664952 14.698925
61.662323 14.168395
57.954245 13.665083
54.516058 13.187248
51.325453 12.733274
48.36215 12.301666
45.607495 11.891038
43.044568 11.500102
40.658219 11.127663
38.434537 10.772614
36.360679 10.433921
189.96461 25.183829
175.68599 24.004126
162.64067 22.897012
150.71254 21.857556
139.79625 20.881122
129.79722 19.963367
120.63111 19.100233
112.22072 18.28794
104.49616 17.522972
97.396088 16.802063
90.863728 16.122184
84.848251 15.480531
79.304128 14.874503
74.189782 14.301696
69.467531 13.759882
65.103449 13.247002
61.067036 12.76115
57.330371 12.30056
53.868085 11.863601
50.657305 11.448759
47.677331 11.054633
44.909337 10.679925
42.335991 10.32343
39.941572 9.9840317
37.711996 9.6606925
35.634324 9.3524492
33.696603 9.0584066
176.52804 21.851362
163.29414 20.827764
151.1977 19.867149
140.13217 18.96524
130.00081 18.118014
120.71674 17.321701
112.20244 16.572783
104.38693 15.867977
97.20589 15.204234
90.602872 14.578719
84.525587 13.988807
78.927197 13.432061
73.765741 12.906226
69.00287 12.409216
64.603809 11.939098
60.537238 11.494085
56.774989 11.072524
53.291255 10.672882
50.062578 10.293744
47.0678 9.9337962
44.287762 9.5918234
41.705032 9.2666987
39.303549 8.9573774
37.068739 8.6628902
34.987541 8.3823371
33.047951 8.1148823
31.238871 7.8597491
163.79702 18.949374
151.56004 18.061716
140.36895 17.228676
130.12634 16.446546
120.74372 15.711836
112.14155 15.021279
104.24887 14.371821
97.000594 13.760618
90.337752 13.185024
84.208552 12.642582
78.564984 12.131013
73.364023 11.648206
68.567106 11.192206
64.138963 10.761201
60.047598 10.353518
56.264173 9.9676058
52.762747 9.6020301
49.519534 9.2554634
46.512901 8.9266768
43.723327 8.6145322
41.133128 8.3179754
38.726205 8.0360292
36.487714 7.7677876
34.404177 7.51241
32.463515 7.269116
30.654617 7.0371808
28.967205 6.8159308
151.74328 16.423908
140.45547 15.654552
130.12633 14.932535
120.66717 14.254643
111.99735 13.617852
104.04435 13.019328
96.743415 12.456427
90.035109 11.926682
83.865527 11.4278
78.187317 10.957651
72.956538 10.514262
68.133788 10.095801
63.683736 9.7005733
59.574042 9.3270109
55.775348 8.9736613
52.261182 8.6391813
49.007719 8.3223275
45.993099 8.0219493
43.197426 7.7369816
40.602739 7.4664379
38.192759 7.2094045
35.952658 6.9650345
33.868752 6.7325427
31.928612 6.5112003
30.121095 6.3003312
28.435943 6.099307
26.863661 5.9075439
140.34163 14.2275
129.95535 13.561033
120.44495 12.935574
111.73001 12.348338
103.73733 11.796706
96.401057 11.278225
89.662325 10.790602
83.467058 10.331701
77.766157 9.8995352
72.51648 9.4922609
67.677941 9.1081669
63.214575 8.7456677
59.094111 8.4032951
55.286991 8.07969
51.766355 7.7735948
48.507976 7.4838455
45.490034 7.2093654
42.692497 6.9491575
40.097118 6.7022992
37.687417 6.4679359
35.44845 6.2452762
33.366596 6.0335864
31.429277 5.8321862
29.625058 5.6404445
27.94369 5.4577754
26.375726 5.2836347
24.912416 5.1175165
129.56856 12.318459
120.03642 11.741418
111.30184 11.199884
103.2922 10.691443
95.941361 10.213829
89.189738 9.7649178
82.984046 9.3427238
77.275269 8.9453982
72.018856 8.5712207
67.175641 8.2185945
62.709184 7.8860381
58.586767 7.5721789
54.779013 7.2757457
51.258985 6.9955619
48.00219 6.7305385
44.986519 6.4796677
42.192051 6.2420172
39.600478 6.0167239
37.195115 5.802989
34.960884 5.6000725
32.884104 5.4072892
30.9523 5.2240039
29.153937 5.0496275
27.478529 4.8836136
25.916669 4.725455
24.459685 4.5746803
23.099536 4.4308518
119.40237 10.660194
110.6773 10.160833
102.676 9.6921984
95.333158 9.2522024
88.589251 8.8388833
82.390611 8.4504026
76.689201 8.0850429
71.44077 7.7412038
66.605051 7.4173968
62.146623 7.1122398
58.032479 6.8244509
54.232959 6.5528423
50.72141 6.2963139
47.473367 6.0538474
44.466564 5.8245004
41.680887 5.607401
39.098203 5.4017421
36.70183 5.206777
34.476556 5.0218142
32.408623 4.8462136
30.485545 4.6793821
28.695924 4.5207699
27.029217 4.3698674
25.47583 4.2262017
24.027157 4.0893338
22.675255 3.9588559
21.412755 3.834389
109.82433 9.2206265
101.85949 8.7886998
94.549219 8.3833514
87.835023 8.0027732
81.663533 7.6452693
75.986606 7.3092497
70.761113 6.9932287
65.947269 6.6958222
61.50882 6.4157426
57.41386 6.1517945
53.632603 5.9028691
50.138259 5.6679389
46.906731 5.4460525
43.915875 5.236329
41.145514 5.0379534
38.57741 4.8501713
36.195107 4.6722849
33.983453 4.5036482
31.928617 4.3436631
30.018086 4.1917758
28.240493 4.0474734
26.585459 3.9102805
25.04337 3.7797561
23.605474 3.6554912
22.26392 3.5371061
21.011454 3.4242481
19.841341 3.3165893
100.81629 7.971648
93.565256 7.598228
86.904243 7.247786
80.781017 6.9187591
75.14791 6.609681
69.961898 6.319177
65.184416 6.0459627
60.779833 5.7888413
56.715645 5.5466999
52.963222 5.3185049
49.495792 5.1032977
46.289247 4.90019
43.321884 4.7083593
40.573727 4.5270439
38.026559 4.3555392
35.663894 4.1931932
33.470848 4.0394024
31.433699 3.8936083
29.539914 3.755294
27.778142 3.6239806
26.138069 3.4992247
24.610268 3.3806152
23.185999 3.267771
21.857301 3.1603384
20.61703 3.0579891
19.458581 2.9604183
18.375813 2.8673425
92.359967 6.8886469
85.776985 6.5659585
79.724104 6.2631254
74.154811 5.9787991
69.026664 5.7117115
64.301348 5.4606745
59.944511 5.2245783
55.924373 5.0023887
52.211907 4.7931439
48.781531 4.5959508
45.609277 4.409981
42.673538 4.2344669
39.95484 4.0686977
37.435234 3.9120153
35.098325 3.7638107
32.929266 3.6235206
30.914639 3.4906233
29.042059 3.3646363
27.3002 3.245113
25.678801 3.1316394
24.168528 3.0238324
22.760844 2.9213369
21.447828 2.8238233
20.222259 2.7309861
19.077653 2.6425417
18.008013 2.5582265
17.00776 2.4777957
84.437501 5.950087
78.477607 5.671364
72.992485 5.4097891
67.9408 5.1642017
63.284859 4.9335044
58.990652 4.7166706
55.027686 4.5127421
51.367729 4.3208253
47.98496 4.1400897
44.856616 3.9697638
41.961329 3.809132
39.279811 3.6575314
36.794658 3.5143479
34.489803 3.3790131
32.350549 3.2510011
30.36357 3.1298252
28.516813 3.0150349
26.799135 2.9062134
25.200336 2.8029748
23.711166 2.7049618
22.323207 2.6118433
21.02875 2.5233125
19.820636 2.4390849
18.692332 2.3588966
17.637975 2.2825025
16.652133 2.2096751
15.729747 2.1402028
77.032745 5.1371301
71.651642 4.8964887
66.694545 4.6706506
62.124762 4.4586179
57.908882 4.2594409
54.016788 4.0722331
50.421495 3.8961674
47.097999 3.7304723
44.023418 3.5744306
41.177576 3.4273763
38.541494 3.2886917
36.098025 3.1578042
33.831678 3.0341839
31.728125 2.9173399
29.774241 2.8068182
27.958112 2.7021986
26.268946 2.6030921
24.696755 2.5091389
23.232383 2.4200058
21.867519 2.3353842
20.594592 2.2549885
19.406665 2.1785537
18.297285 2.1058341
17.260562 2.0366019
16.291205 1.9706456
15.38431 1.9077686
14.535305 1.8477882
70.128807 4.4333259
65.283147 4.2256532
60.815204 4.0307543
56.692422 3.8477709
52.885213 3.675882
49.366946 3.5143225
46.11379 3.3623785
43.103659 3.2193843
40.316336 3.0847209
37.733999 2.9578137
35.339854 2.8381294
33.118715 2.7251741
31.056845 2.6184902
29.14152 2.5176544
27.361065 2.4222746
25.704866 2.3319882
24.1633 2.2464597
22.727444 2.1653784
21.389107 2.0884569
20.140849 2.0154289
18.975883 1.9460477
17.887984 1.8800847
16.871355 1.817328
15.9207 1.7575809
15.03126 1.7006608
14.198619 1.6463981
13.418656 1.5946354
63.707605 3.8243235
59.355322 3.6451786
55.338802 3.4770525
51.629142 3.3192055
48.20014 3.170929
45.028261 3.0315628
42.092482 2.9004913
39.37333 2.7771402
36.852985 2.6609755
34.515749 2.5515015
32.346813 2.4482582
30.332774 2.3508195
28.461501 2.2587908
26.721738 2.1718067
25.103139 2.0895292
23.596288 2.0116454
22.192636 1.9378659
20.884242 1.8679227
19.663808 1.8015679
18.524692 1.7385717
17.460833 1.6787213
16.466664 1.6218197
15.536991 1.5676838
14.667069 1.5161441
13.852628 1.4670431
13.089706 1.4202345
12.374597 1.3755823
57.750763 3.2976119
53.851286 3.1431402
50.249751 2.9981702
46.92047 2.8620631
43.840218 2.7342082
40.988187 2.6140366
38.345836 2.5010171
35.896013 2.3946548
33.623036 2.2944891
31.513111 2.2000926
29.553214 2.1110687
27.731558 2.0270499
26.037468 1.947696
24.461023 1.872692
22.993094 1.8017463
21.62536 1.7345892
20.350258 1.6709711
19.160746 1.610661
18.050346 1.553445
17.013153 1.499125
16.04377 1.4475177
15.137237 1.3984529
14.288917 1.351773
13.494568 1.3073317
12.750374 1.2649932
12.052787 1.2246314
11.398487 1.186129
52.240677 2.8422927
48.755015 2.70915
45.533351 2.584198
42.552825 2.4668839
39.792832 2.3566826
37.23496 2.2531038
34.862851 2.1556896
32.6614 2.0640133
30.616818 1.977678
28.717001 1.8963154
26.95052 1.8195835
25.307034 1.7471656
23.777177 1.6787685
22.352237 1.6141207
21.024184 1.5529709
19.785695 1.4950865
18.630103 1.4402525
17.55119 1.3882697
16.543224 1.3389538
15.600976 1.2921341
14.719661 1.2476525
13.894871 1.2053623
13.122481 1.1651277
12.398713 1.1268227
11.720165 1.0903301
11.083672 1.0555412
10.486265 1.022355
47.15853 2.4488764
44.0495 2.3341629
41.174123 2.2265072
38.512037 2.1254312
36.044941 2.0304834
33.756527 1.9412415
31.632349 1.8573109
29.659099 1.778324
27.824652 1.7039388
26.118391 1.633838
24.530296 1.567727
23.051311 1.5053328
21.673236 1.446403
20.388441 1.3907034
19.189887 1.3380176
18.071148 1.2881453
17.026369 1.2409011
16.050081 1.1961135
15.137232 1.1536237
14.283209 1.1132845
13.483782 1.0749598
12.735052 1.0385232
12.033361 1.0038577
11.375355 0.97085464
10.758012 0.93941315
10.178515 0.90943958
9.6342221 0.88084686
42.484243 2.1091048
39.71667 2.0103075
37.15572 1.9175893
34.783245 1.8305372
32.582973 1.7487631
30.540444 1.6719032
28.642882 1.5996176
26.878546 1.5315898
25.236765 1.4675254
23.708219 1.4071507
22.284125 1.3502123
20.956557 1.2964752
19.718344 1.2457216
18.562817 1.1977501
17.483821 1.1523742
16.475734 1.1094215
15.533432 1.0687323
14.652121 1.0301588
13.827367 0.99356425
13.055114 0.95882198
12.33164 0.92581463
11.653506 0.89443348
11.017482 0.86457766
10.4206 0.83615361
9.860186 0.80907449
9.3337419 0.78325962
8.8389208 0.75863402
38.197185 1.8157949
35.738064 1.7307373
33.461554 1.6509135
31.351478 1.5759677
29.393357 1.5055658
27.574353 1.4393948
25.883147 1.3771619
24.309365 1.3185947
22.8436 1.2634396
21.477659 1.2114612
20.203834 1.1624412
19.015184 1.1161772
17.905446 1.0724818
16.868792 1.0311816
15.899851 0.99211615
14.993718 0.95513682
14.145921 0.92010619
13.352272 0.88689706
12.608891 0.85539166
11.912228 0.82548094
11.259018 0.79706389
10.646244 0.77004686
10.071059 0.74434304
9.5308515 0.71987189
9.0232595 0.69655862
8.5460773 0.67433378
8.0972271 0.65313282
34.276736 1.5627015
32.095357 1.4894997
30.075291 1.4208022
28.202113 1.3563027
26.462934 1.2957138
24.846347 1.238766
23.342314 1.1852075
21.941652 1.1348037
20.636056 1.0873364
19.418313 1.042603
18.28165 1.0004156
17.219986 0.9606001
16.227841 0.92299522
15.30013 0.88745167
14.432168 0.85383133
13.619681 0.82200635
12.858775 0.79185846
12.1458 0.76327817
11.477373 0.73616415
10.850395 0.71042252
10.262014 0.68596637
9.709589 0.66271509
9.1906256 0.64059399
8.7028282 0.61953373
8.2441225 0.59946997
7.8125659 0.58034293
7.4063254 0.56209705
30.70169 1.3444018
28.769651 1.2814259
26.980048 1.222325
25.320022 1.1668357
23.778102 1.1147108
22.344144 1.0657183
21.00924 1.0196416
19.765256 0.97627893
18.60485 0.93544257
17.52166 0.8969582
16.509727 0.86066418
15.563714 0.82641069
14.678826 0.794059
13.850618 0.76348069
13.075006 0.73455692
12.348265 0.70717771
11.667009 0.68124131
11.028062 0.65665353
10.428481 0.63332717
9.8655672 0.61118151
9.3368373 0.59014173
8.8399877 0.57013853
8.3728393 0.55110761
7.9333833 0.53298935
7.5198035 0.51572837
7.1303954 0.49927326
6.7635477 0.48357622
27.450478 1.1561897
25.741647 1.1020303
24.158536 1.0512033
22.689687 1.0034825
21.324892 0.95865493
20.055135 0.91652127
18.872508 0.87689524
17.769803 0.83960325
16.740522 0.80448388
15.779049 0.77138725
14.880132 0.7401743
14.039078 0.71071622
13.251682 0.68289369
12.514055 0.65659628
11.822628 0.63172177
11.174158 0.60817558
10.565696 0.58587021
9.9944812 0.56472465
9.4579559 0.54466393
8.9537764 0.5256186
8.4797843 0.50752433
8.0339768 0.49032152
7.6144562 0.47395488
7.2194712 0.45837312
6.8474371 0.44352863
6.4968644 0.42937719
6.1663416 0.41587769
24.501543 0.99398387
22.992019 0.94742273
21.593423 0.90372647
20.29555 0.86270062
19.089322 0.82416215
17.96673 0.78793962
16.920755 0.7538729
15.945008 0.72181277
15.033739 0.69162046
14.181981 0.6631671
13.385101 0.63633316
12.638964 0.61100788
11.939874 0.58708869
11.28442 0.56448065
10.66948 0.54309589
10.092221 0.5228531
9.5500747 0.50367704
9.0406402 0.48549807
8.5616947 0.46825175
8.1112048 0.45187836
7.6872984 0.43632261
7.2882382 0.42153324
6.9123765 0.40746274
6.5581911 0.394067
6.2243047 0.3813051
5.9094199 0.36913901
5.6123051 0.3575334
21.833626 0.85424637
20.501681 0.81423102
19.267582 0.7766778
18.122248 0.74141955
17.057607 0.708299
16.066549 0.6771688
15.142847 0.64789133
14.280838 0.62033836
13.475432 0.59439062
12.722234 0.56993735
12.017151 0.54687584
11.356538 0.52511089
10.737138 0.50455437
10.155954 0.48512466
9.6102476 0.46674625
9.0975415 0.44934927
8.6155952 0.43286905
8.1623178 0.41724576
7.7357771 0.40242399
7.3342086 0.38835243
6.9559899 0.37498356
6.5996162 0.36227334
6.2636596 0.35018092
5.9468004 0.3386684
5.6478448 0.32770061
5.3656664 0.31724487
5.0991942 0.30727082
19.425865 0.73391185
18.251823 0.69953339
17.164065 0.66727023
16.154512 0.63697873
15.215994 0.6085238
14.3422 0.58177884
13.527605 0.55662562
12.767194 0.53295397
12.056459 0.51066142
11.391512 0.48965283
10.768737 0.46983993
10.184912 0.45114096
9.6371695 0.43348017
9.1228697 0.41678747
8.6396079 0.40099797
8.1852122 0.38605166
7.7577242 0.37189296
7.35532 0.35847047
6.9763176 0.34573659
6.6191845 0.33364725
6.2825141 0.32216161
5.9650033 0.31124184
5.6654155 0.30085283
5.3826087 0.29096204
5.1155499 0.28153925
4.8632642 0.27255637
4.6248224 0.26398732
17.257988 0.63032564
16.224087 0.60079951
15.266257 0.57309013
14.377315 0.54707411
13.550891 0.52263543
12.781386 0.49966537
12.063901 0.47806238
11.393994 0.45773184
10.767676 0.43858575
10.181508 0.42054239
9.632293 0.40352596
9.1171874 0.38746623
8.6336601 0.37229815
8.1793865 0.35796152
7.752251 0.34440061
7.3503464 0.33156387
6.9719569 0.31940358
6.6154875 0.30787558
6.2794709 0.296939
5.9625731 0.28655599
5.6635726 0.27669147
5.3813395 0.26731294
5.114803 0.25839027
4.8629747 0.2498955
4.6249624 0.24180266
4.3999232 0.23408765
4.1870534 0.22672806
15.310447 0.54118961
14.400712 0.51583892
13.558033 0.49204805
12.776022 0.46971108
12.049024 0.44872838
11.37207 0.42900662
10.74082 0.41045861
10.151341 0.3930031
9.600102 0.37656454
9.0840645 0.36107277
8.6004037 0.3464627
8.1466097 0.33267404
7.7204493 0.31965094
7.3198736 0.30734171
6.9430197 0.2956985
6.5882102 0.28467704
6.2539384 0.27423638
5.9388063 0.2643386
5.64153 0.2549486
5.3609453 0.24603388
5.0959888 0.23756434
4.8456787 0.22951206
4.6090866 0.22185117
4.3853565 0.21455766
4.1737177 0.20760926
3.9734424 0.20098525
3.7838364 0.1946664
13.564545 0.46451524
12.764662 0.44275623
12.023878 0.42233605
11.336515 0.40316378
10.697552 0.3851539
10.102583 0.36822631
9.5477616 0.35230617
9.0296069 0.33732374
8.544998 0.32321419
8.091248 0.30991728
7.6658631 0.29737715
7.2666281 0.28554205
6.891573 0.27436405
6.5388917 0.26379877
6.2069425 0.25380516
5.8942488 0.24434521
5.5994855 0.23538377
5.3214245 0.22688829
5.0589404 0.21882865
4.8110143 0.21117695
4.576718 0.20390735
4.3551968 0.1969959
4.1456437 0.19042039
3.9473166 0.18416022
3.7595492 0.17819624
3.5817129 0.17251071
3.4132084 0.1670871
12.002561 0.39858332
11.299734 0.37991278
10.648985 0.36239103
10.045269 0.34594006
9.4841299 0.3304865
8.9616618 0.3159616
8.4744571 0.30230115
8.0194353 0.28944532
7.5938377 0.27733847
7.1952902 0.2659289
6.8215915 0.25516871
6.4707871 0.24501347
6.1411396 0.23542206
5.8310567 0.2263564
5.5390918 0.21778126
5.2639443 0.20966404
5.0044476 0.20197457
4.7595219 0.19468492
4.5281789 0.18776925
4.3095252 0.18120362
4.1027489 0.17496585
3.9071036 0.1690354
3.7218866 0.1633932
3.5464531 0.15802158
3.3802257 0.15290412
3.2226607 0.14802557
3.0732405 0.14337177
10.607806 0.3419082
9.990622 0.32589251
9.4193219 0.31086225
8.8894262 0.29675052
8.396982 0.28349436
7.9385265 0.27103482
7.5110416 0.2593168
7.1118021 0.24828899
6.7383698 0.23790365
6.3886472 0.22811645
6.0606914 0.21888629
5.7527784 0.21017506
5.4633763 0.20194748
5.1910819 0.1941709
4.9346207 0.18681508
4.6928473 0.17985207
4.4647349 0.17325599
4.2493335 0.16700287
4.0457744 0.16107056
3.8532733 0.15543851
3.6711183 0.1500877
3.4986563 0.14500051
3.3352737 0.14016059
3.1804083 0.13555277
3.0335585 0.13116297
2.8942527 0.12697811
2.7620429 0.12298604
0.00033312395 1547.4142
0.00034376162 1587.6355
0.0003546774 1623.0886
0.00036586296 1654.2508
0.00037731035 1681.5476
0.00038901201 1705.3595
0.00040096078 1726.0269
0.00041314988 1743.8549
0.0004255729 1759.1169
0.00043822374 1772.059
0.00045109667 1782.9022
0.00046418627 1791.8455
0.00047748738 1799.0683
0.00049099517 1804.7327
0.00050470502 1808.9847
0.00051861261 1811.9567
0.0005327138 1813.7682
0.00054700471 1814.5275
0.00056148163 1814.3331
0.00057614105 1813.2739
0.00059097965 1811.4309
0.00060599426 1808.8778
0.00062118187 1805.6814
0.00063653961 1801.9026
0.00065206476 1797.597
0.00066775471 1792.815
0.00068360697 1787.6029
5.090737 1.0254676e+10 1.3228757
5.0565381 1.1690607e+10 1.3601471
5.0126988 1.298272e+10 1.396424
4.9618797 1.4127651e+10 1.4317821
4.9061696 1.5128932e+10 1.4662878
4.8471921 1.5994294e+10 1.5
4.7861978 1.6733772e+10 1.532971
4.7241428 1.7358435e+10 1.5652476
4.6617515 1.7879547e+10 1.5968719
4.5995681 1.8308056e+10 1.6278821
4.5379968 1.8654285e+10 1.6583124
4.4773333 1.8927773e+10 1.6881943
4.4177899 1.9137214e+10 1.7175564
7
