# Fiducial parameters, omega_b = 0.022237, omega_cdm = 0.12, 100*theta_s = 1.0418, ln10^{10}A_s = 3.044, n_s = 0.9649, tau_reio = 0.0544, M_tot_IH = 0.15, sigma_NL = 7, beta_0^Euclid = 1, beta_1^Euclid = 1, z_reio = 1, Omega_Lambda = 1, YHe = 1, H0 = 0, A_s = 0, sigma8 = 0
1.4452452e-08
1.5867354e-08
1.708405e-08
1.7688112e-08
1.8132968e-08
1.8511717e-08
1.8829376e-08
1.9117559e-08
1.9406021e-08
1.9797378e-08
0
2.5441804e-08
2.5487626e-08
2.6801405e-08
2.7771507e-08
2.8597692e-08
2.9290649e-08
2.9919316e-08
3.0548608e-08
3.1402403e-08
0
0
3.1474934e-08
3.076486e-08
3.2130195e-08
3.3295797e-08
3.4273837e-08
3.5161174e-08
3.6049403e-08
3.7254534e-08
0
0
0
3.5482954e-08
3.4601157e-08
3.6024754e-08
3.7221409e-08
3.8307362e-08
3.9394433e-08
4.0869363e-08
0
0
0
0
3.9058777e-08
3.8189991e-08
3.9601118e-08
4.0883346e-08
4.2167123e-08
4.390897e-08
0
0
0
0
0
4.264436e-08
4.1742941e-08
4.3236751e-08
4.4733807e-08
4.6765223e-08
0
0
0
0
0
0
4.6139935e-08
4.5313177e-08
4.7034775e-08
4.9372309e-08
0
0
0
0
0
0
0
4.9791846e-08
4.922262e-08
5.1904084e-08
0
0
0
0
0
0
0
0
5.4020209e-08
5.4590796e-08
0
0
0
0
0
0
0
0
0
6.0958764e-08
1.3545521e-08
1.5004286e-08
1.6256399e-08
1.6878276e-08
1.7336258e-08
1.7726183e-08
1.8053217e-08
1.8349906e-08
1.8646884e-08
1.9049799e-08
0
2.4871539e-08
2.5091715e-08
2.6497191e-08
2.7535258e-08
2.8419352e-08
2.9160882e-08
2.9833619e-08
3.0507026e-08
3.1420682e-08
0
0
3.1362627e-08
3.0812338e-08
3.2298529e-08
3.3567576e-08
3.4632454e-08
3.5598583e-08
3.6565686e-08
3.7877838e-08
0
0
0
3.5739863e-08
3.5021106e-08
3.6585815e-08
3.7901302e-08
3.909512e-08
4.0290174e-08
4.1911624e-08
0
0
0
0
3.9681174e-08
3.8991084e-08
4.0554026e-08
4.1974356e-08
4.3396426e-08
4.5325922e-08
0
0
0
0
0
4.366274e-08
4.2949055e-08
4.4614781e-08
4.6284257e-08
4.8549662e-08
0
0
0
0
0
0
4.7569799e-08
4.6950808e-08
4.8881927e-08
5.1504065e-08
0
0
0
0
0
0
0
5.1675559e-08
5.1357817e-08
5.4382344e-08
0
0
0
0
0
0
0
0
5.6456936e-08
5.7445148e-08
0
0
0
0
0
0
0
0
0
6.4359351e-08
1.2494693e-08
1.3900114e-08
1.5159236e-08
1.5784876e-08
1.6245638e-08
1.663793e-08
1.696695e-08
1.7265442e-08
1.7564227e-08
1.7969596e-08
0
2.3905386e-08
2.4254178e-08
2.5728974e-08
2.6818562e-08
2.7746566e-08
2.8524931e-08
2.9231087e-08
2.993795e-08
3.0897003e-08
0
0
3.0759413e-08
3.0345699e-08
3.1935924e-08
3.3294147e-08
3.4433905e-08
3.5467975e-08
3.6503091e-08
3.7907532e-08
0
0
0
3.5460239e-08
3.4888812e-08
3.6581493e-08
3.8004841e-08
3.9296581e-08
4.0589665e-08
4.2344129e-08
0
0
0
0
3.973726e-08
3.9214566e-08
4.0920069e-08
4.2470152e-08
4.4022164e-08
4.6127978e-08
0
0
0
0
0
4.4094523e-08
4.3561692e-08
4.5393295e-08
4.7229189e-08
4.9720445e-08
0
0
0
0
0
0
4.8402032e-08
4.798766e-08
5.0125357e-08
5.3028155e-08
0
0
0
0
0
0
0
5.2958748e-08
5.2893462e-08
5.6262642e-08
0
0
0
0
0
0
0
0
5.8300162e-08
5.9715475e-08
0
0
0
0
0
0
0
0
0
6.7200331e-08
1.1488162e-08
1.2743193e-08
1.3978337e-08
1.4592396e-08
1.5044637e-08
1.5429676e-08
1.5752614e-08
1.6045589e-08
1.6338852e-08
1.6736732e-08
0
2.2707376e-08
2.3124685e-08
2.4639074e-08
2.575831e-08
2.6711605e-08
2.7511187e-08
2.8236594e-08
2.8962729e-08
2.9947937e-08
0
0
2.9793335e-08
2.9481515e-08
3.1150411e-08
3.2576258e-08
3.3772824e-08
3.4858441e-08
3.5945161e-08
3.7419623e-08
0
0
0
3.4746619e-08
3.4296238e-08
3.6094699e-08
3.7607341e-08
3.8980163e-08
4.035442e-08
4.2219029e-08
0
0
0
0
3.9306741e-08
3.8929583e-08
4.0759505e-08
4.2422924e-08
4.4088451e-08
4.6348295e-08
0
0
0
0
0
4.3996904e-08
4.3627946e-08
4.5610206e-08
4.7597323e-08
5.029382e-08
0
0
0
0
0
0
4.8672541e-08
4.8449453e-08
5.0780582e-08
5.3946246e-08
0
0
0
0
0
0
0
5.3655996e-08
5.3832973e-08
5.7533241e-08
0
0
0
0
0
0
0
0
5.9541159e-08
6.1376576e-08
0
0
0
0
0
0
0
0
0
6.9438337e-08
1.0263894e-08
1.1255416e-08
1.2429674e-08
1.3013856e-08
1.3444104e-08
1.3810418e-08
1.4117653e-08
1.4396382e-08
1.4675386e-08
1.5053924e-08
0
2.0959534e-08
2.1366428e-08
2.2881005e-08
2.4000868e-08
2.4954747e-08
2.5754823e-08
2.6480681e-08
2.720727e-08
2.8193098e-08
0
0
2.8099724e-08
2.7840173e-08
2.9551222e-08
3.1013619e-08
3.2240934e-08
3.3354458e-08
3.4469117e-08
3.5981493e-08
0
0
0
3.3201009e-08
3.2831465e-08
3.4701573e-08
3.627491e-08
3.7702873e-08
3.9132336e-08
4.1071856e-08
0
0
0
0
3.7961404e-08
3.7693829e-08
3.9618153e-08
4.1367706e-08
4.3119522e-08
4.5496459e-08
0
0
0
0
0
4.2911446e-08
4.2675698e-08
4.4780945e-08
4.6891623e-08
4.9755834e-08
0
0
0
0
0
0
4.7893872e-08
4.7834712e-08
5.0332064e-08
5.3723719e-08
0
0
0
0
0
0
0
5.3250277e-08
5.3643673e-08
5.7640207e-08
0
0
0
0
0
0
0
0
5.9629908e-08
6.1854819e-08
0
0
0
0
0
0
0
0
0
7.0472763e-08
9.0651471e-09
9.7093273e-09
1.0791136e-08
1.1329761e-08
1.1726467e-08
1.2064226e-08
1.2347511e-08
1.2604513e-08
1.286177e-08
1.3210804e-08
0
1.8950097e-08
1.9261804e-08
2.0733796e-08
2.1822752e-08
2.2750363e-08
2.3528413e-08
2.4234289e-08
2.4940879e-08
2.5899576e-08
0
0
2.5945178e-08
2.5678849e-08
2.7388371e-08
2.8850112e-08
3.0076972e-08
3.1190092e-08
3.230435e-08
3.3816187e-08
0
0
0
3.1066976e-08
3.0727453e-08
3.2625908e-08
3.4223626e-08
3.5673785e-08
3.7125477e-08
3.9095165e-08
0
0
0
0
3.5920553e-08
3.571463e-08
3.7693194e-08
3.9492461e-08
4.129411e-08
4.3738676e-08
0
0
0
0
0
4.1030766e-08
4.088497e-08
4.3074043e-08
4.5269103e-08
4.824787e-08
0
0
0
0
0
0
4.623114e-08
4.6294846e-08
4.8917438e-08
5.2479505e-08
0
0
0
0
0
0
0
5.1877074e-08
5.2444939e-08
5.6681014e-08
0
0
0
0
0
0
0
0
5.8667114e-08
6.1225365e-08
0
0
0
0
0
0
0
0
0
7.0347741e-08
7.9889457e-09
8.2391108e-09
9.2056936e-09
9.6873954e-09
1.004219e-08
1.0344266e-08
1.0597623e-08
1.0827475e-08
1.1057555e-08
1.1369717e-08
0
1.6851105e-08
1.698456e-08
1.8371443e-08
1.9398095e-08
2.0272701e-08
2.1006299e-08
2.1671848e-08
2.2338071e-08
2.3242002e-08
0
0
2.349545e-08
2.3157289e-08
2.4816876e-08
2.6236683e-08
2.7428459e-08
2.8509758e-08
2.9592165e-08
3.1060792e-08
0
0
0
2.8493579e-08
2.8124581e-08
3.0000501e-08
3.1579891e-08
3.3013496e-08
3.4448626e-08
3.639585e-08
0
0
0
0
3.3312264e-08
3.3109068e-08
3.5092348e-08
3.6896388e-08
3.8702884e-08
4.1154038e-08
0
0
0
0
0
3.845755e-08
3.8345982e-08
4.0568303e-08
4.2797117e-08
4.582175e-08
0
0
0
0
0
0
4.37591e-08
4.3890278e-08
4.6582696e-08
5.024e-08
0
0
0
0
0
0
0
4.9579503e-08
5.0262283e-08
5.4657196e-08
0
0
0
0
0
0
0
0
5.6657111e-08
5.9463429e-08
0
0
0
0
0
0
0
0
0
6.9001302e-08
6.9788243e-09
6.8115866e-09
7.6477388e-09
8.0648668e-09
8.3721137e-09
8.633707e-09
8.8531111e-09
9.05216e-09
9.2514072e-09
9.5217383e-09
0
1.4670952e-08
1.4550794e-08
1.5813192e-08
1.6748408e-08
1.7545195e-08
1.8213529e-08
1.8819868e-08
1.9426823e-08
2.0250341e-08
0
0
2.0767094e-08
2.028988e-08
2.1849147e-08
2.3183996e-08
2.4304589e-08
2.5321314e-08
2.6339083e-08
2.7720014e-08
0
0
0
2.5488474e-08
2.5024517e-08
2.6821663e-08
2.8335473e-08
2.9709647e-08
3.1085293e-08
3.2951812e-08
0
0
0
0
3.012831e-08
2.9859814e-08
3.1790447e-08
3.3547172e-08
3.5306369e-08
3.7693358e-08
0
0
0
0
0
3.516148e-08
3.501697e-08
3.7211431e-08
3.9412802e-08
4.2400263e-08
0
0
0
0
0
0
4.0420959e-08
4.0550147e-08
4.324276e-08
4.6900813e-08
0
0
0
0
0
0
0
4.6268918e-08
4.6988835e-08
5.143702e-08
0
0
0
0
0
0
0
0
5.3470172e-08
5.6407666e-08
0
0
0
0
0
0
0
0
0
6.6229543e-08
6.1258478e-09
5.5648589e-09
6.270676e-09
6.623128e-09
6.882748e-09
7.103792e-09
7.2891866e-09
7.4573815e-09
7.6257441e-09
7.8541728e-09
0
1.263687e-08
1.2214852e-08
1.3326204e-08
1.4150233e-08
1.4852369e-08
1.5441317e-08
1.5975635e-08
1.6510497e-08
1.7236201e-08
0
0
1.8040365e-08
1.7367324e-08
1.8783149e-08
1.9996124e-08
2.1014544e-08
2.193858e-08
2.2863567e-08
2.4118611e-08
0
0
0
2.2349545e-08
2.1729228e-08
2.3394527e-08
2.4798097e-08
2.6072307e-08
2.7347892e-08
2.907865e-08
0
0
0
0
2.6671274e-08
2.6269113e-08
2.8089204e-08
2.9745996e-08
3.1405212e-08
3.365655e-08
0
0
0
0
0
3.1440619e-08
3.1191779e-08
3.3293241e-08
3.54019e-08
3.8263621e-08
0
0
0
0
0
0
3.6502503e-08
3.6552346e-08
3.916744e-08
4.272075e-08
0
0
0
0
0
0
0
4.2211124e-08
4.2877713e-08
4.7256187e-08
0
0
0
0
0
0
0
0
4.9341233e-08
5.2267451e-08
0
0
0
0
0
0
0
0
0
6.2202548e-08
5.3906363e-09
4.4744324e-09
5.0585745e-09
5.3504929e-09
5.5655326e-09
5.7486208e-09
5.9021812e-09
6.0414953e-09
6.1809486e-09
6.3701544e-09
0
1.0789199e-08
1.0047619e-08
1.0996214e-08
1.1700186e-08
1.2300097e-08
1.2803306e-08
1.3259839e-08
1.3716837e-08
1.4336896e-08
0
0
1.5424626e-08
1.4516454e-08
1.5758168e-08
1.6822879e-08
1.7716957e-08
1.8528187e-08
1.9340254e-08
2.0442087e-08
0
0
0
1.9220602e-08
1.839384e-08
1.9883517e-08
2.1139913e-08
2.2280625e-08
2.342258e-08
2.4972027e-08
0
0
0
0
2.3105557e-08
2.2508323e-08
2.4165513e-08
2.567472e-08
2.7186235e-08
2.9237173e-08
0
0
0
0
0
2.7470278e-08
2.7048194e-08
2.8993523e-08
3.0946155e-08
3.3596214e-08
0
0
0
0
0
0
3.2180525e-08
3.2072034e-08
3.4530035e-08
3.7870536e-08
0
0
0
0
0
0
0
3.7575483e-08
3.8091708e-08
4.2268311e-08
0
0
0
0
0
0
0
0
4.4420639e-08
4.7175047e-08
0
0
0
0
0
0
0
0
0
5.7018722e-08
4.791736e-09
3.5710993e-09
4.0492783e-09
4.2883464e-09
4.46446e-09
4.6144062e-09
4.7401697e-09
4.8542659e-09
4.9684762e-09
5.1234333e-09
0
9.2156736e-09
8.1717077e-09
8.963531e-09
9.5515959e-09
1.0052789e-08
1.0473199e-08
1.0854614e-08
1.1236417e-08
1.1754452e-08
0
0
1.3095918e-08
1.1940293e-08
1.2996886e-08
1.3903618e-08
1.4665161e-08
1.5356147e-08
1.6047848e-08
1.6986366e-08
0
0
0
1.6335732e-08
1.527455e-08
1.6563369e-08
1.7651137e-08
1.8638856e-08
1.962766e-08
2.096931e-08
0
0
0
0
1.9710325e-08
1.887531e-08
2.0332631e-08
2.1660506e-08
2.299051e-08
2.4795173e-08
0
0
0
0
0
2.356619e-08
2.2916069e-08
2.465467e-08
2.640046e-08
2.8769888e-08
0
0
0
0
0
0
2.7796956e-08
2.7461294e-08
2.9692516e-08
3.2725508e-08
0
0
0
0
0
0
0
3.2721049e-08
3.2995955e-08
3.6846449e-08
0
0
0
0
0
0
0
0
3.9074371e-08
4.1496091e-08
0
0
0
0
0
0
0
0
0
5.1027398e-08
4.2793436e-09
2.7908047e-09
3.1764579e-09
3.3693241e-09
3.5114051e-09
3.6323756e-09
3.7338367e-09
3.825885e-09
3.9180255e-09
4.0430393e-09
0
7.8524158e-09
6.5417419e-09
7.1932925e-09
7.6773973e-09
8.0900216e-09
8.4361419e-09
8.7501581e-09
9.0644945e-09
9.4909899e-09
0
0
1.1051523e-08
9.6610438e-09
1.0540094e-08
1.1294961e-08
1.1929046e-08
1.2504393e-08
1.3080335e-08
1.3861789e-08
0
0
0
1.3751128e-08
1.2452953e-08
1.3537238e-08
1.4452971e-08
1.5284567e-08
1.6117086e-08
1.7246682e-08
0
0
0
0
1.6597511e-08
1.5507506e-08
1.6749185e-08
1.788116e-08
1.9015039e-08
2.0553591e-08
0
0
0
0
0
1.9894062e-08
1.8984193e-08
2.0486188e-08
2.1995001e-08
2.4042883e-08
0
0
0
0
0
0
2.3564453e-08
2.295369e-08
2.4909114e-08
2.7567874e-08
0
0
0
0
0
0
0
2.7901497e-08
2.7863329e-08
3.128918e-08
0
0
0
0
0
0
0
0
3.3591522e-08
3.5540021e-08
0
0
0
0
0
0
0
0
0
4.4545561e-08
3.8844957e-09
2.1666565e-09
2.4722603e-09
2.6251799e-09
2.7378349e-09
2.8337518e-09
2.9141996e-09
2.9871843e-09
3.0602421e-09
3.1593651e-09
0
6.7233205e-09
5.1852024e-09
5.7166311e-09
6.1115528e-09
6.4481753e-09
6.730545e-09
6.9867241e-09
7.2431646e-09
7.5911066e-09
0
0
9.341101e-09
7.7459544e-09
8.4688691e-09
9.0898628e-09
9.6115393e-09
1.0084895e-08
1.0558742e-08
1.1201671e-08
0
0
0
1.1563387e-08
1.0049358e-08
1.0945972e-08
1.1703532e-08
1.2391543e-08
1.3080322e-08
1.4014888e-08
0
0
0
0
1.3919899e-08
1.2586094e-08
1.3620273e-08
1.4563471e-08
1.5508319e-08
1.6790384e-08
0
0
0
0
0
1.6670604e-08
1.5499184e-08
1.6761755e-08
1.8030522e-08
1.9752659e-08
0
0
0
0
0
0
1.9764414e-08
1.8861865e-08
2.0523573e-08
2.278354e-08
0
0
0
0
0
0
0
2.346393e-08
2.307476e-08
2.6023029e-08
0
0
0
0
0
0
0
0
2.8388323e-08
2.9769428e-08
0
0
0
0
0
0
0
0
0
3.8077681e-08
3.5743686e-09
1.6645202e-09
1.9007775e-09
2.0191283e-09
2.1063198e-09
2.1805565e-09
2.2428207e-09
2.2993087e-09
2.3558533e-09
2.4325716e-09
0
5.7758454e-09
4.0366168e-09
4.4628194e-09
4.779637e-09
5.0496935e-09
5.2762265e-09
5.481748e-09
5.6874794e-09
5.966619e-09
0
0
7.8870491e-09
6.1172635e-09
6.7066256e-09
7.212952e-09
7.6383139e-09
8.0242787e-09
8.4106436e-09
8.9348758e-09
0
0
0
9.703077e-09
8.0040065e-09
8.7388944e-09
9.3599061e-09
9.9239249e-09
1.0488577e-08
1.1254722e-08
0
0
0
0
1.163682e-08
1.0088811e-08
1.0939598e-08
1.1715703e-08
1.2493198e-08
1.3548184e-08
0
0
0
0
0
1.390182e-08
1.2492072e-08
1.3535372e-08
1.4584041e-08
1.6007475e-08
0
0
0
0
0
0
1.6461586e-08
1.528177e-08
1.6663176e-08
1.8542292e-08
0
0
0
0
0
0
0
1.9543432e-08
1.8804634e-08
2.1275638e-08
0
0
0
0
0
0
0
0
2.3686253e-08
2.446904e-08
0
0
0
0
0
0
0
0
0
3.1981711e-08
3.3368656e-09
1.2766471e-09
1.4563944e-09
1.5465227e-09
1.612926e-09
1.6694633e-09
1.7168826e-09
1.7599028e-09
1.8029661e-09
1.8613933e-09
0
5.0139504e-09
3.0940909e-09
3.4262312e-09
3.6733455e-09
3.8840055e-09
4.0607161e-09
4.2210365e-09
4.3815206e-09
4.5992681e-09
0
0
6.6670684e-09
4.7422828e-09
5.2138924e-09
5.6192039e-09
5.9597209e-09
6.2687005e-09
6.5780007e-09
6.9976695e-09
0
0
0
8.1264406e-09
6.26792e-09
6.8635818e-09
7.3670012e-09
7.8242274e-09
8.2819681e-09
8.9030519e-09
0
0
0
0
9.6986288e-09
7.9683055e-09
8.6626309e-09
9.2960472e-09
9.9306075e-09
1.0791647e-08
0
0
0
0
0
1.1550583e-08
9.9367933e-09
1.0791668e-08
1.1651014e-08
1.2817482e-08
0
0
0
0
0
0
1.3650386e-08
1.2228248e-08
1.3363699e-08
1.4908393e-08
0
0
0
0
0
0
0
1.6186055e-08
1.5131693e-08
1.7170468e-08
0
0
0
0
0
0
0
0
1.9610285e-08
1.9827815e-08
0
0
0
0
0
0
0
0
0
2.6538478e-08
3.1575438e-09
9.8405694e-10
1.1208605e-09
1.1894475e-09
1.2399818e-09
1.2830079e-09
1.3190951e-09
1.3518344e-09
1.3846065e-09
1.4290708e-09
0
4.4331483e-09
2.3632069e-09
2.6156906e-09
2.8037532e-09
2.9640992e-09
3.0986064e-09
3.2206379e-09
3.3427941e-09
3.5085376e-09
0
0
5.6900843e-09
3.6250259e-09
3.9904934e-09
4.3049043e-09
4.569096e-09
4.8088223e-09
5.0487976e-09
5.3744042e-09
0
0
0
6.8244043e-09
4.8216952e-09
5.2921862e-09
5.6900356e-09
6.0514017e-09
6.4131761e-09
6.9040488e-09
0
0
0
0
8.0717889e-09
6.180485e-09
6.7371646e-09
7.2451118e-09
7.7539878e-09
8.4444862e-09
0
0
0
0
0
9.5627274e-09
7.7730875e-09
8.4656669e-09
9.1619142e-09
1.0106999e-08
0
0
0
0
0
0
1.126903e-08
9.6406329e-09
1.056642e-08
1.1825917e-08
0
0
0
0
0
0
0
1.3340638e-08
1.2016998e-08
1.3686063e-08
0
0
0
0
0
0
0
0
1.6147998e-08
1.5873104e-08
0
0
0
0
0
0
0
0
0
2.1855307e-08
3.0217749e-09
7.6210268e-10
8.6640796e-10
9.1869046e-10
9.5721091e-10
9.9000823e-10
1.0175162e-09
1.0424722e-09
1.0674531e-09
1.1013466e-09
0
3.9943422e-09
1.8117476e-09
2.0030841e-09
2.1456157e-09
2.2671523e-09
2.3691056e-09
2.4616027e-09
2.5541942e-09
2.6798238e-09
0
0
4.9458457e-09
2.7644591e-09
3.0407417e-09
3.2786667e-09
3.4786355e-09
3.6600904e-09
3.8417339e-09
4.0881939e-09
0
0
0
5.802527e-09
3.6716487e-09
4.0307649e-09
4.3347451e-09
4.6108913e-09
4.8873528e-09
5.2624691e-09
0
0
0
0
6.7564933e-09
4.7183652e-09
5.1499845e-09
5.5440678e-09
5.9389029e-09
6.4746604e-09
0
0
0
0
0
7.9171337e-09
5.9679265e-09
6.5138536e-09
7.062848e-09
7.8080713e-09
0
0
0
0
0
0
9.2686522e-09
7.4570358e-09
8.1970844e-09
9.2040035e-09
0
0
0
0
0
0
0
1.0932258e-08
9.3751107e-09
1.0723785e-08
0
0
0
0
0
0
0
0
1.3209796e-08
1.2514834e-08
0
0
0
0
0
0
0
0
0
1.7875745e-08
2.9186432e-09
5.9428001e-10
6.738353e-10
7.1371913e-10
7.4310445e-10
7.6812384e-10
7.8910821e-10
8.0814583e-10
8.2720248e-10
8.5305799e-10
0
3.6601523e-09
1.3920408e-09
1.5374928e-09
1.645796e-09
1.7381397e-09
1.8156038e-09
1.885883e-09
1.9562339e-09
2.0516872e-09
0
0
4.3838789e-09
2.1164513e-09
2.3257207e-09
2.5058852e-09
2.6573124e-09
2.7947215e-09
2.9322734e-09
3.1189085e-09
0
0
0
5.0324442e-09
2.8009699e-09
3.0714641e-09
3.3005212e-09
3.5086288e-09
3.7169768e-09
3.9996734e-09
0
0
0
0
5.7498479e-09
3.5878851e-09
3.9133113e-09
4.2106409e-09
4.5085724e-09
4.9128426e-09
0
0
0
0
0
6.6247736e-09
4.5334156e-09
4.9486463e-09
5.3664616e-09
5.933651e-09
0
0
0
0
0
0
7.6553182e-09
5.6763309e-09
6.2471447e-09
7.0240574e-09
0
0
0
0
0
0
0
8.9445951e-09
7.1743477e-09
8.2314702e-09
0
0
0
0
0
0
0
0
1.074182e-08
9.6718639e-09
0
0
0
0
0
0
0
0
0
1.4495935e-08
2.8393216e-09
4.6698432e-10
5.2818243e-10
5.5884736e-10
5.814405e-10
6.0067687e-10
6.1681087e-10
6.3144808e-10
6.4609992e-10
6.6597908e-10
0
3.4088169e-09
1.0746633e-09
1.1846342e-09
1.2665543e-09
1.336404e-09
1.3949982e-09
1.4481577e-09
1.5013715e-09
1.5735726e-09
0
0
3.9549398e-09
1.621747e-09
1.7804111e-09
1.916979e-09
2.0317517e-09
2.1358984e-09
2.2401534e-09
2.3816099e-09
0
0
0
4.447123e-09
2.141977e-09
2.3472856e-09
2.5210511e-09
2.6789141e-09
2.8369591e-09
3.0514023e-09
0
0
0
0
4.9919602e-09
2.7382798e-09
2.9840835e-09
3.2086276e-09
3.4336294e-09
3.7389406e-09
0
0
0
0
0
5.6520062e-09
3.4494305e-09
3.7613875e-09
4.0753563e-09
4.5015906e-09
0
0
0
0
0
0
6.4249058e-09
4.3060824e-09
4.7347867e-09
5.3184723e-09
0
0
0
0
0
0
0
7.393179e-09
5.4347067e-09
6.2341468e-09
0
0
0
0
0
0
0
0
8.7575855e-09
7.3453072e-09
0
0
0
0
0
0
0
0
0
1.1676687e-08
2.7775909e-09
3.6945622e-10
4.1704424e-10
4.4087821e-10
4.5843785e-10
4.7338855e-10
4.8592805e-10
4.9730423e-10
5.0869176e-10
5.24142e-10
0
3.2197407e-09
8.3719784e-10
9.2087062e-10
9.8317483e-10
1.0362995e-09
1.0808641e-09
1.1212953e-09
1.1617677e-09
1.2166811e-09
0
0
3.6341511e-09
1.2500452e-09
1.3693727e-09
1.4721339e-09
1.5585045e-09
1.6368789e-09
1.7153348e-09
1.8217862e-09
0
0
0
4.0034975e-09
1.6403022e-09
1.7948085e-09
1.9256257e-09
2.044471e-09
2.1634528e-09
2.324893e-09
0
0
0
0
4.4135161e-09
2.0903385e-09
2.2762436e-09
2.4460392e-09
2.6161716e-09
2.8470281e-09
0
0
0
0
0
4.9134933e-09
2.6297124e-09
2.8660048e-09
3.1037433e-09
3.4264806e-09
0
0
0
0
0
0
5.4992454e-09
3.2777365e-09
3.601181e-09
4.0415022e-09
0
0
0
0
0
0
0
6.2286845e-09
4.1253189e-09
4.7249743e-09
0
0
0
0
0
0
0
0
7.2497867e-09
5.5538241e-09
0
0
0
0
0
0
0
0
0
9.4436829e-09
2.728667e-09
2.9351365e-10
3.3093376e-10
3.4966396e-10
3.6346309e-10
3.7521198e-10
3.8506605e-10
3.9400592e-10
4.0295472e-10
4.1509614e-10
0
3.0757149e-09
6.573269e-10
7.2162265e-10
7.6948168e-10
8.1028579e-10
8.4451464e-10
8.7556869e-10
9.0665439e-10
9.4883181e-10
0
0
3.3931664e-09
9.7212481e-10
1.0627289e-09
1.1407024e-09
1.2062331e-09
1.2656971e-09
1.3252228e-09
1.4059892e-09
0
0
0
3.673227e-09
1.2667626e-09
1.3829504e-09
1.4813145e-09
1.5706812e-09
1.6601513e-09
1.7815484e-09
0
0
0
0
3.9808763e-09
1.6032332e-09
1.7422002e-09
1.8691779e-09
1.9964155e-09
2.1690674e-09
0
0
0
0
0
4.3538766e-09
2.0057615e-09
2.1826349e-09
2.360639e-09
2.6022867e-09
0
0
0
0
0
0
4.7925271e-09
2.4925101e-09
2.7359701e-09
3.0673872e-09
0
0
0
0
0
0
0
5.3427081e-09
3.1330624e-09
3.5859587e-09
0
0
0
0
0
0
0
0
6.1144451e-09
4.2107594e-09
0
0
0
0
0
0
0
0
0
7.7593249e-09
2.6892456e-09
2.3327829e-10
2.6298998e-10
2.778536e-10
2.8880375e-10
2.9812694e-10
3.0594651e-10
3.1304064e-10
3.2014185e-10
3.2977652e-10
0
2.9643688e-09
5.1951234e-10
5.6947264e-10
6.0664069e-10
6.383281e-10
6.649092e-10
6.8902483e-10
7.1316503e-10
7.4591868e-10
0
0
3.2102441e-09
7.6176479e-10
8.3110316e-10
8.9076435e-10
9.409021e-10
9.8639759e-10
1.0319403e-09
1.0937339e-09
0
0
0
3.4240572e-09
9.8591717e-10
1.0741834e-09
1.1488822e-09
1.2167417e-09
1.2846789e-09
1.3768593e-09
0
0
0
0
3.6573905e-09
1.2404981e-09
1.3453925e-09
1.4411912e-09
1.5371813e-09
1.6674326e-09
0
0
0
0
0
3.9385461e-09
1.5427108e-09
1.6750804e-09
1.8082846e-09
1.9891177e-09
0
0
0
0
0
0
4.2659962e-09
1.9047233e-09
2.0857121e-09
2.3321404e-09
0
0
0
0
0
0
0
4.6740861e-09
2.379765e-09
2.7164295e-09
0
0
0
0
0
0
0
0
5.248382e-09
3.1848055e-09
0
0
0
0
0
0
0
0
0
6.4843972e-09
2.6571152e-09
1.8472605e-10
2.0846481e-10
2.2033498e-10
2.2907961e-10
2.3652495e-10
2.4276954e-10
2.484348e-10
2.5410571e-10
2.6179981e-10
0
2.8766757e-09
4.1201288e-10
4.5128388e-10
4.8048471e-10
5.0537771e-10
5.2625907e-10
5.4520361e-10
5.6416744e-10
5.8989774e-10
0
0
3.0694055e-09
6.0077728e-10
6.5448638e-10
7.0067219e-10
7.3948105e-10
7.746963e-10
8.0994806e-10
8.5777866e-10
0
0
0
3.2346697e-09
7.7320252e-10
8.4083671e-10
8.9805271e-10
9.5002861e-10
1.002064e-09
1.0726678e-09
0
0
0
0
3.4130293e-09
9.6694048e-10
1.0465941e-09
1.1193369e-09
1.1922235e-09
1.2911248e-09
0
0
0
0
0
3.6259896e-09
1.1952252e-09
1.2951655e-09
1.395718e-09
1.5322193e-09
0
0
0
0
0
0
3.8728284e-09
1.4676273e-09
1.6036113e-09
1.7887142e-09
0
0
0
0
0
0
0
4.1789947e-09
1.8227431e-09
2.0737524e-09
0
0
0
0
0
0
0
0
4.6056344e-09
2.4180688e-09
0
0
0
0
0
0
0
0
0
5.5176015e-09
2.6307997e-09
1.4514854e-10
1.6414434e-10
1.7364009e-10
1.8063538e-10
1.8659129e-10
1.9158666e-10
1.9611859e-10
2.0065505e-10
2.0680998e-10
0
2.8063908e-09
3.2662265e-10
3.5777845e-10
3.8093371e-10
4.006715e-10
4.172283e-10
4.3224939e-10
4.4728578e-10
4.676873e-10
0
0
2.9590039e-09
4.7535724e-10
5.1743393e-10
5.5359794e-10
5.839827e-10
6.115536e-10
6.3915305e-10
6.7660078e-10
0
0
0
3.0882286e-09
6.0956124e-10
6.6201683e-10
7.0637403e-10
7.4666563e-10
7.8700298e-10
8.4173442e-10
0
0
0
0
3.2262382e-09
7.5885273e-10
8.2006651e-10
8.7594668e-10
9.3193386e-10
1.0079037e-09
0
0
0
0
0
3.3895125e-09
9.3313943e-10
1.0092207e-09
1.0857486e-09
1.1896348e-09
0
0
0
0
0
0
3.5769163e-09
1.1390491e-09
1.2416486e-09
1.3813064e-09
0
0
0
0
0
0
0
3.8072266e-09
1.4053902e-09
1.5936153e-09
0
0
0
0
0
0
0
0
4.126508e-09
1.8500816e-09
0
0
0
0
0
0
0
0
0
4.8037551e-09
2.6092988e-09
1.1274438e-10
1.2788919e-10
1.3545917e-10
1.4103572e-10
1.457837e-10
1.4976594e-10
1.5337874e-10
1.5699516e-10
1.619018e-10
0
2.7493031e-09
2.5772457e-10
2.8257125e-10
3.0103061e-10
3.1676461e-10
3.2996277e-10
3.4193676e-10
3.5392294e-10
3.701859e-10
0
0
2.8709238e-09
3.7587903e-10
4.0915306e-10
4.3773786e-10
4.6175215e-10
4.835423e-10
5.05355e-10
5.3495109e-10
0
0
0
2.9729807e-09
4.8147025e-10
5.2260376e-10
5.5737082e-10
5.8894884e-10
6.2056249e-10
6.6345723e-10
0
0
0
0
3.0809931e-09
5.9784354e-10
6.4541718e-10
6.8883048e-10
7.3232478e-10
7.9134262e-10
0
0
0
0
0
3.2075887e-09
7.3240172e-10
7.9098998e-10
8.4990843e-10
9.2988767e-10
0
0
0
0
0
0
3.3515147e-09
8.8991694e-10
9.6825001e-10
1.074855e-09
0
0
0
0
0
0
0
3.526861e-09
1.091864e-09
1.2342732e-09
0
0
0
0
0
0
0
0
3.7674831e-09
1.4251965e-09
0
0
0
0
0
0
0
0
0
4.2714006e-09
2.5918965e-09
8.6296729e-11
9.8266364e-11
1.0424993e-10
1.0865781e-10
1.1241076e-10
1.1555845e-10
1.1841413e-10
1.2127267e-10
1.2515106e-10
0
2.7026287e-09
2.0158259e-10
2.2140101e-10
2.3612147e-10
2.4866807e-10
2.5919249e-10
2.6874073e-10
2.782987e-10
2.9126706e-10
0
0
2.7996897e-09
2.9578368e-10
3.2223772e-10
3.4495526e-10
3.6403885e-10
3.8135481e-10
3.9868869e-10
4.2220779e-10
0
0
0
2.8807864e-09
3.7948237e-10
4.1200032e-10
4.3947452e-10
4.6442696e-10
4.8940739e-10
5.233019e-10
0
0
0
0
2.966065e-09
4.7107213e-10
5.0841643e-10
5.4248372e-10
5.7661276e-10
6.2292261e-10
0
0
0
0
0
3.065256e-09
5.7611519e-10
6.2173708e-10
6.6760295e-10
7.298619e-10
0
0
0
0
0
0
3.1770641e-09
6.9799418e-10
7.5846097e-10
8.4073553e-10
0
0
0
0
0
0
0
3.312021e-09
8.5272533e-10
9.6161128e-10
0
0
0
0
0
0
0
0
3.4952588e-09
1.1052963e-09
0
0
0
0
0
0
0
0
0
3.8737467e-09
2.5780261e-09
6.4928473e-11
7.4264606e-11
7.8933152e-11
8.2372334e-11
8.5300521e-11
8.7756466e-11
8.9984572e-11
9.2214913e-11
9.5240988e-11
0
2.6645104e-09
1.5572252e-10
1.7144939e-10
1.831302e-10
1.9308586e-10
2.0143691e-10
2.0901337e-10
2.1659756e-10
2.2688788e-10
0
0
2.7416675e-09
2.3070078e-10
2.5173997e-10
2.6980347e-10
2.8497666e-10
2.9874433e-10
3.1252625e-10
3.3122597e-10
0
0
0
2.8061856e-09
2.9723002e-10
3.2303423e-10
3.4482979e-10
3.6462378e-10
3.8443988e-10
4.113272e-10
0
0
0
0
2.8738245e-09
3.6973634e-10
3.9924115e-10
4.2614941e-10
4.5310519e-10
4.8968151e-10
0
0
0
0
0
2.9521053e-09
4.5241189e-10
4.8824134e-10
5.2425316e-10
5.7313474e-10
0
0
0
0
0
0
3.0397583e-09
5.4764273e-10
5.9478599e-10
6.5892032e-10
0
0
0
0
0
0
0
3.1447158e-09
6.6749601e-10
7.5166616e-10
0
0
0
0
0
0
0
0
3.2858303e-09
8.6099545e-10
0
0
0
0
0
0
0
0
0
3.5729005e-09
2.5671879e-09
4.7937328e-11
5.5097755e-11
5.8680129e-11
6.1319208e-11
6.3566174e-11
6.5450764e-11
6.7160522e-11
6.8871997e-11
7.1194091e-11
0
2.6336411e-09
1.1845194e-10
1.3080682e-10
1.3998431e-10
1.4780641e-10
1.5436779e-10
1.6032058e-10
1.6627944e-10
1.7436451e-10
0
0
2.6944236e-09
1.7771725e-10
1.9436845e-10
2.0866375e-10
2.2067139e-10
2.3156672e-10
2.4247332e-10
2.5727173e-10
0
0
0
2.7455429e-09
2.3046973e-10
2.5091973e-10
2.6819012e-10
2.83874e-10
2.9957534e-10
3.208796e-10
0
0
0
0
2.7991666e-09
2.879247e-10
3.1127768e-10
3.3257137e-10
3.5390193e-10
3.8284533e-10
0
0
0
0
0
2.861109e-09
3.5325099e-10
3.815177e-10
4.099226e-10
4.4847783e-10
0
0
0
0
0
0
2.930193e-09
4.2813832e-10
4.6514563e-10
5.1548293e-10
0
0
0
0
0
0
0
3.0124407e-09
5.2176298e-10
5.8739242e-10
0
0
0
0
0
0
0
0
3.1221308e-09
6.7147697e-10
0
0
0
0
0
0
0
0
0
3.3421452e-09
2.558911e-09
3.4698844e-11
4.0084297e-11
4.2780457e-11
4.4766731e-11
4.6457889e-11
4.7876308e-11
4.9163143e-11
5.0451272e-11
5.2198984e-11
0
2.6090059e-09
8.8518542e-11
9.8086409e-11
1.051957e-10
1.1125524e-10
1.1633814e-10
1.209496e-10
1.2556576e-10
1.3182905e-10
0
0
2.6562461e-09
1.3481924e-10
1.478696e-10
1.590747e-10
1.6848675e-10
1.7702693e-10
1.8557595e-10
1.9717553e-10
0
0
0
2.6963832e-09
1.7633342e-10
1.9243709e-10
2.0603667e-10
2.183868e-10
2.3075067e-10
2.4752651e-10
0
0
0
0
2.7386589e-09
2.2167257e-10
2.400963e-10
2.568938e-10
2.7372007e-10
2.9655159e-10
0
0
0
0
0
2.7875552e-09
2.7323723e-10
2.9553122e-10
3.1793127e-10
3.4833538e-10
0
0
0
0
0
0
2.8420369e-09
3.3223726e-10
3.6135904e-10
4.0096572e-10
0
0
0
0
0
0
0
2.9067058e-09
4.0570669e-10
4.5713376e-10
0
0
0
0
0
0
0
0
2.9924793e-09
5.2236744e-10
0
0
0
0
0
0
0
0
0
3.1625611e-09
2.5527433e-09
2.4621547e-11
2.8586877e-11
3.0573693e-11
3.2037443e-11
3.3283715e-11
3.4328997e-11
3.5277312e-11
3.6226582e-11
3.7514537e-11
0
2.5897246e-09
6.4889387e-11
7.2169011e-11
7.7580448e-11
8.2193082e-11
8.6062308e-11
8.9572657e-11
9.3086596e-11
9.7854373e-11
0
0
2.6258162e-09
1.0049966e-10
1.105862e-10
1.1924883e-10
1.2652555e-10
1.3312822e-10
1.3973774e-10
1.4870575e-10
0
0
0
2.6569108e-09
1.3277778e-10
1.4532049e-10
1.5591404e-10
1.6553442e-10
1.7516551e-10
1.8823342e-10
0
0
0
0
2.6898988e-09
1.6823619e-10
1.8265406e-10
1.9579941e-10
2.089672e-10
2.2683455e-10
0
0
0
0
0
2.7282156e-09
2.0869565e-10
2.2618787e-10
2.4376238e-10
2.6761648e-10
0
0
0
0
0
0
2.770996e-09
2.5503869e-10
2.7790093e-10
3.0899214e-10
0
0
0
0
0
0
0
2.8217717e-09
3.126871e-10
3.5300305e-10
0
0
0
0
0
0
0
0
2.8889524e-09
4.0387024e-10
0
0
0
0
0
0
0
0
0
3.0211354e-09
2.54826e-09
1.7138269e-11
1.99947e-11
2.1427237e-11
2.2482678e-11
2.3381309e-11
2.4135016e-11
2.4818804e-11
2.5503282e-11
2.6431973e-11
0
2.5749737e-09
4.6628695e-11
5.2057105e-11
5.609475e-11
5.9536641e-11
6.2423833e-11
6.5043236e-11
6.766532e-11
7.1223018e-11
0
0
2.6020073e-09
7.3509238e-11
8.1171586e-11
8.7754912e-11
9.3285383e-11
9.8303594e-11
1.0332701e-10
1.1014296e-10
0
0
0
2.6256931e-09
9.821292e-11
1.0783848e-10
1.1597018e-10
1.233551e-10
1.3074827e-10
1.4077966e-10
0
0
0
0
2.6510692e-09
1.25582e-10
1.3672707e-10
1.4688954e-10
1.5706949e-10
1.7088264e-10
0
0
0
0
0
2.680748e-09
1.5699789e-10
1.7059022e-10
1.8424682e-10
2.027831e-10
0
0
0
0
0
0
2.7140421e-09
1.9312045e-10
2.1094294e-10
2.3517984e-10
0
0
0
0
0
0
0
2.7536663e-09
2.3813829e-10
2.6961046e-10
0
0
0
0
0
0
0
0
2.8061259e-09
3.0930284e-10
0
0
0
0
0
0
0
0
0
2.9089762e-09
2.5450779e-09
1.1717895e-11
1.3731671e-11
1.4742612e-11
1.5487474e-11
1.6121672e-11
1.6653591e-11
1.7136167e-11
1.761923e-11
1.8274645e-11
0
2.5639639e-09
3.2848194e-11
3.6809985e-11
3.9758811e-11
4.2272775e-11
4.4381608e-11
4.6294848e-11
4.8210047e-11
5.0808633e-11
0
0
2.5837827e-09
5.2721415e-11
5.8428794e-11
6.333507e-11
6.74571e-11
7.1197362e-11
7.4941509e-11
8.0021706e-11
0
0
0
2.6014772e-09
7.12792e-11
7.8535897e-11
8.4668581e-11
9.0238346e-11
9.5814353e-11
1.0338015e-10
0
0
0
0
2.6206613e-09
9.2059386e-11
1.0054018e-10
1.0827482e-10
1.1602295e-10
1.265364e-10
0
0
0
0
0
2.6433024e-09
1.1610937e-10
1.2652975e-10
1.3700045e-10
1.5121257e-10
0
0
0
0
0
0
2.6688831e-09
1.4393636e-10
1.5767631e-10
1.7636185e-10
0
0
0
0
0
0
0
2.6994874e-09
1.7877206e-10
2.0313138e-10
0
0
0
0
0
0
0
0
2.740149e-09
2.3398542e-10
0
0
0
0
0
0
0
0
0
2.8199219e-09
2.542821e-09
7.8343116e-12
9.2249551e-12
9.9237837e-12
1.043871e-11
1.0877134e-11
1.1244854e-11
1.1578462e-11
1.1912407e-11
1.2365502e-11
0
2.5558982e-09
2.2651527e-11
2.5479981e-11
2.7586898e-11
2.9383308e-11
3.0890241e-11
3.2257409e-11
3.3625978e-11
3.5482885e-11
0
0
2.5701088e-09
3.7025217e-11
4.1187291e-11
4.4767465e-11
4.7775734e-11
5.050542e-11
5.3237944e-11
5.6945539e-11
0
0
0
2.583051e-09
5.0682155e-11
5.6045234e-11
6.0579706e-11
6.4698239e-11
6.8821414e-11
7.4415944e-11
0
0
0
0
2.5972719e-09
6.6163443e-11
7.2499798e-11
7.8280304e-11
8.407112e-11
9.1928712e-11
0
0
0
0
0
2.6142369e-09
8.4261945e-11
9.2119876e-11
1.0001707e-10
1.1073628e-10
0
0
0
0
0
0
2.6335794e-09
1.0537761e-10
1.1581771e-10
1.3001666e-10
0
0
0
0
0
0
0
2.6568923e-09
1.3199193e-10
1.5061656e-10
0
0
0
0
0
0
0
0
2.6880567e-09
1.744084e-10
0
0
0
0
0
0
0
0
0
2.7494821e-09
2.5413336e-09
5.1993957e-12
6.1426671e-12
6.6171379e-12
6.9667677e-12
7.2644545e-12
7.5141335e-12
7.7406512e-12
7.9673979e-12
8.2750464e-12
0
2.5502255e-09
1.5386718e-11
1.7363668e-11
1.8837524e-11
2.0094324e-11
2.1148616e-11
2.2105126e-11
2.3062616e-11
2.4361764e-11
0
0
2.560197e-09
2.5557857e-11
2.852823e-11
3.108517e-11
3.3233966e-11
3.5183798e-11
3.7135661e-11
3.9784026e-11
0
0
0
2.5694599e-09
3.539465e-11
3.9275927e-11
4.2559341e-11
4.5541824e-11
4.8527693e-11
5.2579073e-11
0
0
0
0
2.5797833e-09
4.6694454e-11
5.1335071e-11
5.5570111e-11
5.9812923e-11
6.557004e-11
0
0
0
0
0
2.5922467e-09
6.0055813e-11
6.5872095e-11
7.1718787e-11
7.9654935e-11
0
0
0
0
0
0
2.6066075e-09
7.5800043e-11
8.3598802e-11
9.4206655e-11
0
0
0
0
0
0
0
2.6240751e-09
9.5817614e-11
1.0984341e-10
0
0
0
0
0
0
0
0
2.6476207e-09
1.2797772e-10
0
0
0
0
0
0
0
0
0
2.694411e-09
2.5403368e-09
3.4097164e-12
4.0393564e-12
4.3563453e-12
4.589942e-12
4.788835e-12
4.9556526e-12
5.1069956e-12
5.2584916e-12
5.4640408e-12
0
2.5462847e-09
1.0289216e-11
1.1643817e-11
1.2654541e-11
1.3516524e-11
1.4239628e-11
1.4895666e-11
1.5552378e-11
1.6443422e-11
0
0
2.5531405e-09
1.7336854e-11
1.9412285e-11
2.120023e-11
2.2703016e-11
2.4066677e-11
2.543176e-11
2.7283961e-11
0
0
0
2.5596294e-09
2.4271081e-11
2.7020802e-11
2.9348392e-11
3.146286e-11
3.3579747e-11
3.6452051e-11
0
0
0
0
2.5669649e-09
3.2345775e-11
3.5674416e-11
3.8713423e-11
4.1758196e-11
4.5889699e-11
0
0
0
0
0
2.5759328e-09
4.2010564e-11
4.6230486e-11
5.0473686e-11
5.6233459e-11
0
0
0
0
0
0
2.5863861e-09
5.3525761e-11
5.9242804e-11
6.702032e-11
0
0
0
0
0
0
0
2.5992346e-09
6.8316371e-11
7.8697294e-11
0
0
0
0
0
0
0
0
2.6167294e-09
9.2320187e-11
0
0
0
0
0
0
0
0
0
2.6518884e-09
