# Fiducial parameters, omega_b = 0.022237, omega_cdm = 0.12, H0 = 67.36, ln10^{10}A_s = 3.044, n_s = 0.9649, tau_reio = 0.0544, M_tot = 0.18, sigma_NL = 7, beta_0^Euclid = 1, beta_1^Euclid = 1, z_reio = 1, Omega_Lambda = 1, YHe = 1, 100*theta_s = 1, A_s = 0, sigma8 = 0
1.4093815e-08
1.5426035e-08
1.6619738e-08
1.7212363e-08
1.7648754e-08
1.8020252e-08
1.8331784e-08
1.8614357e-08
1.8897135e-08
1.9280607e-08
0
2.4878374e-08
2.4887645e-08
2.6183193e-08
2.7139778e-08
2.7954361e-08
2.8637484e-08
2.9257118e-08
2.9877217e-08
3.0718161e-08
0
0
3.0833183e-08
3.0102318e-08
3.1452258e-08
3.260463e-08
3.357143e-08
3.4448413e-08
3.5326065e-08
3.6516306e-08
0
0
0
3.479849e-08
3.3900555e-08
3.5310307e-08
3.6495188e-08
3.7570267e-08
3.8646192e-08
4.010534e-08
0
0
0
0
3.8341665e-08
3.7458813e-08
3.8858e-08
4.0129181e-08
4.1401592e-08
4.312724e-08
0
0
0
0
0
4.1899117e-08
4.0985858e-08
4.2468727e-08
4.3954483e-08
4.5969661e-08
0
0
0
0
0
0
4.5371301e-08
4.4533961e-08
4.6244625e-08
4.856629e-08
0
0
0
0
0
0
0
4.90026e-08
4.8423107e-08
5.1089534e-08
0
0
0
0
0
0
0
0
5.3211434e-08
5.3768514e-08
0
0
0
0
0
0
0
0
0
6.0126229e-08
1.3187509e-08
1.4554709e-08
1.5780848e-08
1.6389808e-08
1.6838233e-08
1.7219977e-08
1.7540102e-08
1.7830471e-08
1.8121052e-08
1.851511e-08
0
2.4281942e-08
2.445888e-08
2.584276e-08
2.6864824e-08
2.7735191e-08
2.8465099e-08
2.9127173e-08
2.9789746e-08
3.0688297e-08
0
0
3.0679411e-08
3.0103925e-08
3.1571455e-08
3.2824479e-08
3.3875763e-08
3.4829387e-08
3.5783741e-08
3.7078011e-08
0
0
0
3.5004533e-08
3.4265927e-08
3.5813618e-08
3.7114652e-08
3.8295148e-08
3.9476579e-08
4.1078821e-08
0
0
0
0
3.8905443e-08
3.8197835e-08
3.9745924e-08
4.1152543e-08
4.2560547e-08
4.4470097e-08
0
0
0
0
0
4.2851748e-08
4.2123134e-08
4.3775094e-08
4.5430403e-08
4.7675577e-08
0
0
0
0
0
0
4.6729112e-08
4.6096616e-08
4.8013834e-08
5.0615955e-08
0
0
0
0
0
0
0
5.0808357e-08
5.0477344e-08
5.3482623e-08
0
0
0
0
0
0
0
0
5.5564219e-08
5.6534773e-08
0
0
0
0
0
0
0
0
0
6.3434881e-08
1.2164467e-08
1.3472069e-08
1.4702762e-08
1.5314265e-08
1.5764571e-08
1.6147916e-08
1.6469385e-08
1.6760974e-08
1.7052777e-08
1.7448496e-08
0
2.3321359e-08
2.3620202e-08
2.5070004e-08
2.6141078e-08
2.7053213e-08
2.7818153e-08
2.8512005e-08
2.9206382e-08
3.0148071e-08
0
0
3.006594e-08
2.9622296e-08
3.1190343e-08
3.2529539e-08
3.3653171e-08
3.4672427e-08
3.5692467e-08
3.7075828e-08
0
0
0
3.4704393e-08
3.4108988e-08
3.5781116e-08
3.7187031e-08
3.8462727e-08
3.973944e-08
4.1470911e-08
0
0
0
0
3.8932275e-08
3.8388111e-08
4.0075428e-08
4.1608754e-08
4.314362e-08
4.5225232e-08
0
0
0
0
0
4.3246018e-08
4.2694629e-08
4.4509149e-08
4.6327519e-08
4.8793889e-08
0
0
0
0
0
0
4.7516337e-08
4.7084942e-08
4.9205176e-08
5.2083003e-08
0
0
0
0
0
0
0
5.2039343e-08
5.1957085e-08
5.5301857e-08
0
0
0
0
0
0
0
0
5.7347752e-08
5.8740159e-08
0
0
0
0
0
0
0
0
0
6.6205782e-08
1.1174735e-08
1.2327053e-08
1.3531624e-08
1.413048e-08
1.4571481e-08
1.4946906e-08
1.5261734e-08
1.55473e-08
1.5833077e-08
1.6220627e-08
0
2.2120468e-08
2.248101e-08
2.396693e-08
2.5065084e-08
2.6000321e-08
2.6784639e-08
2.749607e-08
2.8208043e-08
2.9173598e-08
0
0
2.908046e-08
2.8733595e-08
3.0376507e-08
3.1780072e-08
3.2957774e-08
3.4026086e-08
3.5095222e-08
3.6545172e-08
0
0
0
3.3960126e-08
3.348116e-08
3.5255119e-08
3.6747001e-08
3.8100747e-08
3.9455579e-08
4.1293002e-08
0
0
0
0
3.8461242e-08
3.8058088e-08
3.9866007e-08
4.1509184e-08
4.315405e-08
4.5384856e-08
0
0
0
0
0
4.3098317e-08
4.2706541e-08
4.466783e-08
4.6633495e-08
4.9299687e-08
0
0
0
0
0
0
4.7727874e-08
4.7483536e-08
4.9792931e-08
5.2927717e-08
0
0
0
0
0
0
0
5.2668874e-08
5.2824326e-08
5.6493875e-08
0
0
0
0
0
0
0
0
5.8511683e-08
6.0317574e-08
0
0
0
0
0
0
0
0
0
6.8353273e-08
9.97106e-09
1.0858127e-08
1.2000495e-08
1.2568817e-08
1.2987342e-08
1.3343635e-08
1.364242e-08
1.3913434e-08
1.418465e-08
1.4552455e-08
0
2.0380693e-08
2.0724727e-08
2.2207692e-08
2.3304151e-08
2.4237993e-08
2.5021148e-08
2.5731525e-08
2.6442445e-08
2.7406577e-08
0
0
2.7379437e-08
2.7079782e-08
2.8761065e-08
3.019795e-08
3.1403688e-08
3.2497439e-08
3.3592039e-08
3.5076528e-08
0
0
0
3.2395745e-08
3.1992844e-08
3.3834353e-08
3.538348e-08
3.6789227e-08
3.819611e-08
4.0104132e-08
0
0
0
0
3.7086754e-08
3.6788335e-08
3.8686563e-08
4.0412145e-08
4.2139546e-08
4.4482301e-08
0
0
0
0
0
4.1973318e-08
4.1710055e-08
4.3790044e-08
4.5874949e-08
4.8702918e-08
0
0
0
0
0
0
4.6899734e-08
4.6814542e-08
4.9285336e-08
5.2639467e-08
0
0
0
0
0
0
0
5.2203664e-08
5.2570251e-08
5.6528775e-08
0
0
0
0
0
0
0
0
5.8529929e-08
6.0717424e-08
0
0
0
0
0
0
0
0
0
6.9300754e-08
8.810999e-09
9.3540501e-09
1.0404055e-08
1.0926856e-08
1.1311871e-08
1.1639637e-08
1.19145e-08
1.2163817e-08
1.241332e-08
1.2751681e-08
0
1.840978e-08
1.8654347e-08
2.0092452e-08
2.1156321e-08
2.2062464e-08
2.2822396e-08
2.3511709e-08
2.4201552e-08
2.5137104e-08
0
0
2.5251332e-08
2.4940507e-08
2.6616959e-08
2.8050365e-08
2.9253279e-08
3.0344478e-08
3.1436525e-08
3.291756e-08
0
0
0
3.0277934e-08
2.990058e-08
3.1766584e-08
3.3336854e-08
3.4761855e-08
3.6188015e-08
3.812219e-08
0
0
0
0
3.5052164e-08
3.481062e-08
3.675905e-08
3.8530671e-08
4.0304215e-08
4.2709564e-08
0
0
0
0
0
4.0088466e-08
3.991034e-08
4.2069758e-08
4.4234622e-08
4.7171098e-08
0
0
0
0
0
0
4.5222488e-08
4.5255095e-08
4.7846022e-08
5.1363563e-08
0
0
0
0
0
0
0
5.0805172e-08
5.134046e-08
5.5530595e-08
0
0
0
0
0
0
0
0
5.7529632e-08
6.0041592e-08
0
0
0
0
0
0
0
0
0
6.9119249e-08
7.7721382e-09
7.9277859e-09
8.8637711e-09
9.3302406e-09
9.6737836e-09
9.9662449e-09
1.0211501e-08
1.0433964e-08
1.0656593e-08
1.0958511e-08
0
1.6357902e-08
1.6422074e-08
1.7773825e-08
1.8774466e-08
1.9626823e-08
2.0341654e-08
2.0990059e-08
2.1638963e-08
2.2518998e-08
0
0
2.2841004e-08
2.2454942e-08
2.4078866e-08
2.5468122e-08
2.6634097e-08
2.7691797e-08
2.8750323e-08
3.01859e-08
0
0
0
2.7735568e-08
2.7324844e-08
2.9164946e-08
3.0714057e-08
3.2119938e-08
3.3526972e-08
3.5435214e-08
0
0
0
0
3.2465948e-08
3.2222683e-08
3.4172059e-08
3.5945027e-08
3.7719988e-08
4.0127269e-08
0
0
0
0
0
3.752737e-08
3.7378752e-08
3.9567109e-08
4.1761404e-08
4.473786e-08
0
0
0
0
0
0
4.275224e-08
4.2847159e-08
4.5502714e-08
4.9108398e-08
0
0
0
0
0
0
0
4.8498229e-08
4.9142354e-08
5.3483005e-08
0
0
0
0
0
0
0
0
5.5497158e-08
5.8247526e-08
0
0
0
0
0
0
0
0
0
6.7729126e-08
6.7895246e-09
6.5367527e-09
7.3445232e-09
7.747511e-09
8.0443143e-09
8.2969864e-09
8.5088762e-09
8.7010735e-09
8.8934153e-09
9.1542597e-09
0
1.4224138e-08
1.403526e-08
1.5262612e-08
1.6171874e-08
1.6946468e-08
1.759609e-08
1.8185348e-08
1.8775059e-08
1.9574821e-08
0
0
2.0157336e-08
1.9630385e-08
2.1152532e-08
2.2455581e-08
2.3549334e-08
2.4541529e-08
2.5534502e-08
2.688118e-08
0
0
0
2.4769941e-08
2.4261475e-08
2.6020372e-08
2.750186e-08
2.8846466e-08
3.0192185e-08
3.2017276e-08
0
0
0
0
2.931466e-08
2.900248e-08
3.0896135e-08
3.2618999e-08
3.4343881e-08
3.6683254e-08
0
0
0
0
0
3.4255546e-08
3.4069824e-08
3.6226514e-08
3.8389557e-08
4.1323691e-08
0
0
0
0
0
0
3.9428967e-08
3.9517069e-08
4.2167962e-08
4.5767803e-08
0
0
0
0
0
0
0
4.5191821e-08
4.5867128e-08
5.0252926e-08
0
0
0
0
0
0
0
0
5.2301267e-08
5.5172937e-08
0
0
0
0
0
0
0
0
0
6.492604e-08
5.9753827e-09
5.3409126e-09
6.0217358e-09
6.3617217e-09
6.6121354e-09
6.825316e-09
7.0040887e-09
7.1662467e-09
7.328527e-09
7.5486039e-09
0
1.2258598e-08
1.1771824e-08
1.2849919e-08
1.3649304e-08
1.4330372e-08
1.4901564e-08
1.541968e-08
1.5938197e-08
1.6641406e-08
0
0
1.7505422e-08
1.6783089e-08
1.816201e-08
1.9343361e-08
2.0335102e-08
2.123477e-08
2.2135145e-08
2.3356244e-08
0
0
0
2.1705435e-08
2.1039663e-08
2.2665833e-08
2.4036342e-08
2.528033e-08
2.6525358e-08
2.8213893e-08
0
0
0
0
2.5928972e-08
2.5481092e-08
2.7262446e-08
2.8883787e-08
3.0507119e-08
3.2708775e-08
0
0
0
0
0
3.0600738e-08
3.0307779e-08
3.2368802e-08
3.4436476e-08
3.7241321e-08
0
0
0
0
0
0
3.5569599e-08
3.5574547e-08
3.814409e-08
4.1634029e-08
0
0
0
0
0
0
0
4.1184305e-08
4.1801164e-08
4.6110303e-08
0
0
0
0
0
0
0
0
4.8210898e-08
5.1062205e-08
0
0
0
0
0
0
0
0
0
6.0916073e-08
5.2624234e-09
4.2833396e-09
4.8458657e-09
5.1269915e-09
5.3340613e-09
5.5103431e-09
5.6581727e-09
5.7922636e-09
5.9264557e-09
6.1084412e-09
0
1.0463295e-08
9.6631274e-09
1.0581402e-08
1.1262889e-08
1.184358e-08
1.2330596e-08
1.2772359e-08
1.3214463e-08
1.3814043e-08
0
0
1.4954386e-08
1.3999418e-08
1.5205963e-08
1.6240522e-08
1.710917e-08
1.7897186e-08
1.8685822e-08
1.9755382e-08
0
0
0
1.8645414e-08
1.7774137e-08
1.9225412e-08
2.0449358e-08
2.1560425e-08
2.2672432e-08
2.4180565e-08
0
0
0
0
2.2433137e-08
2.1789959e-08
2.3408168e-08
2.4881715e-08
2.6357169e-08
2.8358278e-08
0
0
0
0
0
2.6698749e-08
2.6231251e-08
2.8134929e-08
3.0045389e-08
3.2637057e-08
0
0
0
0
0
0
3.1312262e-08
3.1156527e-08
3.3566607e-08
3.6840609e-08
0
0
0
0
0
0
0
3.6607356e-08
3.7070106e-08
4.1172325e-08
0
0
0
0
0
0
0
0
4.3339861e-08
4.6011878e-08
0
0
0
0
0
0
0
0
0
5.5762824e-08
4.6902469e-09
3.4173917e-09
3.8774587e-09
4.1074757e-09
4.2769055e-09
4.4211443e-09
4.5421026e-09
4.6518197e-09
4.7616197e-09
4.9105258e-09
0
8.9482229e-09
7.8536358e-09
8.6190676e-09
9.1875422e-09
9.6719908e-09
1.0078295e-08
1.0446845e-08
1.0815682e-08
1.1315897e-08
0
0
1.2701902e-08
1.1504092e-08
1.2528834e-08
1.3408239e-08
1.4146737e-08
1.4816695e-08
1.5487182e-08
1.6396507e-08
0
0
0
1.5845955e-08
1.4743367e-08
1.5996366e-08
1.7053854e-08
1.8013921e-08
1.8974811e-08
2.0277997e-08
0
0
0
0
1.9129074e-08
1.8250145e-08
1.9670133e-08
2.0963859e-08
2.2259359e-08
2.4016412e-08
0
0
0
0
0
2.2889144e-08
2.219448e-08
2.3892189e-08
2.5596602e-08
2.7908841e-08
0
0
0
0
0
0
2.7024014e-08
2.6640905e-08
2.8823992e-08
3.1790319e-08
0
0
0
0
0
0
0
3.1846715e-08
3.2066654e-08
3.584081e-08
0
0
0
0
0
0
0
0
3.8082782e-08
4.0417697e-08
0
0
0
0
0
0
0
0
0
4.9847485e-08
4.198131e-09
2.666377e-09
3.0369314e-09
3.2222507e-09
3.3587591e-09
3.4749714e-09
3.5724269e-09
3.6608255e-09
3.7492909e-09
3.8692644e-09
0
7.6327917e-09
6.2794201e-09
6.9086114e-09
7.3761045e-09
7.7745293e-09
8.1086892e-09
8.4117998e-09
8.7151454e-09
9.1265427e-09
0
0
1.0724393e-08
9.2974352e-09
1.0148823e-08
1.0879935e-08
1.1493987e-08
1.2051058e-08
1.2608569e-08
1.3364675e-08
0
0
0
1.3340443e-08
1.2005536e-08
1.3057941e-08
1.3946711e-08
1.4753689e-08
1.5561366e-08
1.6656762e-08
0
0
0
0
1.6104867e-08
1.4974909e-08
1.6182538e-08
1.7283362e-08
1.8385783e-08
1.9880975e-08
0
0
0
0
0
1.9313335e-08
1.8361894e-08
1.9825663e-08
2.1295811e-08
2.3290325e-08
0
0
0
0
0
0
2.2893263e-08
2.2237124e-08
2.4146478e-08
2.674153e-08
0
0
0
0
0
0
0
2.7132251e-08
2.7040217e-08
3.0391326e-08
0
0
0
0
0
0
0
0
3.2705883e-08
3.4567063e-08
0
0
0
0
0
0
0
0
0
4.3466455e-08
3.8194519e-09
2.0662304e-09
2.3593103e-09
2.5059713e-09
2.6140054e-09
2.7059772e-09
2.7831046e-09
2.8530643e-09
2.923077e-09
3.0180257e-09
0
6.5433458e-09
4.9693263e-09
5.4819579e-09
5.8629099e-09
6.1875913e-09
6.4599042e-09
6.7069146e-09
6.9541168e-09
7.2893729e-09
0
0
9.0707247e-09
7.4447992e-09
8.1443113e-09
8.745192e-09
9.2499071e-09
9.7077914e-09
1.0166038e-08
1.0787521e-08
0
0
0
1.1222255e-08
9.6768225e-09
1.0546106e-08
1.1280534e-08
1.1947426e-08
1.2614902e-08
1.3520153e-08
0
0
0
0
1.3508256e-08
1.2139676e-08
1.3144139e-08
1.4060141e-08
1.4977534e-08
1.6221782e-08
0
0
0
0
0
1.6181662e-08
1.4973277e-08
1.6201794e-08
1.7436114e-08
1.9110752e-08
0
0
0
0
0
0
1.9194283e-08
1.825047e-08
1.9870233e-08
2.2072249e-08
0
0
0
0
0
0
0
2.2803694e-08
2.2364354e-08
2.5243022e-08
0
0
0
0
0
0
0
0
2.7618295e-08
2.8915854e-08
0
0
0
0
0
0
0
0
0
3.7118542e-08
3.5245094e-09
1.5869646e-09
1.8132098e-09
1.9265545e-09
2.01005e-09
2.0811317e-09
2.1407407e-09
2.1948101e-09
2.2489204e-09
2.3223029e-09
0
5.6337312e-09
3.864507e-09
4.2750198e-09
4.5801798e-09
4.8402729e-09
5.0584159e-09
5.2562899e-09
5.4543177e-09
5.7228836e-09
0
0
7.6691039e-09
5.8735296e-09
6.4432873e-09
6.9327621e-09
7.3439136e-09
7.7169177e-09
8.0902173e-09
8.5964938e-09
0
0
0
9.4258626e-09
7.7004665e-09
8.4124159e-09
9.0140041e-09
9.5602911e-09
1.0107059e-08
1.0848603e-08
0
0
0
0
1.1300403e-08
9.7230549e-09
1.0548724e-08
1.1301831e-08
1.2056112e-08
1.3079138e-08
0
0
0
0
0
1.3499929e-08
1.2058614e-08
1.3072776e-08
1.4091968e-08
1.5474775e-08
0
0
0
0
0
0
1.5989935e-08
1.4774303e-08
1.6119244e-08
1.7948003e-08
0
0
0
0
0
0
0
1.8992932e-08
1.8209709e-08
2.0619049e-08
0
0
0
0
0
0
0
0
2.303745e-08
2.3744391e-08
0
0
0
0
0
0
0
0
0
3.1157655e-08
3.2983447e-09
1.2168813e-09
1.3888827e-09
1.4751312e-09
1.5386702e-09
1.5927624e-09
1.6381242e-09
1.6792703e-09
1.7204476e-09
1.7762907e-09
0
4.9037518e-09
2.9595293e-09
3.2788503e-09
3.5164404e-09
3.7189617e-09
3.88882e-09
4.0428958e-09
4.1970914e-09
4.4062122e-09
0
0
6.4942785e-09
4.547879e-09
5.0030776e-09
5.3942887e-09
5.7229179e-09
6.0210576e-09
6.3194338e-09
6.7240981e-09
0
0
0
7.90384e-09
6.0232157e-09
6.5996346e-09
7.0867632e-09
7.52912e-09
7.9718671e-09
8.5723361e-09
0
0
0
0
9.4263392e-09
7.6714267e-09
8.3446994e-09
8.9588395e-09
9.5739452e-09
1.040821e-08
0
0
0
0
0
1.1223433e-08
9.5831668e-09
1.0413584e-08
1.1248185e-08
1.2380558e-08
0
0
0
0
0
0
1.3264644e-08
1.1812305e-08
1.2916971e-08
1.4419161e-08
0
0
0
0
0
0
0
1.5733578e-08
1.4641351e-08
1.6627529e-08
0
0
0
0
0
0
0
0
1.907343e-08
1.9225171e-08
0
0
0
0
0
0
0
0
0
2.5847069e-08
3.1273896e-09
9.374716e-10
1.0683184e-09
1.1339196e-09
1.1822492e-09
1.2233936e-09
1.2578972e-09
1.2891943e-09
1.3205151e-09
1.3629911e-09
0
4.3478883e-09
2.2591019e-09
2.5015555e-09
2.6821559e-09
2.8361252e-09
2.9652641e-09
3.0824042e-09
3.1996353e-09
3.3586247e-09
0
0
5.5555943e-09
3.4729431e-09
3.8250066e-09
4.1278999e-09
4.3823835e-09
4.6132598e-09
4.8443195e-09
5.1576877e-09
0
0
0
6.6488917e-09
4.6277437e-09
5.0821884e-09
5.4664594e-09
5.8154359e-09
6.1647221e-09
6.6384364e-09
0
0
0
0
7.8546036e-09
5.9426262e-09
6.4816263e-09
6.9733932e-09
7.465945e-09
8.1339921e-09
0
0
0
0
0
9.2993562e-09
7.4874567e-09
8.1594891e-09
8.834954e-09
9.7514211e-09
0
0
0
0
0
0
1.0956425e-08
9.3026859e-09
1.0202646e-08
1.1426497e-08
0
0
0
0
0
0
0
1.297206e-08
1.1616648e-08
1.3241572e-08
0
0
0
0
0
0
0
0
1.5708519e-08
1.5378131e-08
0
0
0
0
0
0
0
0
0
2.1284346e-08
2.9979817e-09
7.2552376e-10
8.2519655e-10
8.7515936e-10
9.119672e-10
9.4330269e-10
9.6958062e-10
9.9341641e-10
1.0172702e-09
1.0496199e-09
0
3.9277462e-09
1.7307462e-09
1.9144192e-09
2.0512406e-09
2.1678964e-09
2.2657409e-09
2.3544943e-09
2.4433166e-09
2.5637778e-09
0
0
4.8417837e-09
2.6468703e-09
2.9127621e-09
3.1417429e-09
3.3341717e-09
3.5087537e-09
3.6834746e-09
3.9204349e-09
0
0
0
5.666587e-09
3.5210298e-09
3.8673159e-09
4.1604329e-09
4.4266687e-09
4.6931441e-09
5.0545477e-09
0
0
0
0
6.5869599e-09
4.5318802e-09
4.9489859e-09
5.3297895e-09
5.7112327e-09
6.2285856e-09
0
0
0
0
0
7.7093657e-09
5.7415674e-09
6.2703446e-09
6.8020029e-09
7.5233736e-09
0
0
0
0
0
0
9.0195583e-09
7.1866223e-09
7.9049673e-09
8.8819573e-09
0
0
0
0
0
0
0
1.0636003e-08
9.0521131e-09
1.0363672e-08
0
0
0
0
0
0
0
0
1.2853894e-08
1.2112333e-08
0
0
0
0
0
0
0
0
0
1.7409411e-08
2.8997936e-09
5.655035e-10
6.4147137e-10
6.7955803e-10
7.0761664e-10
7.3150365e-10
7.5153526e-10
7.6970523e-10
7.8788893e-10
8.1254892e-10
0
3.6081182e-09
1.3287699e-09
1.4682764e-09
1.5721549e-09
1.6607168e-09
1.7349973e-09
1.8023761e-09
1.8698072e-09
1.9612576e-09
0
0
4.302755e-09
2.0250276e-09
2.226395e-09
2.3997506e-09
2.545436e-09
2.6776112e-09
2.8098916e-09
2.9892932e-09
0
0
0
4.9271986e-09
2.684626e-09
2.9453713e-09
3.1661596e-09
3.3667221e-09
3.5674678e-09
3.8397263e-09
0
0
0
0
5.6191014e-09
3.444068e-09
3.7582423e-09
4.0452667e-09
4.3328066e-09
4.7228007e-09
0
0
0
0
0
6.4642233e-09
4.3580835e-09
4.7596399e-09
5.1636311e-09
5.7118119e-09
0
0
0
0
0
0
7.4615071e-09
5.4650977e-09
6.018166e-09
6.7706275e-09
0
0
0
0
0
0
0
8.7118535e-09
6.9193328e-09
7.9455765e-09
0
0
0
0
0
0
0
0
1.0459072e-08
9.3499406e-09
0
0
0
0
0
0
0
0
0
1.4120163e-08
2.8243504e-09
4.4424807e-10
5.0266357e-10
5.3193463e-10
5.5349876e-10
5.7185685e-10
5.8725192e-10
6.0121623e-10
6.1519109e-10
6.3414319e-10
0
3.3681413e-09
1.0253692e-09
1.1307518e-09
1.209257e-09
1.2761886e-09
1.3323266e-09
1.3832486e-09
1.4342101e-09
1.5033243e-09
0
0
3.8917977e-09
1.5505444e-09
1.7030508e-09
1.8343224e-09
1.9446302e-09
2.0447075e-09
2.1448645e-09
2.2806994e-09
0
0
0
4.3651179e-09
2.0514066e-09
2.2492259e-09
2.4166428e-09
2.5687126e-09
2.7209209e-09
2.9273513e-09
0
0
0
0
4.8904363e-09
2.6268787e-09
2.8641747e-09
3.0809205e-09
3.2980573e-09
3.5925636e-09
0
0
0
0
0
5.5280695e-09
3.3143626e-09
3.6159825e-09
3.9194904e-09
4.3313403e-09
0
0
0
0
0
0
6.2758287e-09
4.1436577e-09
4.5587144e-09
5.1235908e-09
0
0
0
0
0
0
0
7.2139552e-09
5.2379177e-09
6.0129678e-09
0
0
0
0
0
0
0
0
8.5383347e-09
7.094169e-09
0
0
0
0
0
0
0
0
0
1.1380384e-08
2.7656982e-09
3.5144935e-10
3.9686e-10
4.1960382e-10
4.3635871e-10
4.5062255e-10
4.6258418e-10
4.7343414e-10
4.8429227e-10
4.990176e-10
0
3.1877558e-09
7.9857904e-10
8.7873512e-10
9.3842037e-10
9.8930675e-10
1.0319874e-09
1.0707023e-09
1.1094473e-09
1.1619933e-09
0
0
3.5850029e-09
1.1947681e-09
1.3093849e-09
1.4080896e-09
1.4910409e-09
1.5662992e-09
1.6416173e-09
1.7437653e-09
0
0
0
3.9399369e-09
1.5700923e-09
1.7187773e-09
1.8446646e-09
1.9590131e-09
2.0734652e-09
2.2286892e-09
0
0
0
0
4.3347079e-09
2.0037977e-09
2.1830722e-09
2.3467981e-09
2.5108109e-09
2.7332635e-09
0
0
0
0
0
4.8171814e-09
2.5248207e-09
2.7531735e-09
2.9828809e-09
3.2945768e-09
0
0
0
0
0
0
5.3837193e-09
3.1521349e-09
3.4652757e-09
3.8913911e-09
0
0
0
0
0
0
0
6.0905407e-09
3.9740082e-09
4.5553336e-09
0
0
0
0
0
0
0
0
7.0815396e-09
5.3612647e-09
0
0
0
0
0
0
0
0
0
9.2153442e-09
2.7191991e-09
2.7917231e-10
3.1486934e-10
3.3273717e-10
3.4589971e-10
3.5710528e-10
3.6650225e-10
3.7502589e-10
3.8355596e-10
3.9512404e-10
0
3.0503709e-09
6.2682051e-10
6.8838071e-10
7.3420421e-10
7.7326898e-10
8.0603391e-10
8.3575446e-10
8.6549805e-10
9.0583627e-10
0
0
3.3544998e-09
9.2873381e-10
1.0157246e-09
1.0905881e-09
1.1534969e-09
1.2105715e-09
1.2676915e-09
1.3451586e-09
0
0
0
3.623523e-09
1.212029e-09
1.3238073e-09
1.4184314e-09
1.5043862e-09
1.5904195e-09
1.7071008e-09
0
0
0
0
3.919671e-09
1.5361601e-09
1.6700692e-09
1.7924136e-09
1.9149806e-09
2.08122e-09
0
0
0
0
0
4.2793014e-09
1.9245335e-09
2.095246e-09
2.2670229e-09
2.5001139e-09
0
0
0
0
0
0
4.7029474e-09
2.3950371e-09
2.6304527e-09
2.9507915e-09
0
0
0
0
0
0
0
5.2354309e-09
3.0155981e-09
3.4543557e-09
0
0
0
0
0
0
0
0
5.984115e-09
4.0620744e-09
0
0
0
0
0
0
0
0
0
7.5839681e-09
2.681751e-09
2.2187833e-10
2.5021551e-10
2.643915e-10
2.7483408e-10
2.8372406e-10
2.9117918e-10
2.9794145e-10
3.0470881e-10
3.1388639e-10
0
2.9442259e-09
4.9531518e-10
5.431338e-10
5.7870847e-10
6.0903433e-10
6.3446952e-10
6.5754136e-10
6.8063107e-10
7.1194529e-10
0
0
3.179702e-09
7.2756516e-10
7.9410291e-10
8.5135367e-10
8.994598e-10
9.4310402e-10
9.8678287e-10
1.0460209e-09
0
0
0
3.3849778e-09
9.429421e-10
1.0277996e-09
1.0996112e-09
1.1648373e-09
1.2301224e-09
1.3186642e-09
0
0
0
0
3.6094176e-09
1.1880278e-09
1.2890614e-09
1.3813246e-09
1.4737506e-09
1.5991091e-09
0
0
0
0
0
3.8804001e-09
1.4795607e-09
1.6072903e-09
1.7358e-09
1.9101825e-09
0
0
0
0
0
0
4.1966048e-09
1.8293881e-09
2.0042941e-09
2.2423429e-09
0
0
0
0
0
0
0
4.5912829e-09
2.2891234e-09
2.6149017e-09
0
0
0
0
0
0
0
0
5.1476602e-09
3.0697439e-09
0
0
0
0
0
0
0
0
0
6.3487228e-09
2.6512355e-09
1.7570888e-10
1.9834489e-10
2.0966359e-10
2.1800115e-10
2.2509908e-10
2.3105139e-10
2.3645051e-10
2.418537e-10
2.4918126e-10
0
2.8606581e-09
3.9277751e-10
4.303525e-10
4.58292e-10
4.8210729e-10
5.0208166e-10
5.2020007e-10
5.383325e-10
5.6292367e-10
0
0
3.0451729e-09
5.7367745e-10
6.2519592e-10
6.6949756e-10
7.0671842e-10
7.4048669e-10
7.7428174e-10
8.2011514e-10
0
0
0
3.2037703e-09
7.3928507e-10
8.0428095e-10
8.5926164e-10
9.0919866e-10
9.5918071e-10
1.026968e-09
0
0
0
0
3.3752661e-09
9.257138e-10
1.002389e-09
1.0724043e-09
1.1425419e-09
1.2376702e-09
0
0
0
0
0
3.5803885e-09
1.145757e-09
1.2421168e-09
1.3390507e-09
1.4705813e-09
0
0
0
0
0
0
3.8185419e-09
1.4087845e-09
1.5401224e-09
1.7188285e-09
0
0
0
0
0
0
0
4.1145044e-09
1.7523671e-09
1.9951994e-09
0
0
0
0
0
0
0
0
4.5277743e-09
2.3294732e-09
0
0
0
0
0
0
0
0
0
5.4131773e-09
2.6262482e-09
1.380846e-10
1.5619507e-10
1.6524819e-10
1.7191674e-10
1.7759381e-10
1.8235459e-10
1.8667292e-10
1.9099451e-10
1.9685526e-10
0
2.7937034e-09
3.1136005e-10
3.4116127e-10
3.6330953e-10
3.8218698e-10
3.9801974e-10
4.1238136e-10
4.267541e-10
4.4624637e-10
0
0
2.9397654e-09
4.5384894e-10
4.9419415e-10
5.288693e-10
5.5799933e-10
5.84427e-10
6.1087559e-10
6.4674559e-10
0
0
0
3.0637298e-09
5.8269301e-10
6.3307859e-10
6.7568274e-10
7.1437559e-10
7.5310298e-10
8.0562627e-10
0
0
0
0
3.196364e-09
7.2627684e-10
7.8517168e-10
8.3892951e-10
8.927778e-10
9.6581241e-10
0
0
0
0
0
3.3535467e-09
8.941907e-10
9.6751287e-10
1.0412516e-09
1.141307e-09
0
0
0
0
0
0
3.5342803e-09
1.0929239e-09
1.1919596e-09
1.3267106e-09
0
0
0
0
0
0
0
3.7567741e-09
1.3504093e-09
1.5323476e-09
0
0
0
0
0
0
0
0
4.0657585e-09
1.7811216e-09
0
0
0
0
0
0
0
0
0
4.7229899e-09
2.6058352e-09
1.0728762e-10
1.2172546e-10
1.2894197e-10
1.3425762e-10
1.3878293e-10
1.4257785e-10
1.4602009e-10
1.4946493e-10
1.5413668e-10
0
2.7393406e-09
2.4569376e-10
2.6945385e-10
2.8710566e-10
3.0214975e-10
3.1476733e-10
3.2621252e-10
3.3766656e-10
3.5320052e-10
0
0
2.8557074e-09
3.5885056e-10
3.9074397e-10
4.1814203e-10
4.4115632e-10
4.6203535e-10
4.8293091e-10
5.1126979e-10
0
0
0
2.9535743e-09
4.6018469e-10
4.9967844e-10
5.3305737e-10
5.6336956e-10
5.9370859e-10
6.348553e-10
0
0
0
0
3.0573351e-09
5.7205889e-10
6.1780906e-10
6.5955374e-10
7.0136657e-10
7.5807725e-10
0
0
0
0
0
3.1791506e-09
7.0163241e-10
7.5806484e-10
8.148046e-10
8.9179214e-10
0
0
0
0
0
0
3.317875e-09
8.535638e-10
9.2912915e-10
1.0319256e-09
0
0
0
0
0
0
0
3.4871618e-09
1.0486795e-09
1.1862566e-09
0
0
0
0
0
0
0
0
3.7199073e-09
1.3713687e-09
0
0
0
0
0
0
0
0
0
4.208556e-09
2.5893128e-09
8.215513e-11
9.3566542e-11
9.9270959e-11
1.034728e-10
1.070499e-10
1.1004965e-10
1.1277063e-10
1.1549366e-10
1.1918654e-10
0
2.6949082e-09
1.9220476e-10
2.1115268e-10
2.2522628e-10
2.3722027e-10
2.4727965e-10
2.5640434e-10
2.655361e-10
2.7792059e-10
0
0
2.7877548e-09
2.8239663e-10
3.0774515e-10
3.2951268e-10
3.4779582e-10
3.643825e-10
3.809823e-10
4.0349523e-10
0
0
0
2.8654969e-09
3.6269244e-10
3.9390227e-10
4.2026942e-10
4.4421241e-10
4.6817646e-10
5.0067723e-10
0
0
0
0
2.9473868e-09
4.5070459e-10
4.8660159e-10
5.1934484e-10
5.5213977e-10
5.9661932e-10
0
0
0
0
0
3.0427892e-09
5.5180731e-10
5.9572813e-10
6.3987547e-10
6.99775e-10
0
0
0
0
0
0
3.1505e-09
6.6930225e-10
7.2760066e-10
8.0689209e-10
0
0
0
0
0
0
0
3.2807214e-09
8.1871396e-10
9.2384104e-10
0
0
0
0
0
0
0
0
3.4578478e-09
1.0630487e-09
0
0
0
0
0
0
0
0
0
3.8246124e-09
2.5761402e-09
6.1848478e-11
7.0751106e-11
7.5202783e-11
7.8481886e-11
8.127345e-11
8.3614455e-11
8.5737902e-11
8.786296e-11
9.0744887e-11
0
2.6586285e-09
1.4852407e-10
1.6355874e-10
1.7472517e-10
1.8424141e-10
1.9222268e-10
1.9946234e-10
2.0670763e-10
2.1653368e-10
0
0
2.7324255e-09
2.2029741e-10
2.4045267e-10
2.5775667e-10
2.7228995e-10
2.8547464e-10
2.9866975e-10
3.165652e-10
0
0
0
2.7942591e-09
2.8410328e-10
3.0886164e-10
3.2977227e-10
3.4875942e-10
3.6776316e-10
3.9353661e-10
0
0
0
0
2.8591886e-09
3.5375204e-10
3.8210238e-10
4.0795472e-10
4.3384665e-10
4.689636e-10
0
0
0
0
0
2.9344492e-09
4.3329173e-10
4.6776951e-10
5.0241612e-10
5.4942364e-10
0
0
0
0
0
0
3.0188502e-09
5.2505133e-10
5.704804e-10
6.3225704e-10
0
0
0
0
0
0
0
3.1200708e-09
6.4071842e-10
7.2193473e-10
0
0
0
0
0
0
0
0
3.2563944e-09
8.2778773e-10
0
0
0
0
0
0
0
0
0
3.5343844e-09
2.565842e-09
4.569681e-11
5.252753e-11
5.594486e-11
5.8462108e-11
6.0605093e-11
6.2402202e-11
6.40323e-11
6.5663637e-11
6.7876003e-11
0
2.6292489e-09
1.1302895e-10
1.2484072e-10
1.3361453e-10
1.4109178e-10
1.4736295e-10
1.5305141e-10
1.587443e-10
1.6646501e-10
0
0
2.6873848e-09
1.6975724e-10
1.8570699e-10
1.9939958e-10
2.1089942e-10
2.2133212e-10
2.3177306e-10
2.4593328e-10
0
0
0
2.73637e-09
2.2034069e-10
2.399576e-10
2.5652316e-10
2.7156441e-10
2.8661876e-10
3.0703593e-10
0
0
0
0
2.7878334e-09
2.75516e-10
2.9794849e-10
3.1840038e-10
3.3888287e-10
3.6666302e-10
0
0
0
0
0
2.8473667e-09
3.3834207e-10
3.6553213e-10
3.9284977e-10
4.2991269e-10
0
0
0
0
0
0
2.9138611e-09
4.104685e-10
4.46114e-10
4.9457872e-10
0
0
0
0
0
0
0
2.9931428e-09
5.0077698e-10
5.6406961e-10
0
0
0
0
0
0
0
0
3.0990497e-09
6.454298e-10
0
0
0
0
0
0
0
0
0
3.3119631e-09
2.5579714e-09
3.3105457e-11
3.8246033e-11
4.0819512e-11
4.2715221e-11
4.4329079e-11
4.5682463e-11
4.6910074e-11
4.8138621e-11
4.9804739e-11
0
2.6057975e-09
8.4518595e-11
9.3668078e-11
1.0046628e-10
1.0626003e-10
1.1111927e-10
1.1552701e-10
1.1993817e-10
1.2592061e-10
0
0
2.6509892e-09
1.2884175e-10
1.4134283e-10
1.5207589e-10
1.6109021e-10
1.6926804e-10
1.7745235e-10
1.8855206e-10
0
0
0
2.6894508e-09
1.6864704e-10
1.8409347e-10
1.9713695e-10
2.0898007e-10
2.2083348e-10
2.3690947e-10
0
0
0
0
2.730019e-09
2.1218061e-10
2.2987503e-10
2.4600561e-10
2.6216e-10
2.8406997e-10
0
0
0
0
0
2.7770041e-09
2.6175967e-10
2.8319881e-10
3.0473567e-10
3.3395513e-10
0
0
0
0
0
0
2.8294283e-09
3.1856578e-10
3.466061e-10
3.8472594e-10
0
0
0
0
0
0
0
2.8917416e-09
3.8940339e-10
4.3897766e-10
0
0
0
0
0
0
0
0
2.9745178e-09
5.0206208e-10
0
0
0
0
0
0
0
0
0
3.1390111e-09
2.5521007e-09
2.3513092e-11
2.7301068e-11
2.9198943e-11
3.059703e-11
3.1787255e-11
3.278538e-11
3.3690748e-11
3.4596807e-11
3.582558e-11
0
2.5874337e-09
6.2004601e-11
6.8968978e-11
7.4145878e-11
7.855812e-11
8.2258699e-11
8.5615437e-11
8.8974788e-11
9.3530762e-11
0
0
2.6219737e-09
9.6104034e-11
1.0576821e-10
1.1406772e-10
1.2103848e-10
1.2736239e-10
1.3369132e-10
1.4227474e-10
0
0
0
2.6517758e-09
1.2705735e-10
1.3908924e-10
1.4925051e-10
1.5847675e-10
1.6771102e-10
1.8023484e-10
0
0
0
0
2.6834333e-09
1.6110388e-10
1.7495077e-10
1.8757392e-10
2.0021565e-10
2.1736145e-10
0
0
0
0
0
2.7202505e-09
2.000016e-10
2.1682109e-10
2.3371632e-10
2.5663819e-10
0
0
0
0
0
0
2.7614092e-09
2.4461277e-10
2.6662132e-10
2.9653894e-10
0
0
0
0
0
0
0
2.8103234e-09
3.0018007e-10
3.3903155e-10
0
0
0
0
0
0
0
0
2.8751339e-09
3.8819997e-10
0
0
0
0
0
0
0
0
0
3.0029103e-09
2.5478286e-09
1.6382788e-11
1.9113947e-11
2.0483592e-11
2.1492598e-11
2.2351592e-11
2.3071946e-11
2.3725357e-11
2.4379268e-11
2.5266086e-11
0
2.5733744e-09
4.4594762e-11
4.9791385e-11
5.3656464e-11
5.6950893e-11
5.9713976e-11
6.2220329e-11
6.4728635e-11
6.813042e-11
0
0
2.5992609e-09
7.0347664e-11
7.7692247e-11
8.4002239e-11
8.9302367e-11
9.4110709e-11
9.8922866e-11
1.0544923e-10
0
0
0
2.6219709e-09
9.4044986e-11
1.0328113e-10
1.1108317e-10
1.181675e-10
1.2525801e-10
1.3487441e-10
0
0
0
0
2.6463294e-09
1.2032928e-10
1.3103471e-10
1.4079505e-10
1.5056986e-10
1.6382731e-10
0
0
0
0
0
2.6748503e-09
1.5053481e-10
1.6360511e-10
1.7673454e-10
1.9454734e-10
0
0
0
0
0
0
2.7068829e-09
1.8530649e-10
2.0246266e-10
2.2578357e-10
0
0
0
0
0
0
0
2.7450513e-09
2.2869351e-10
2.5901792e-10
0
0
0
0
0
0
0
0
2.7956503e-09
2.9737215e-10
0
0
0
0
0
0
0
0
0
2.8950369e-09
2.5447928e-09
1.1212242e-11
1.3139596e-11
1.4107101e-11
1.481989e-11
1.5426707e-11
1.5935586e-11
1.6397176e-11
1.6859118e-11
1.7485594e-11
0
2.5628706e-09
3.1445001e-11
3.5240643e-11
3.8065667e-11
4.0473823e-11
4.2493598e-11
4.4325708e-11
4.6159248e-11
4.8645914e-11
0
0
2.5818629e-09
5.0497536e-11
5.5971545e-11
6.0676946e-11
6.4629669e-11
6.8215662e-11
7.1804503e-11
7.667178e-11
0
0
0
2.5988382e-09
6.8308438e-11
7.5274839e-11
8.1161652e-11
8.65072e-11
9.1857439e-11
9.9113628e-11
0
0
0
0
2.6172611e-09
8.8272581e-11
9.6421711e-11
1.0385287e-10
1.1129524e-10
1.2138925e-10
0
0
0
0
0
2.6390257e-09
1.1140208e-10
1.2142466e-10
1.3149356e-10
1.4515421e-10
0
0
0
0
0
0
2.6636421e-09
1.3819254e-10
1.5142059e-10
1.6940232e-10
0
0
0
0
0
0
0
2.6931248e-09
1.7176782e-10
1.9523945e-10
0
0
0
0
0
0
0
0
2.7323435e-09
2.2504835e-10
0
0
0
0
0
0
0
0
0
2.8094157e-09
2.542637e-09
7.5031339e-12
8.8354242e-12
9.5048921e-12
9.9981354e-12
1.0418049e-11
1.077019e-11
1.1089607e-11
1.1409269e-11
1.1842789e-11
0
2.555167e-09
2.1704769e-11
2.4417058e-11
2.6437337e-11
2.8159687e-11
2.960428e-11
3.0914652e-11
3.2226047e-11
3.4004577e-11
0
0
2.568797e-09
3.5496279e-11
3.9491214e-11
4.2927409e-11
4.58143e-11
4.8433379e-11
5.1054542e-11
5.4609433e-11
0
0
0
2.5812223e-09
4.8612529e-11
5.3764379e-11
5.811984e-11
6.2075106e-11
6.6033867e-11
7.1402889e-11
0
0
0
0
2.5948872e-09
6.3494203e-11
6.9585993e-11
7.5142634e-11
8.0707869e-11
8.8255965e-11
0
0
0
0
0
2.6112037e-09
8.0907777e-11
8.8468915e-11
9.606626e-11
1.0637386e-10
0
0
0
0
0
0
2.6298242e-09
1.0124376e-10
1.1129809e-10
1.2496656e-10
0
0
0
0
0
0
0
2.652289e-09
1.2690101e-10
1.4485073e-10
0
0
0
0
0
0
0
0
2.6823524e-09
1.6783694e-10
0
0
0
0
0
0
0
0
0
2.7416981e-09
2.5412147e-09
4.9838021e-12
5.8883562e-12
6.3433272e-12
6.6785547e-12
6.9639455e-12
7.2032755e-12
7.4203649e-12
7.6376208e-12
7.9322594e-12
0
2.5497427e-09
1.4757372e-11
1.6654937e-11
1.806953e-11
1.9275662e-11
2.0287299e-11
2.1204944e-11
2.2123306e-11
2.3368801e-11
0
0
2.5593159e-09
2.4525469e-11
2.7379037e-11
2.9835272e-11
3.1899151e-11
3.3771594e-11
3.5645529e-11
3.8187012e-11
0
0
0
2.5682165e-09
3.3980497e-11
3.7711814e-11
4.0868054e-11
4.3734527e-11
4.6603555e-11
5.0494645e-11
0
0
0
0
2.5781437e-09
4.4850377e-11
4.9314934e-11
5.3388739e-11
5.7469053e-11
6.3003179e-11
0
0
0
0
0
2.5901385e-09
5.7713922e-11
6.3313806e-11
6.8941793e-11
7.6577662e-11
0
0
0
0
0
0
2.6039709e-09
7.288451e-11
8.039877e-11
9.0615285e-11
0
0
0
0
0
0
0
2.6208107e-09
9.2190028e-11
1.0571281e-10
0
0
0
0
0
0
0
0
2.6435322e-09
1.2323641e-10
0
0
0
0
0
0
0
0
0
2.6887466e-09
2.5402606e-09
3.2707645e-12
3.8750895e-12
4.1793181e-12
4.4034892e-12
4.5943344e-12
4.7543782e-12
4.8995494e-12
5.0448321e-12
5.241862e-12
0
2.5459702e-09
9.8769228e-12
1.1178354e-11
1.2149351e-11
1.2977362e-11
1.3671864e-11
1.4301839e-11
1.4932307e-11
1.5787357e-11
0
0
2.5525583e-09
1.6651637e-11
1.8647284e-11
2.0366382e-11
2.1811102e-11
2.3121836e-11
2.4433617e-11
2.6212693e-11
0
0
0
2.558799e-09
2.3322667e-11
2.5968434e-11
2.8207801e-11
3.0241774e-11
3.2277578e-11
3.503862e-11
0
0
0
0
2.5658591e-09
3.1096505e-11
3.4301414e-11
3.7227044e-11
4.015753e-11
4.4132163e-11
0
0
0
0
0
2.5744965e-09
4.040808e-11
4.4473915e-11
4.8561317e-11
5.4107127e-11
0
0
0
0
0
0
2.5845721e-09
5.1510948e-11
5.7022926e-11
6.451826e-11
0
0
0
0
0
0
0
2.5969663e-09
6.5783399e-11
7.5797464e-11
0
0
0
0
0
0
0
0
2.6138572e-09
8.8966325e-11
0
0
0
0
0
0
0
0
0
2.647844e-09
