# Fiducial parameters, omega_b = 0.022237, omega_cdm = 0.12, 100*theta_s = 1.0418, ln10^{10}A_s = 3.044, n_s = 0.9649, tau_reio = 0.0544, M_tot_IH = 0.2, sigma_NL = 7, beta_0^Euclid = 1, beta_1^Euclid = 1, z_reio = 1, Omega_Lambda = 1, YHe = 1, H0 = 0, A_s = 0, sigma8 = 0
1.4506254e-08
1.5938614e-08
1.7160591e-08
1.7767313e-08
1.8214163e-08
1.8594643e-08
1.891379e-08
1.9203362e-08
1.9493267e-08
1.9886716e-08
0
2.5542488e-08
2.5598357e-08
2.6917241e-08
2.7891179e-08
2.8720704e-08
2.9416541e-08
3.0047907e-08
3.0680016e-08
3.1537922e-08
0
0
3.1598034e-08
3.0894291e-08
3.2264386e-08
3.343414e-08
3.4415773e-08
3.5306492e-08
3.619827e-08
3.7408622e-08
0
0
0
3.5619346e-08
3.4742759e-08
3.6170897e-08
3.7371492e-08
3.8461165e-08
3.9552161e-08
4.1032915e-08
0
0
0
0
3.9205873e-08
3.8341839e-08
3.9757084e-08
4.1043215e-08
4.2331134e-08
4.4079189e-08
0
0
0
0
0
4.2801069e-08
4.1903818e-08
4.340158e-08
4.490286e-08
4.6940692e-08
0
0
0
0
0
0
4.6304934e-08
4.5482041e-08
4.7207786e-08
4.9551727e-08
0
0
0
0
0
0
0
4.9964388e-08
4.9399067e-08
5.2086677e-08
0
0
0
0
0
0
0
0
5.420014e-08
5.4776237e-08
0
0
0
0
0
0
0
0
0
6.1148191e-08
1.3594891e-08
1.5069126e-08
1.6325939e-08
1.6950189e-08
1.7409954e-08
1.7801432e-08
1.8129806e-08
1.842775e-08
1.872604e-08
1.9130871e-08
0
2.4962567e-08
2.5191717e-08
2.6601765e-08
2.764328e-08
2.8530387e-08
2.927453e-08
2.9949728e-08
3.0625724e-08
3.1543201e-08
0
0
3.147366e-08
3.0929018e-08
3.241947e-08
3.3692253e-08
3.4760385e-08
3.5729598e-08
3.6699966e-08
3.8016992e-08
0
0
0
3.5862725e-08
3.5148602e-08
3.6717371e-08
3.8036404e-08
3.9233603e-08
4.0432261e-08
4.2059146e-08
0
0
0
0
3.9813519e-08
3.9127637e-08
4.0694253e-08
4.2118102e-08
4.3543955e-08
4.5479234e-08
0
0
0
0
0
4.3803546e-08
4.3093529e-08
4.4762772e-08
4.6436067e-08
4.8707417e-08
0
0
0
0
0
0
4.7717835e-08
4.7102218e-08
4.9037023e-08
5.1665038e-08
0
0
0
0
0
0
0
5.1830089e-08
5.1515721e-08
5.4545785e-08
0
0
0
0
0
0
0
0
5.6617705e-08
5.761069e-08
0
0
0
0
0
0
0
0
0
6.4527892e-08
1.2528659e-08
1.3946543e-08
1.520949e-08
1.5837069e-08
1.6299294e-08
1.6692867e-08
1.7023e-08
1.7322541e-08
1.7622432e-08
1.8029438e-08
0
2.3973108e-08
2.4329179e-08
2.5807691e-08
2.6900098e-08
2.7830585e-08
2.8611121e-08
2.9319343e-08
3.0028404e-08
3.0990764e-08
0
0
3.0843233e-08
3.0434002e-08
3.2027625e-08
3.3388857e-08
3.4531266e-08
3.5567883e-08
3.6605739e-08
3.8014371e-08
0
0
0
3.5553347e-08
3.4985516e-08
3.6681375e-08
3.8107542e-08
3.9402015e-08
4.0698071e-08
4.245716e-08
0
0
0
0
3.9837617e-08
3.9318102e-08
4.1026422e-08
4.2579264e-08
4.4134322e-08
4.6244978e-08
0
0
0
0
0
4.4201132e-08
4.3670978e-08
4.5505214e-08
4.734407e-08
4.9840185e-08
0
0
0
0
0
0
4.8513753e-08
4.810174e-08
5.0242139e-08
5.3149569e-08
0
0
0
0
0
0
0
5.3074794e-08
5.301175e-08
5.6385035e-08
0
0
0
0
0
0
0
0
5.8420003e-08
5.9838409e-08
0
0
0
0
0
0
0
0
0
6.7324147e-08
1.1512342e-08
1.2776999e-08
1.4015084e-08
1.4630642e-08
1.5084022e-08
1.5470065e-08
1.5793881e-08
1.6087694e-08
1.6381849e-08
1.6781074e-08
0
2.2757308e-08
2.3179919e-08
2.4697014e-08
2.5818324e-08
2.677347e-08
2.7574696e-08
2.8301693e-08
2.9029554e-08
3.0017434e-08
0
0
2.985466e-08
2.9545854e-08
3.121705e-08
3.2644973e-08
3.3843414e-08
3.493088e-08
3.6019651e-08
3.7497393e-08
0
0
0
3.4813962e-08
3.43658e-08
3.6166261e-08
3.768074e-08
3.9055414e-08
4.0431777e-08
4.2299872e-08
0
0
0
0
3.9378319e-08
3.9002915e-08
4.0834462e-08
4.2499569e-08
4.4167089e-08
4.64304e-08
0
0
0
0
0
4.4071634e-08
4.3703926e-08
4.5687535e-08
4.7676354e-08
5.0376068e-08
0
0
0
0
0
0
4.8749301e-08
4.8527059e-08
5.08594e-08
5.4027762e-08
0
0
0
0
0
0
0
5.3733816e-08
5.3911286e-08
5.7613383e-08
0
0
0
0
0
0
0
0
5.961897e-08
6.145477e-08
0
0
0
0
0
0
0
0
0
6.9513963e-08
1.0286107e-08
1.1284961e-08
1.2461378e-08
1.3046667e-08
1.3477763e-08
1.3844833e-08
1.4152736e-08
1.443211e-08
1.4711811e-08
1.5091421e-08
0
2.1000391e-08
2.1410528e-08
2.2926745e-08
2.4047894e-08
2.5002952e-08
2.5804108e-08
2.6531045e-08
2.7258848e-08
2.8246654e-08
0
0
2.8146907e-08
2.7888713e-08
2.9600815e-08
3.1064222e-08
3.2292523e-08
3.3407093e-08
3.4523003e-08
3.6037586e-08
0
0
0
3.3250459e-08
3.2881514e-08
3.4752224e-08
3.6326228e-08
3.7754988e-08
3.9185511e-08
4.1127124e-08
0
0
0
0
3.8011492e-08
3.7743934e-08
3.9668415e-08
4.1418334e-08
4.3170833e-08
4.5549499e-08
0
0
0
0
0
4.2960857e-08
4.2724562e-08
4.4829527e-08
4.6940293e-08
4.9805585e-08
0
0
0
0
0
0
4.7941382e-08
4.7881104e-08
5.0377716e-08
5.3769489e-08
0
0
0
0
0
0
0
5.329456e-08
5.3686106e-08
5.7681369e-08
0
0
0
0
0
0
0
0
5.966903e-08
6.189055e-08
0
0
0
0
0
0
0
0
0
7.0501003e-08
9.077957e-09
9.726717e-09
1.0809807e-08
1.1349098e-08
1.1746326e-08
1.2084559e-08
1.2368273e-08
1.2625701e-08
1.288343e-08
1.3233223e-08
0
1.8973564e-08
1.9286301e-08
2.0758777e-08
2.1848159e-08
2.2776214e-08
2.3554726e-08
2.4261118e-08
2.4968353e-08
2.5928248e-08
0
0
2.5969461e-08
2.5702643e-08
2.741182e-08
2.8873376e-08
3.0100216e-08
3.121347e-08
3.2328066e-08
3.3840871e-08
0
0
0
3.1089311e-08
3.0748538e-08
3.2645994e-08
3.4243033e-08
3.569277e-08
3.7144305e-08
3.9114443e-08
0
0
0
0
3.5939394e-08
3.5731465e-08
3.7708469e-08
3.9506544e-08
4.1307328e-08
4.3751541e-08
0
0
0
0
0
4.1044439e-08
4.0895959e-08
4.3082799e-08
4.5276003e-08
4.8253252e-08
0
0
0
0
0
0
4.6238205e-08
4.6298407e-08
4.891787e-08
5.2476866e-08
0
0
0
0
0
0
0
5.1875666e-08
5.2438771e-08
5.6669677e-08
0
0
0
0
0
0
0
0
5.8654092e-08
6.1204123e-08
0
0
0
0
0
0
0
0
0
7.0312554e-08
7.9944163e-09
8.2468197e-09
9.2139398e-09
9.6959331e-09
1.005097e-08
1.0353279e-08
1.060686e-08
1.0836947e-08
1.1067304e-08
1.1379949e-08
0
1.6860484e-08
1.699305e-08
1.8379394e-08
1.940571e-08
2.0280105e-08
2.1013611e-08
2.1679166e-08
2.2345518e-08
2.3249928e-08
0
0
2.3500734e-08
2.3160351e-08
2.4818268e-08
2.6236749e-08
2.7427544e-08
2.85081e-08
2.9589961e-08
3.1058343e-08
0
0
0
2.8492883e-08
2.8120813e-08
2.9994145e-08
3.1571513e-08
3.3003475e-08
3.4437222e-08
3.6383224e-08
0
0
0
0
3.3303939e-08
3.309667e-08
3.5076624e-08
3.6877864e-08
3.8681883e-08
4.1130502e-08
0
0
0
0
0
3.843941e-08
3.8322903e-08
4.0540921e-08
4.2765808e-08
4.5786126e-08
0
0
0
0
0
0
4.3729333e-08
4.3854423e-08
4.6541105e-08
5.0191827e-08
0
0
0
0
0
0
0
4.9535519e-08
5.0210298e-08
5.459566e-08
0
0
0
0
0
0
0
0
5.6594245e-08
5.9386789e-08
0
0
0
0
0
0
0
0
0
6.890307e-08
6.9848158e-09
6.8184074e-09
7.6546104e-09
8.0717823e-09
8.379085e-09
8.6407493e-09
8.8602379e-09
9.0593906e-09
9.2587782e-09
9.5293909e-09
0
1.4676483e-08
1.4554091e-08
1.5815216e-08
1.674954e-08
1.7545638e-08
1.8213468e-08
1.8819434e-08
1.9426126e-08
2.0249565e-08
0
0
2.0764982e-08
2.0284197e-08
2.1840745e-08
2.3173358e-08
2.4292196e-08
2.5307468e-08
2.6323969e-08
2.7703642e-08
0
0
0
2.5477153e-08
2.500859e-08
2.6801795e-08
2.8312432e-08
2.968391e-08
3.1057107e-08
3.2920931e-08
0
0
0
0
3.0105797e-08
2.9831379e-08
3.1757095e-08
3.3509561e-08
3.5264812e-08
3.7647248e-08
0
0
0
0
0
3.5124914e-08
3.4973351e-08
3.7161552e-08
3.9357026e-08
4.2337483e-08
0
0
0
0
0
0
4.0367981e-08
4.0488556e-08
4.317287e-08
4.6820856e-08
0
0
0
0
0
0
0
4.6196034e-08
4.6904671e-08
5.1338828e-08
0
0
0
0
0
0
0
0
5.337095e-08
5.6288832e-08
0
0
0
0
0
0
0
0
0
6.6080789e-08
6.1249858e-09
5.5628578e-09
6.2681312e-09
6.6203273e-09
6.8797786e-09
7.1006987e-09
7.2860105e-09
7.4541532e-09
7.6224944e-09
7.8509709e-09
0
1.2630268e-08
1.2204844e-08
1.3314295e-08
1.4136955e-08
1.4837985e-08
1.5426073e-08
1.5959684e-08
1.6493935e-08
1.7219054e-08
0
0
1.8023269e-08
1.7345632e-08
1.8757926e-08
1.9967954e-08
2.0984012e-08
2.1906029e-08
2.2829164e-08
2.4082117e-08
0
0
0
2.2320796e-08
2.1694682e-08
2.3354975e-08
2.4754455e-08
2.6025121e-08
2.7297392e-08
2.9024234e-08
0
0
0
0
2.6628529e-08
2.6218943e-08
2.8032802e-08
2.9684121e-08
3.1338155e-08
3.3583219e-08
0
0
0
0
0
3.1380308e-08
3.1122602e-08
3.3216111e-08
3.5317152e-08
3.8169491e-08
0
0
0
0
0
0
3.6421606e-08
3.646057e-08
3.9065047e-08
4.2605097e-08
0
0
0
0
0
0
0
4.2105134e-08
4.2757375e-08
4.7117584e-08
0
0
0
0
0
0
0
0
4.9201813e-08
5.2102715e-08
0
0
0
0
0
0
0
0
0
6.1999433e-08
5.391764e-09
4.4739572e-09
5.0573296e-09
5.3488761e-09
5.5636582e-09
5.7465435e-09
5.8999511e-09
6.0391456e-09
6.1785047e-09
6.3676464e-09
0
1.0782614e-08
1.0037028e-08
1.0983405e-08
1.1685764e-08
1.2284352e-08
1.2786509e-08
1.3242149e-08
1.3698337e-08
1.4317505e-08
0
0
1.5406171e-08
1.449294e-08
1.5730743e-08
1.6792163e-08
1.7683574e-08
1.8492494e-08
1.9302396e-08
2.0401663e-08
0
0
0
1.9189394e-08
1.8356262e-08
1.9840395e-08
2.1092226e-08
2.2228945e-08
2.336711e-08
2.4911935e-08
0
0
0
0
2.3058955e-08
2.2453476e-08
2.4103692e-08
2.5606725e-08
2.7112327e-08
2.9155932e-08
0
0
0
0
0
2.7404111e-08
2.6972039e-08
2.8908339e-08
3.085224e-08
3.3491332e-08
0
0
0
0
0
0
3.2091079e-08
3.1970147e-08
3.4415896e-08
3.774084e-08
0
0
0
0
0
0
0
3.7457229e-08
3.7956784e-08
4.2111847e-08
0
0
0
0
0
0
0
0
4.4263393e-08
4.698777e-08
0
0
0
0
0
0
0
0
0
5.6785536e-08
4.7901276e-09
3.5672787e-09
4.0444552e-09
4.2830329e-09
4.4587987e-09
4.6084622e-09
4.7340029e-09
4.8479124e-09
4.9619567e-09
5.1167408e-09
0
9.2042608e-09
8.1557194e-09
8.9450482e-09
9.5312879e-09
1.0030968e-08
1.0450157e-08
1.0830515e-08
1.1211331e-08
1.17282e-08
0
0
1.3071471e-08
1.1910522e-08
1.2962992e-08
1.3866237e-08
1.4624932e-08
1.5313428e-08
1.6002761e-08
1.6938384e-08
0
0
0
1.6298014e-08
1.5230242e-08
1.6513298e-08
1.7596294e-08
1.857981e-08
1.9564587e-08
2.0901222e-08
0
0
0
0
1.9656724e-08
1.8813168e-08
2.026322e-08
2.1584623e-08
2.2908384e-08
2.4705179e-08
0
0
0
0
0
2.3492292e-08
2.2831717e-08
2.456081e-08
2.6297344e-08
2.8654997e-08
0
0
0
0
0
0
2.7698603e-08
2.7349729e-08
2.9567851e-08
3.2584019e-08
0
0
0
0
0
0
0
3.259195e-08
3.284884e-08
3.6675805e-08
0
0
0
0
0
0
0
0
3.8902863e-08
4.1291368e-08
0
0
0
0
0
0
0
0
0
5.0771042e-08
4.2779841e-09
2.7875682e-09
3.1722861e-09
3.3646918e-09
3.5064444e-09
3.6271462e-09
3.7283933e-09
3.82026e-09
3.9122356e-09
4.0370677e-09
0
7.8418013e-09
6.5264229e-09
7.1754219e-09
7.6576543e-09
8.0687176e-09
8.4135676e-09
8.7264741e-09
9.0397569e-09
9.4649659e-09
0
0
1.1027572e-08
9.6317564e-09
1.0506682e-08
1.1258049e-08
1.1889261e-08
1.2462078e-08
1.3035593e-08
1.3814017e-08
0
0
0
1.3713994e-08
1.2409333e-08
1.3487934e-08
1.4398942e-08
1.5226356e-08
1.6054839e-08
1.7179339e-08
0
0
0
0
1.6544812e-08
1.5446439e-08
1.6680967e-08
1.780655e-08
1.8934228e-08
2.046488e-08
0
0
0
0
0
1.9821485e-08
1.8901327e-08
2.0393918e-08
2.1893534e-08
2.3929611e-08
0
0
0
0
0
0
2.3467749e-08
2.2843842e-08
2.4786161e-08
2.7427961e-08
0
0
0
0
0
0
0
2.7774071e-08
2.7717702e-08
3.1119589e-08
0
0
0
0
0
0
0
0
3.3420966e-08
3.5335147e-08
0
0
0
0
0
0
0
0
0
4.4286201e-08
3.883041e-09
2.1638257e-09
2.4686992e-09
2.6212559e-09
2.7336521e-09
2.8293572e-09
2.9096365e-09
2.9824783e-09
3.0554063e-09
3.1543867e-09
0
6.7144641e-09
5.1720463e-09
5.7011123e-09
6.0942961e-09
6.4294657e-09
6.7106487e-09
6.9657858e-09
7.22123e-09
7.5679369e-09
0
0
9.3196939e-09
7.7194261e-09
8.4383868e-09
9.056019e-09
9.5749269e-09
1.0045835e-08
1.0517317e-08
1.1157253e-08
0
0
0
1.1529323e-08
1.0009098e-08
1.0900282e-08
1.1653318e-08
1.2337308e-08
1.3022188e-08
1.3951776e-08
0
0
0
0
1.3871016e-08
1.2529275e-08
1.355666e-08
1.4493765e-08
1.5432679e-08
1.6707119e-08
0
0
0
0
0
1.6602916e-08
1.542176e-08
1.6675407e-08
1.7935411e-08
1.9646226e-08
0
0
0
0
0
0
1.9673902e-08
1.8758866e-08
2.0408075e-08
2.2651768e-08
0
0
0
0
0
0
0
2.3344173e-08
2.2937548e-08
2.5862691e-08
0
0
0
0
0
0
0
0
2.8227007e-08
2.9574631e-08
0
0
0
0
0
0
0
0
0
3.7828701e-08
3.5718198e-09
1.660634e-09
1.896287e-09
2.0143355e-09
2.1013107e-09
2.1753699e-09
2.2374924e-09
2.2938594e-09
2.3502932e-09
2.4268871e-09
0
5.7672144e-09
4.0245093e-09
4.448743e-09
4.7641068e-09
5.0329466e-09
5.2584845e-09
5.4631312e-09
5.6680244e-09
5.9461202e-09
0
0
7.8678347e-09
6.0934669e-09
6.6792715e-09
7.1825681e-09
7.6054297e-09
7.9891778e-09
8.3733939e-09
8.8948862e-09
0
0
0
9.6723724e-09
7.9675994e-09
8.6974864e-09
9.3143231e-09
9.8746235e-09
1.0435655e-08
1.1197145e-08
0
0
0
0
1.1592422e-08
1.0037068e-08
1.0881564e-08
1.1652015e-08
1.2423986e-08
1.3471827e-08
0
0
0
0
0
1.3840022e-08
1.2421275e-08
1.3456314e-08
1.449685e-08
1.5909716e-08
0
0
0
0
0
0
1.6378718e-08
1.5187376e-08
1.6557212e-08
1.8421192e-08
0
0
0
0
0
0
0
1.943358e-08
1.8678628e-08
2.1128128e-08
0
0
0
0
0
0
0
0
2.3537877e-08
2.4289382e-08
0
0
0
0
0
0
0
0
0
3.175078e-08
3.3339429e-09
1.2723307e-09
1.4515226e-09
1.5413743e-09
1.6075786e-09
1.6639517e-09
1.7112386e-09
1.7541444e-09
1.7971012e-09
1.8554035e-09
0
5.0056161e-09
3.0831478e-09
3.413783e-09
3.6597799e-09
3.8695043e-09
4.04545e-09
4.2050981e-09
4.3649386e-09
4.5818859e-09
0
0
6.6507287e-09
4.7222814e-09
5.1910036e-09
5.593848e-09
5.9323275e-09
6.2394998e-09
6.5470471e-09
6.9644781e-09
0
0
0
8.1006999e-09
6.2373346e-09
6.8287226e-09
7.3285672e-09
7.7826058e-09
8.2372384e-09
8.8543124e-09
0
0
0
0
9.6610701e-09
7.9242899e-09
8.6130716e-09
9.2414989e-09
9.8711739e-09
1.0725871e-08
0
0
0
0
0
1.1497595e-08
9.8757581e-09
1.0723239e-08
1.157529e-08
1.2732242e-08
0
0
0
0
0
0
1.3578491e-08
1.2145981e-08
1.3271004e-08
1.4802006e-08
0
0
0
0
0
0
0
1.6089853e-08
1.5020914e-08
1.7040224e-08
0
0
0
0
0
0
0
0
1.9479311e-08
1.9668503e-08
0
0
0
0
0
0
0
0
0
2.6332466e-08
3.1545761e-09
9.7973199e-10
1.1160061e-09
1.1843308e-09
1.2346756e-09
1.2775442e-09
1.3135034e-09
1.346131e-09
1.3787973e-09
1.423133e-09
0
4.4250966e-09
2.3529895e-09
2.6042655e-09
2.7914311e-09
2.9510249e-09
3.0849162e-09
3.2064055e-09
3.3280412e-09
3.4931341e-09
0
0
5.6757642e-09
3.6079688e-09
3.971253e-09
4.2837908e-09
4.5464347e-09
4.7847888e-09
5.023434e-09
5.3473451e-09
0
0
0
6.8030357e-09
4.796589e-09
5.2637464e-09
5.6587995e-09
6.0176715e-09
6.3770147e-09
6.8647526e-09
0
0
0
0
8.0411507e-09
6.1446259e-09
6.6967917e-09
7.2006703e-09
7.7055599e-09
8.3908795e-09
0
0
0
0
0
9.5194071e-09
7.7230018e-09
8.4093431e-09
9.0994281e-09
1.0036461e-08
0
0
0
0
0
0
1.1209624e-08
9.5722798e-09
1.0489056e-08
1.1736695e-08
0
0
0
0
0
0
0
1.3260107e-08
1.1923701e-08
1.3575679e-08
0
0
0
0
0
0
0
0
1.6036883e-08
1.5736937e-08
0
0
0
0
0
0
0
0
0
2.1677659e-08
3.018907e-09
7.5796301e-10
8.6179144e-10
9.138366e-10
9.5218511e-10
9.8483897e-10
1.0122297e-09
1.0370827e-09
1.0619652e-09
1.0957365e-09
0
3.986906e-09
1.8023914e-09
1.9926756e-09
2.1344297e-09
2.2553132e-09
2.3567301e-09
2.4487531e-09
2.5408869e-09
2.6659376e-09
0
0
4.9329549e-09
2.7493502e-09
3.023893e-09
3.2603267e-09
3.4590618e-09
3.6394216e-09
3.8200018e-09
4.0651017e-09
0
0
0
5.784096e-09
3.650385e-09
4.0069695e-09
4.3088215e-09
4.5830687e-09
4.8576792e-09
5.2304092e-09
0
0
0
0
6.7310979e-09
4.6890267e-09
5.117211e-09
5.5081918e-09
5.8999874e-09
6.4317992e-09
0
0
0
0
0
7.8820933e-09
5.9276299e-09
6.4686802e-09
7.012851e-09
7.7517727e-09
0
0
0
0
0
0
9.2209473e-09
7.402132e-09
8.1349003e-09
9.1322296e-09
0
0
0
0
0
0
0
1.086732e-08
9.299571e-09
1.0634016e-08
0
0
0
0
0
0
0
0
1.3119144e-08
1.2402835e-08
0
0
0
0
0
0
0
0
0
1.772776e-08
2.9159279e-09
5.9032908e-10
6.6944128e-10
7.0910483e-10
7.3833004e-10
7.6321535e-10
7.8408965e-10
8.0302998e-10
8.2199272e-10
8.4772949e-10
0
3.6532572e-09
1.3835541e-09
1.5281207e-09
1.6357684e-09
1.7275608e-09
1.8045712e-09
1.8744483e-09
1.9444096e-09
2.0393661e-09
0
0
4.3724385e-09
2.103112e-09
2.3109035e-09
2.4898056e-09
2.6401877e-09
2.7766667e-09
2.9133128e-09
3.0987811e-09
0
0
0
5.0162735e-09
2.7824489e-09
3.0508691e-09
3.2781865e-09
3.4847399e-09
3.6915696e-09
3.9723006e-09
0
0
0
0
5.7280148e-09
3.5629593e-09
3.8857043e-09
4.1806112e-09
4.4761669e-09
4.8773482e-09
0
0
0
0
0
6.5955047e-09
4.5001568e-09
4.911677e-09
5.325818e-09
5.8882063e-09
0
0
0
0
0
0
7.6164793e-09
5.6320229e-09
6.1972809e-09
6.9668709e-09
0
0
0
0
0
0
0
8.8925833e-09
7.1141e-09
8.1601292e-09
0
0
0
0
0
0
0
0
1.066956e-08
9.5824494e-09
0
0
0
0
0
0
0
0
0
1.4376577e-08
2.8368157e-09
4.632872e-10
5.2406331e-10
5.5451873e-10
5.7695924e-10
5.9606737e-10
6.1209565e-10
6.2663891e-10
6.4119938e-10
6.6096123e-10
0
3.4023598e-09
1.0668121e-09
1.1760285e-09
1.2573893e-09
1.3267676e-09
1.384973e-09
1.437787e-09
1.4906646e-09
1.5624338e-09
0
0
3.9446828e-09
1.6099754e-09
1.7674468e-09
1.9029924e-09
2.0169178e-09
2.1203096e-09
2.2238278e-09
2.3643321e-09
0
0
0
4.4330873e-09
2.126018e-09
2.3296226e-09
2.501959e-09
2.658544e-09
2.8153382e-09
3.0281558e-09
0
0
0
0
4.9732522e-09
2.7170095e-09
2.9606051e-09
3.1831564e-09
3.406201e-09
3.7089582e-09
0
0
0
0
0
5.6271667e-09
3.4213669e-09
3.7303442e-09
4.0413625e-09
4.4637319e-09
0
0
0
0
0
0
6.3924416e-09
4.2693573e-09
4.6937414e-09
5.2717263e-09
0
0
0
0
0
0
0
7.3505808e-09
5.3858374e-09
6.1768159e-09
0
0
0
0
0
0
0
0
8.699622e-09
7.2742454e-09
0
0
0
0
0
0
0
0
0
1.1582186e-08
2.7753216e-09
3.6604184e-10
4.1322857e-10
4.3686321e-10
4.5427734e-10
4.6910547e-10
4.815436e-10
4.9282934e-10
5.0412841e-10
5.1946379e-10
0
3.2137361e-09
8.2992655e-10
9.1291777e-10
9.7471837e-10
1.0274182e-09
1.0716314e-09
1.1117493e-09
1.1519154e-09
1.2064316e-09
0
0
3.6247429e-09
1.2393404e-09
1.357666e-09
1.4595698e-09
1.5452286e-09
1.6229676e-09
1.7008016e-09
1.8064449e-09
0
0
0
3.9909473e-09
1.6262253e-09
1.779378e-09
1.9090568e-09
2.0268829e-09
2.1448658e-09
2.3050045e-09
0
0
0
0
4.3973081e-09
2.0721231e-09
2.2562848e-09
2.4245039e-09
2.5930867e-09
2.8219173e-09
0
0
0
0
0
4.8924593e-09
2.606098e-09
2.8400004e-09
3.0753712e-09
3.395001e-09
0
0
0
0
0
0
5.4720694e-09
3.247117e-09
3.5670794e-09
4.0028e-09
0
0
0
0
0
0
0
6.19334e-09
4.0849824e-09
4.6779159e-09
0
0
0
0
0
0
0
0
7.2023593e-09
5.4962669e-09
0
0
0
0
0
0
0
0
0
9.3683516e-09
2.7266981e-09
2.9047893e-10
3.2752438e-10
3.4606848e-10
3.5973157e-10
3.7136568e-10
3.8112459e-10
3.8997933e-10
3.9884454e-10
4.108766e-10
0
3.070269e-09
6.5073052e-10
7.1441363e-10
7.6181947e-10
8.0224069e-10
8.3615219e-10
8.6692253e-10
8.9772986e-10
9.3954368e-10
0
0
3.384689e-09
9.625182e-10
1.0522487e-09
1.1294753e-09
1.1943855e-09
1.2532943e-09
1.3122751e-09
1.392329e-09
0
0
0
3.6620243e-09
1.2542473e-09
1.3692829e-09
1.4666806e-09
1.5551811e-09
1.6438e-09
1.7640827e-09
0
0
0
0
3.9665721e-09
1.5872857e-09
1.7248384e-09
1.8505371e-09
1.9765154e-09
2.1475159e-09
0
0
0
0
0
4.3357067e-09
1.9855815e-09
2.1605904e-09
2.3367441e-09
2.5759594e-09
0
0
0
0
0
0
4.7696226e-09
2.46695e-09
2.7077115e-09
3.0355579e-09
0
0
0
0
0
0
0
5.3134835e-09
3.0999274e-09
3.5475469e-09
0
0
0
0
0
0
0
0
6.0756927e-09
4.1639904e-09
0
0
0
0
0
0
0
0
0
7.6986709e-09
2.6875947e-09
2.3065868e-10
2.6002672e-10
2.7471956e-10
2.8554474e-10
2.9476236e-10
3.0249427e-10
3.0950981e-10
3.1653364e-10
3.2606655e-10
0
2.9595325e-09
5.1362475e-10
5.6302764e-10
5.9978369e-10
6.3112264e-10
6.5741443e-10
6.8127083e-10
7.0515591e-10
7.3757434e-10
0
0
3.2026609e-09
7.5318128e-10
8.2175241e-10
8.8075786e-10
9.3034992e-10
9.7535635e-10
1.0204177e-09
1.0815789e-09
0
0
0
3.4140941e-09
9.7483556e-10
1.0621198e-09
1.1359936e-09
1.2031125e-09
1.2703206e-09
1.3615422e-09
0
0
0
0
3.6448077e-09
1.2265317e-09
1.3302342e-09
1.4249551e-09
1.5198825e-09
1.648735e-09
0
0
0
0
0
3.9227172e-09
1.5252057e-09
1.6560298e-09
1.787701e-09
1.9665126e-09
0
0
0
0
0
0
4.2462616e-09
1.8828525e-09
2.0616816e-09
2.3052474e-09
0
0
0
0
0
0
0
4.6493588e-09
2.3520168e-09
2.6845997e-09
0
0
0
0
0
0
0
0
5.2163778e-09
3.1466809e-09
0
0
0
0
0
0
0
0
0
6.4355496e-09
2.6557853e-09
1.8254403e-10
2.0597585e-10
2.176934e-10
2.2632625e-10
2.336771e-10
2.3984313e-10
2.4543787e-10
2.5103923e-10
2.5864152e-10
0
2.8724992e-09
4.0688453e-10
4.456523e-10
4.7448117e-10
4.9905927e-10
5.1967882e-10
5.3838838e-10
5.5712043e-10
5.8254481e-10
0
0
3.0627521e-09
5.9323291e-10
6.4626e-10
6.9186289e-10
7.3018621e-10
7.6496562e-10
7.9978746e-10
8.4705064e-10
0
0
0
3.2259083e-09
7.6345961e-10
8.3023515e-10
8.8673059e-10
9.380588e-10
9.8945514e-10
1.0592154e-09
0
0
0
0
3.4019867e-09
9.5471416e-10
1.0333535e-09
1.1051788e-09
1.1771591e-09
1.2748634e-09
0
0
0
0
0
3.6122061e-09
1.1800528e-09
1.2787117e-09
1.3779909e-09
1.5128088e-09
0
0
0
0
0
0
3.855836e-09
1.4488858e-09
1.5830985e-09
1.7658494e-09
0
0
0
0
0
0
0
4.1579244e-09
1.7992149e-09
2.0469085e-09
0
0
0
0
0
0
0
0
4.578701e-09
2.3863053e-09
0
0
0
0
0
0
0
0
0
5.4777125e-09
2.6297729e-09
1.4339885e-10
1.6212889e-10
1.7149239e-10
1.7839078e-10
1.8426473e-10
1.8919191e-10
1.9366259e-10
1.9813855e-10
2.0421344e-10
0
2.8028948e-09
3.2227929e-10
3.5298716e-10
3.7581124e-10
3.9526847e-10
4.1159178e-10
4.2640306e-10
4.4123214e-10
4.6135915e-10
0
0
2.9532996e-09
4.6886085e-10
5.1033233e-10
5.4597918e-10
5.7593279e-10
6.0311618e-10
6.303327e-10
6.6727329e-10
0
0
0
3.0806558e-09
6.011255e-10
6.5282802e-10
6.9655309e-10
7.3627582e-10
7.7605092e-10
8.3003766e-10
0
0
0
0
3.2166715e-09
7.4826118e-10
8.0859746e-10
8.6368338e-10
9.1888479e-10
9.9381358e-10
0
0
0
0
0
3.3775858e-09
9.2002556e-10
9.9501371e-10
1.0704551e-09
1.1729008e-09
0
0
0
0
0
0
3.5622655e-09
1.122934e-09
1.2240556e-09
1.3617469e-09
0
0
0
0
0
0
0
3.7892035e-09
1.3853697e-09
1.5708969e-09
0
0
0
0
0
0
0
0
4.1037721e-09
1.8234829e-09
0
0
0
0
0
0
0
0
0
4.770745e-09
2.6085414e-09
1.1139776e-10
1.2632048e-10
1.3377981e-10
1.3927528e-10
1.4395464e-10
1.4787978e-10
1.5144126e-10
1.5500695e-10
1.5984641e-10
0
2.7464757e-09
2.5416017e-10
2.7861655e-10
2.967872e-10
3.122765e-10
3.2527088e-10
3.3706158e-10
3.4886646e-10
3.6488883e-10
0
0
2.8661646e-09
3.7042405e-10
4.0316669e-10
4.3129733e-10
4.5493274e-10
4.7638202e-10
4.9785743e-10
5.2700568e-10
0
0
0
2.9665799e-09
4.7431326e-10
5.1478736e-10
5.4900074e-10
5.8008006e-10
6.1120014e-10
6.534394e-10
0
0
0
0
3.0728487e-09
5.888069e-10
6.3561764e-10
6.7834027e-10
7.2115042e-10
7.7925947e-10
0
0
0
0
0
3.1973977e-09
7.2118949e-10
7.7883897e-10
8.3682362e-10
9.155617e-10
0
0
0
0
0
0
3.3389951e-09
8.7615753e-10
9.5323935e-10
1.058176e-09
0
0
0
0
0
0
0
3.5115044e-09
1.0748385e-09
1.2149929e-09
0
0
0
0
0
0
0
0
3.7482196e-09
1.402773e-09
0
0
0
0
0
0
0
0
0
4.2439144e-09
2.5913647e-09
8.5305219e-11
9.7096456e-11
1.0299103e-10
1.0733369e-10
1.1103144e-10
1.1413319e-10
1.1694757e-10
1.1976528e-10
1.2358957e-10
0
2.7004268e-09
1.9875814e-10
2.1824563e-10
2.3272115e-10
2.4506006e-10
2.5541145e-10
2.6480398e-10
2.7420781e-10
2.8697132e-10
0
0
2.7958405e-09
2.9133481e-10
3.1733058e-10
3.3965632e-10
3.5841287e-10
3.754344e-10
3.9247666e-10
4.1560788e-10
0
0
0
2.8755185e-09
3.7355946e-10
4.0550633e-10
4.3250087e-10
4.5702098e-10
4.815731e-10
5.1489765e-10
0
0
0
0
2.9592862e-09
4.6352099e-10
5.0020533e-10
5.3367493e-10
5.672113e-10
6.1273227e-10
0
0
0
0
0
3.0567083e-09
5.6668804e-10
6.1150198e-10
6.5656361e-10
7.1775143e-10
0
0
0
0
0
0
3.1665172e-09
6.8638815e-10
7.4578654e-10
8.2663421e-10
0
0
0
0
0
0
0
3.2990613e-09
8.3835684e-10
9.4533943e-10
0
0
0
0
0
0
0
0
3.4790279e-09
1.0864475e-09
0
0
0
0
0
0
0
0
0
3.8508007e-09
2.5776716e-09
6.4232117e-11
7.3431065e-11
7.8031072e-11
8.1420019e-11
8.4305693e-11
8.6726257e-11
8.8922563e-11
9.1121475e-11
9.4105911e-11
0
2.6628644e-09
1.5356828e-10
1.6902351e-10
1.805031e-10
1.902881e-10
1.9849694e-10
2.0594538e-10
2.1340279e-10
2.2352451e-10
0
0
2.7386594e-09
2.2718883e-10
2.4784228e-10
2.6557581e-10
2.8047346e-10
2.9399296e-10
3.0752892e-10
3.259011e-10
0
0
0
2.8019793e-09
2.9246711e-10
3.1778573e-10
3.3917325e-10
3.5859927e-10
3.7805056e-10
4.0445176e-10
0
0
0
0
2.8683308e-09
3.6358297e-10
3.9252401e-10
4.1892148e-10
4.4537037e-10
4.8127097e-10
0
0
0
0
0
2.9450993e-09
4.4465399e-10
4.7979278e-10
5.151167e-10
5.6308063e-10
0
0
0
0
0
0
3.0310443e-09
5.3802553e-10
5.8425805e-10
6.4717434e-10
0
0
0
0
0
0
0
3.1339493e-09
6.5553627e-10
7.3809364e-10
0
0
0
0
0
0
0
0
3.2723066e-09
8.4527906e-10
0
0
0
0
0
0
0
0
0
3.5538209e-09
2.5669642e-09
4.7471968e-11
5.4531746e-11
5.8063736e-11
6.0665891e-11
6.2881618e-11
6.4740218e-11
6.6426627e-11
6.8115038e-11
7.0406611e-11
0
2.6324632e-09
1.1687492e-10
1.2901491e-10
1.3803305e-10
1.4571998e-10
1.5216871e-10
1.5802009e-10
1.6387852e-10
1.7182999e-10
0
0
2.6921589e-09
1.7504196e-10
1.9137794e-10
2.0540338e-10
2.1718563e-10
2.2787789e-10
2.3858317e-10
2.5311332e-10
0
0
0
2.7422947e-09
2.2676021e-10
2.4680722e-10
2.6373881e-10
2.7911704e-10
2.9451522e-10
3.1541517e-10
0
0
0
0
2.7948465e-09
2.8305223e-10
3.0593283e-10
3.2679835e-10
3.4770379e-10
3.7607988e-10
0
0
0
0
0
2.8555188e-09
3.4702742e-10
3.7471214e-10
4.0253705e-10
4.4031774e-10
0
0
0
0
0
0
2.9231619e-09
4.2034461e-10
4.565828e-10
5.0589033e-10
0
0
0
0
0
0
0
3.0036765e-09
5.1199252e-10
5.7626098e-10
0
0
0
0
0
0
0
0
3.111046e-09
6.5855268e-10
0
0
0
0
0
0
0
0
0
3.3264377e-09
2.5587775e-09
3.4403341e-11
3.9718522e-11
4.237942e-11
4.4339859e-11
4.6009169e-11
4.7409425e-11
4.8679954e-11
4.9951993e-11
5.1678456e-11
0
2.6082007e-09
8.7412917e-11
9.6817551e-11
1.0380565e-10
1.0976238e-10
1.1475961e-10
1.1929395e-10
1.2383376e-10
1.2999552e-10
0
0
2.6546074e-09
1.3285753e-10
1.4565888e-10
1.5665064e-10
1.6588445e-10
1.7426404e-10
1.8265383e-10
1.9404122e-10
0
0
0
2.6939635e-09
1.7354276e-10
1.8932165e-10
2.0264799e-10
2.1475158e-10
2.2687086e-10
2.4332035e-10
0
0
0
0
2.7353716e-09
2.1793442e-10
2.3597208e-10
2.5241949e-10
2.6889803e-10
2.9126523e-10
0
0
0
0
0
2.7832262e-09
2.6838574e-10
2.9019925e-10
3.1212026e-10
3.4188415e-10
0
0
0
0
0
0
2.8365153e-09
3.2608222e-10
3.5456484e-10
3.9331503e-10
0
0
0
0
0
0
0
2.8997418e-09
3.979037e-10
4.4819536e-10
0
0
0
0
0
0
0
0
2.9835796e-09
5.119338e-10
0
0
0
0
0
0
0
0
0
3.149821e-09
2.552668e-09
2.4443205e-11
2.8361899e-11
3.0325245e-11
3.1771808e-11
3.3003557e-11
3.4036776e-11
3.4974274e-11
3.5912888e-11
3.7186814e-11
0
2.5891992e-09
6.4147947e-11
7.1308868e-11
7.6632039e-11
8.1169796e-11
8.4976642e-11
8.8430866e-11
9.1889256e-11
9.6583244e-11
0
0
2.6246786e-09
9.9117444e-11
1.0901456e-10
1.1751471e-10
1.2465567e-10
1.3113604e-10
1.3762431e-10
1.4643078e-10
0
0
0
2.6551754e-09
1.3075405e-10
1.4304358e-10
1.5342398e-10
1.6285201e-10
1.7229226e-10
1.8510554e-10
0
0
0
0
2.6874835e-09
1.654638e-10
1.7957528e-10
1.9244264e-10
2.0533428e-10
2.2283279e-10
0
0
0
0
0
2.7249698e-09
2.0502989e-10
2.2213542e-10
2.3932424e-10
2.6266266e-10
0
0
0
0
0
0
2.7667868e-09
2.5031475e-10
2.7265717e-10
3.030514e-10
0
0
0
0
0
0
0
2.8163859e-09
3.0661405e-10
3.4599926e-10
0
0
0
0
0
0
0
0
2.8819767e-09
3.9563135e-10
0
0
0
0
0
0
0
0
0
3.010996e-09
2.5482197e-09
1.7035694e-11
1.9862675e-11
2.1280341e-11
2.2324901e-11
2.3214346e-11
2.3960433e-11
2.4637401e-11
2.5315175e-11
2.6235082e-11
0
2.5746462e-09
4.6152934e-11
5.1498844e-11
5.5475031e-11
5.886479e-11
6.1708572e-11
6.4288942e-11
6.6872427e-11
7.0378932e-11
0
0
2.6012498e-09
7.2574104e-11
8.0098044e-11
8.6562495e-11
9.1993635e-11
9.692238e-11
1.0185714e-10
1.0855505e-10
0
0
0
2.6244961e-09
9.6799915e-11
1.0623518e-10
1.1420655e-10
1.2144677e-10
1.286964e-10
1.3853634e-10
0
0
0
0
2.6493581e-09
1.2359733e-10
1.345071e-10
1.4445598e-10
1.5442373e-10
1.6795352e-10
0
0
0
0
0
2.6783956e-09
1.5431785e-10
1.6760799e-10
1.8096307e-10
1.9909616e-10
0
0
0
0
0
0
2.7109332e-09
1.8960411e-10
2.0701468e-10
2.3069906e-10
0
0
0
0
0
0
0
2.749621e-09
2.3354259e-10
2.6426868e-10
0
0
0
0
0
0
0
0
2.8008012e-09
3.0295655e-10
0
0
0
0
0
0
0
0
0
2.9010823e-09
2.5450573e-09
1.1661326e-11
1.3657335e-11
1.4659273e-11
1.5397553e-11
1.6026202e-11
1.6553529e-11
1.7032003e-11
1.7511047e-11
1.8161229e-11
0
2.5637681e-09
3.2555329e-11
3.6462316e-11
3.9370229e-11
4.1849495e-11
4.3929455e-11
4.5816756e-11
4.7706337e-11
5.0271025e-11
0
0
2.5832984e-09
5.2113484e-11
5.7723875e-11
6.2546721e-11
6.659904e-11
7.0276541e-11
7.3958536e-11
7.8956084e-11
0
0
0
2.6006829e-09
7.0329349e-11
7.7448447e-11
8.3465069e-11
8.8930107e-11
9.4402266e-11
1.0182965e-10
0
0
0
0
2.6194929e-09
9.0688767e-11
9.8995171e-11
1.0657141e-10
1.1416219e-10
1.2446561e-10
0
0
0
0
0
2.6416558e-09
1.142153e-10
1.2440707e-10
1.3464956e-10
1.4855658e-10
0
0
0
0
0
0
2.6666608e-09
1.4140098e-10
1.5482395e-10
1.7308421e-10
0
0
0
0
0
0
0
2.6965407e-09
1.7539589e-10
1.9917261e-10
0
0
0
0
0
0
0
0
2.7361977e-09
2.2922604e-10
0
0
0
0
0
0
0
0
0
2.8139234e-09
2.5428108e-09
7.8040348e-12
9.1843609e-12
9.8779431e-12
1.0389039e-11
1.0824241e-11
1.1189299e-11
1.1520538e-11
1.1852173e-11
1.2302283e-11
0
2.5557851e-09
2.2477567e-11
2.5271136e-11
2.7351948e-11
2.9126225e-11
3.0614759e-11
3.1965417e-11
3.3317707e-11
3.5153145e-11
0
0
2.5698104e-09
3.6644322e-11
4.0741214e-11
4.4265218e-11
4.7226559e-11
4.9914022e-11
5.2604772e-11
5.6256915e-11
0
0
0
2.5825429e-09
5.0066459e-11
5.5333904e-11
5.9787616e-11
6.3833293e-11
6.7884266e-11
7.3382678e-11
0
0
0
0
2.5965019e-09
6.5249671e-11
7.1461477e-11
7.7128781e-11
8.2807181e-11
9.0514825e-11
0
0
0
0
0
2.6131233e-09
8.2967856e-11
9.0658676e-11
9.8389011e-11
1.0888523e-10
0
0
0
0
0
0
2.6320423e-09
1.0360747e-10
1.1381126e-10
1.2769317e-10
0
0
0
0
0
0
0
2.6548117e-09
1.2958592e-10
1.4776859e-10
0
0
0
0
0
0
0
0
2.6852087e-09
1.7093745e-10
0
0
0
0
0
0
0
0
0
2.7450394e-09
2.5413286e-09
5.1834686e-12
6.1209103e-12
6.592408e-12
6.9398706e-12
7.2357388e-12
7.4839207e-12
7.7091108e-12
7.9345698e-12
8.2405743e-12
0
2.5501618e-09
1.5286185e-11
1.7241736e-11
1.8699541e-11
1.9942738e-11
2.0985736e-11
2.1932127e-11
2.2879662e-11
2.4165735e-11
0
0
2.5600187e-09
2.5326674e-11
2.8254937e-11
3.0775519e-11
3.2893945e-11
3.4816477e-11
3.6741363e-11
3.9354004e-11
0
0
0
2.5691454e-09
3.5008541e-11
3.8825891e-11
4.2055252e-11
4.4988988e-11
4.7926587e-11
5.1913813e-11
0
0
0
0
2.5792926e-09
4.6105152e-11
5.0660083e-11
5.4817189e-11
5.8982641e-11
6.4636686e-11
0
0
0
0
0
2.5915179e-09
5.9200057e-11
6.4898441e-11
7.0627374e-11
7.8406259e-11
0
0
0
0
0
0
2.6055779e-09
7.4602722e-11
8.2231071e-11
9.2610325e-11
0
0
0
0
0
0
0
2.6226509e-09
9.4154249e-11
1.0785497e-10
0
0
0
0
0
0
0
0
2.6456274e-09
1.255173e-10
0
0
0
0
0
0
0
0
0
2.6912064e-09
2.5403343e-09
3.4012697e-12
4.0276591e-12
4.3429868e-12
4.5753751e-12
4.773257e-12
4.9392455e-12
5.0898568e-12
5.240648e-12
5.4453097e-12
0
2.5462492e-09
1.0231978e-11
1.1573817e-11
1.2574949e-11
1.3428809e-11
1.4145177e-11
1.4795194e-11
1.5445997e-11
1.6329321e-11
0
0
2.5530361e-09
1.7199764e-11
1.9248909e-11
2.1014116e-11
2.2497916e-11
2.3844528e-11
2.519279e-11
2.7022784e-11
0
0
0
2.5594396e-09
2.4035408e-11
2.6743914e-11
2.9036609e-11
3.1119622e-11
3.3205396e-11
3.6036437e-11
0
0
0
0
2.5666608e-09
3.1976591e-11
3.5248376e-11
3.8235632e-11
4.1229067e-11
4.5292271e-11
0
0
0
0
0
2.5754697e-09
4.1461293e-11
4.5600914e-11
4.9763885e-11
5.5416621e-11
0
0
0
0
0
0
2.5857167e-09
5.2739701e-11
5.8337927e-11
6.5956103e-11
0
0
0
0
0
0
0
2.598288e-09
6.7199617e-11
7.7348927e-11
0
0
0
0
0
0
0
0
2.6153737e-09
9.0624354e-11
0
0
0
0
0
0
0
0
0
2.6496373e-09
