# Fiducial parameters, omega_b = 0.022237, omega_cdm = 0.12, H0 = 67.36, ln10^{10}A_s = 3.044, n_s = 0.9649, tau_reio = 0.0544, M_tot = 0.24, sigma_NL = 7, beta_0^Euclid = 1, beta_1^Euclid = 1, z_reio = 1, Omega_Lambda = 1, YHe = 1, 100*theta_s = 1, A_s = 0, sigma8 = 0
29560.978 29810.878
28200.932 28426.662
26922.125 27126.139
25719.302 25903.813
24587.493 24754.487
23522.007 23673.27
22518.44 22655.572
21572.665 21697.1
20680.825 20793.845
19839.323 19942.076
19044.805 19138.317
18294.154 18379.344
17584.47 17662.158
16913.062 16983.981
16277.428 16342.235
15675.248 15734.529
15104.368 15158.648
14562.788 14612.538
14048.653 14094.294
13560.241 13602.15
13095.952 13134.469
12654.301 12689.73
12233.908 12266.521
11833.489 11863.533
11451.851 11479.548
11087.883 11113.432
10740.552 10764.134
28184.869 28430.821
26888.981 27110.936
25670.434 25870.842
24524.233 24705.3
23445.647 23609.356
22430.217 22578.346
21473.751 21607.897
20572.324 20693.915
19722.265 19832.58
18920.151 19020.333
18162.793 18253.863
17447.222 17530.094
16770.68 16846.168
16130.604 16199.437
15524.612 15587.442
14950.497 15007.905
14406.207 14458.713
13889.838 13937.908
13399.624 13443.675
12933.925 12974.329
12491.217 12528.309
12070.085 12104.166
11669.216 11700.553
11287.385 11316.222
10923.458 10950.011
10576.375 10600.841
10245.152 10267.707
26766.632 27006.336
25536.744 25752.816
24380.196 24575.062
23292.255 23468.1
22268.441 22427.229
21304.526 21448.021
20396.541 20526.321
19540.765 19658.244
18733.72 18840.162
17972.161 18068.696
17253.067 17340.703
16573.622 16653.261
15931.212 16003.658
15323.407 15389.377
14747.95 14808.085
14202.747 14257.618
13685.851 13735.971
13195.458 13241.283
12729.893 12771.831
12287.599 12326.015
11867.132 11902.352
11467.149 11499.467
11086.403 11116.081
10723.734 10751.008
10378.064 10403.144
10048.388 10071.466
9733.772 9755.0187
25337.639 25568.982
24174.139 24382.387
23079.96 23267.502
22050.633 22219.621
21081.927 21234.293
20169.851 20307.33
19310.654 19434.798
18500.824 18613.022
17737.074 17838.568
17016.34 17108.237
16335.766 16419.056
15692.694 15768.258
15084.652 15153.277
14509.343 14571.732
13964.636 14021.414
13448.55 13500.274
12959.247 13006.415
12495.02 12538.076
12054.284 12093.625
11635.57 11671.549
11237.51 11270.444
10858.836 10889.007
10498.367 10526.03
10155.007 10180.388
9827.7358 9851.0379
9515.6032 9537.0096
9217.7252 9237.4001
23930.35 24151.548
22832.134 23030.923
21799.294 21978.012
20827.618 20988.371
19913.119 20057.798
19052.038 19182.337
18240.84 18358.277
17476.214 17582.146
16755.066 16850.703
16074.504 16160.927
15431.838 15510.009
14824.562 14895.34
14250.346 14314.495
13707.024 13765.225
13192.586 13245.445
12705.165 12753.221
12243.026 12286.761
11804.56 11844.401
11388.273 11424.602
10992.776 11025.935
10616.782 10647.073
10259.091 10286.786
9918.5919 9943.9326
9594.2488 9617.4518
9285.0989 9306.358
8990.2458 9009.7348
8708.855 8726.7297
22576.42 22786.167
21540.938 21729.071
20567.043 20735.841
19650.773 19802.285
18788.375 18924.442
17976.311 18098.581
17211.253 17321.203
16490.086 16589.032
15809.895 15899.011
15167.958 15248.294
14561.743 14634.229
13988.889 14054.356
13447.202 13506.388
12934.642 12988.205
12449.317 12497.839
11989.465 12033.466
11553.455 11593.396
11139.769 11176.061
10747 10780.007
10373.84 10403.887
10019.073 10046.45
9681.5711 9706.5359
9360.2852 9383.0674
9054.2395 9075.0439
8762.5263 8781.5359
8484.3004 8501.6788
8218.775 8234.6687
21305.017 21502.625
20328.381 20505.232
19409.784 19568.088
18545.496 18687.242
17731.982 17858.957
16965.912 17079.712
16244.153 16346.206
15563.769 15655.351
14922.017 15004.264
14316.333 14390.256
13744.331 13810.83
13203.788 13263.663
12692.637 12746.597
12208.957 12257.633
11750.962 11794.914
11316.995 11356.721
10905.517 10941.457
10515.098 10547.644
10144.411 10173.911
9792.2236 9818.9856
9457.3904 9481.6888
9138.8469 9160.9255
8835.6042 8855.6796
8546.7421 8565.007
8271.4046 8288.0308
8008.7945 8023.9352
7758.1699 7771.9617
20139.738 20325.22
19216.993 19382.583
18349.043 18496.881
17532.368 17664.378
16763.635 16881.544
16039.7 16145.054
15357.609 15451.788
14714.592 14798.828
14108.06 14183.449
13535.595 13603.113
12994.944 13055.457
12484.01 12538.287
12000.842 12049.566
11543.627 11587.403
11110.68 11150.043
10700.435 10735.862
10311.441 10343.352
9942.3463 9971.1147
9591.899 9617.8551
9258.9347 9282.3712
8942.3717 8963.5482
8641.205 8660.3516
8354.5003 8371.8209
8081.3885 8097.0641
7821.061 7835.2522
7572.7646 7585.6145
7335.7984 7347.4341
19095.808 19269.896
18221.315 18376.331
17398.718 17536.729
16624.685 16747.552
15896.06 16005.452
15209.867 15307.28
14563.31 14650.077
13953.767 14031.08
13378.788 13447.704
12836.084 12897.544
12323.522 12378.363
11839.117 11888.079
11381.022 11424.761
10947.52 10986.618
10537.015 10571.987
10148.026 10179.328
9779.177 9807.2112
9429.1896 9454.3122
9096.8771 9119.4029
8781.1367 8801.3441
8480.944 8499.0793
8195.3468 8211.6277
7923.4599 7938.0791
7664.4601 7677.5877
7417.5811 7429.368
7182.1092 7192.6894
6957.3802 6966.8721
18178.08 18342.145
17345.997 17491.716
16563.267 16692.64
15826.722 15941.548
15133.362 15235.257
14480.357 14570.768
13865.049 13945.268
13284.946 13356.125
12737.718 12800.883
12221.19 12277.251
11733.333 11783.1
11272.262 11316.45
10836.219 10875.465
10423.574 10458.437
10032.808 10063.787
9662.5142 9690.047
9311.3832 9335.8577
8978.1999 8999.9585
8661.8358 8681.1806
8361.2425 8378.44
8075.4454 8090.7313
7803.539 7817.121
7544.6815 7556.7429
7298.0899 7308.7924
7063.0352 7072.5215
6838.8386 6847.235
6624.868 6632.2862
17378.251 17534.068
16583.127 16721.211
15835.149 15957.431
15131.29 15239.511
14468.681 14564.407
13844.621 13929.256
13256.569 13331.368
12702.146 12768.228
12179.127 12237.489
11685.433 11736.962
11219.13 11264.613
10778.415 10818.548
10361.611 10397.013
9967.16 9998.3777
9593.6139 9621.1299
9239.6276 9263.8684
8903.9513 8925.2938
8585.4248 8604.2013
8282.9704 8299.4738
7995.5868 8010.0754
7722.3432 7735.0449
7462.375 7473.4904
7214.878 7224.5839
6979.1044 6987.5563
6754.3578 6761.6929
6539.9899 6546.3291
6335.3967 6340.8469
16673.698 16823.048
15911.126 16043.249
15193.768 15310.525
14518.715 14621.791
13883.215 13974.128
13284.675 13364.789
12720.659 12791.196
12188.884 12250.936
11687.217 11741.756
11213.666 11261.559
10766.375 10808.391
10343.617 10380.439
9943.7838 9976.0183
9565.3826 9593.5647
9207.0253 9231.6289
8867.4226 8888.8663
8545.3769 8564.0306
8239.7762 8255.966
7949.5878 7963.6011
7673.8519 7685.9421
7411.6764 7422.0669
7162.2326 7171.12
6924.7498 6932.3071
6698.5112 6704.8904
6482.8492 6488.1843
6277.1423 6281.5513
6080.8116 6084.3984
16027.359 16171.42
15294.623 15421.911
14605.341 14717.644
13956.711 14055.655
13346.086 13433.137
12770.97 12847.452
12229.02 12296.122
11718.042 11776.827
11235.984 11287.404
10780.933 10825.836
10351.106 10390.246
9944.8429 9978.8923
9560.6003 9590.1543
9196.9435 9222.5301
8852.5396 8874.6262
8526.1505 8545.1507
8216.6263 8232.9056
7922.8992 7936.7802
7643.9775 7655.7448
7378.9397 7388.8441
7126.9294 7135.1922
6887.1505 6893.9666
6658.8634 6664.4041
6441.3795 6445.7954
6234.0581 6237.4816
6036.3021 6038.8502
5847.5557 5849.331
15390.567 15529.152
14687.156 14809.489
14025.481 14133.261
13402.844 13497.623
12816.696 12899.883
12264.637 12337.505
11744.414 11808.111
11253.918 11309.476
10791.178 10839.521
10354.356 10396.311
9941.7387 9978.0446
9551.7338 9583.0471
9182.8594 9209.7646
8833.7384 8856.7546
8503.0919 8522.6795
8189.7318 8206.2988
7892.5549 7906.4623
7610.5367 7622.1037
7342.726 7352.2342
7088.2388 7095.9368
6846.2535 6852.3608
6616.0066 6620.7167
6396.7884 6400.2714
6187.9389 6190.3442
5988.843 5990.3024
5798.9282 5799.5577
5617.6614 5617.5629
14709.502 14840.294
14037.329 14152.623
13405.071 13506.454
12810.14 12899.066
12250.089 12327.888
11722.62 11790.498
11225.575 11284.623
10756.935 10808.138
10314.813 10359.057
9897.4511 9935.5306
9503.2121 9535.8377
9130.5728 9158.379
8778.1171 8801.6693
8444.5291 8464.3306
8128.5865 8145.0848
7829.1548 7842.7465
7545.18 7556.217
7275.6837 7284.4773
7019.7575 7026.5827
6776.5572 6781.657
6545.2982 6548.8874
6325.2516 6327.5195
6115.7398 6116.8529
5916.1324 5916.237
5725.8425 5725.0675
5544.3231 5542.7821
5371.0653 5368.8579
13935.949 14054.01
13299.087 13402.835
12700.083 12790.955
12136.473 12215.796
11605.931 11674.922
11106.271 11166.041
10635.443 10687.001
10191.529 10235.789
9772.7402 9810.5255
9377.4068 9409.4592
9003.9762 9030.9608
8651.0043 8673.5159
8317.1487 8335.7184
8001.1622 8016.2634
7701.8866 7713.9409
7418.2471 7427.6285
7149.2453 7156.2858
6893.9544 6898.9481
6651.5142 6654.7208
6421.1254 6422.7742
6202.0448 6202.3388
5993.5823 5992.7002
5795.0965 5793.1952
5605.9905 5603.2078
5425.7086 5422.1656
5253.733 5249.5365
5089.5819 5084.8251
13041.187 13139.14
12444.976 12530.408
11884.252 11958.406
11356.696 11420.729
10860.123 10915.1
10392.476 10439.377
9951.8332 9991.5484
9536.3936 9569.7325
9144.4778 9172.1729
8774.5208 8797.2324
8425.0669 8443.3881
8094.7628 8109.2246
7782.3506 7793.4274
7486.662 7494.777
7206.6123 7212.1422
6941.195 6944.4738
6689.4752 6690.7994
6450.5855 6450.2172
6223.7207 6221.891
6008.1325 6005.0452
5803.1256 5798.9605
5608.0542 5602.969
5422.3181 5416.4509
5245.3587 5238.8303
5076.6562 5069.5722
4915.7259 4908.179
4762.1172 4754.1879
12028.994 12098.185
11478.58 11537.725
10960.974 11011.081
10474.025 10516.037
10015.708 10050.497
9584.1179 9612.4903
9177.4728 9200.1644
8794.1074 8811.7874
8432.4671 8445.742
8091.1043 8100.5214
7768.6726 7774.7235
7463.9211 7467.0451
7175.687 7176.2764
6902.8906 6901.2944
6644.5298 6641.0577
6399.6745 6394.6007
6167.4615 6161.0278
5947.0894 5939.5089
5737.815 5729.2742
5538.9471 5529.6097
5349.8438 5339.853
5169.9089 5159.3893
4998.5883 4987.648
4835.3665 4824.0988
4679.7636 4668.2492
4531.3323 4519.641
4389.6566 4377.8482
10942.178 10974.766
10440.764 10466.388
9969.2849 9988.6811
9525.7745 9539.6352
9108.3787 9117.3509
8715.3574 8720.039
8345.082 8346.0206
7996.0313 7993.7246
7666.7854 7661.6843
7356.0223 7348.5329
7062.5131 7052.9988
6785.116 6773.9
6522.7702 6510.1393
6274.4905 6260.698
6039.3625 6024.6318
5816.5383 5801.0646
5605.2305 5589.1842
5404.7084 5388.2378
5214.2943 5197.527
5033.3584 5016.4042
4861.3152 4844.2687
4697.6214 4680.5628
4541.772 4524.7688
4393.2974 4376.406
4251.7601 4235.0273
4116.7526 4100.2175
3987.8958 3971.5897
9856.6122 9848.0073
9403.9886 9391.8555
8978.4394 8963.2213
8578.1815 8560.3025
8201.5348 8181.3946
7846.9226 7824.8926
7512.8699 7489.2901
7197.9991 7173.1776
6901.0246 6875.2393
6620.7494 6594.2489
6356.0615 6329.0655
6105.9279 6078.6288
5869.3885 5841.9541
5645.5523 5618.1278
5433.5923 5406.3023
5232.7416 5205.6918
5042.2882 5015.5675
4861.5715 4835.2539
4689.9791 4664.1245
4526.9415 4501.5982
4371.9296 4347.1361
4224.4525 4200.2376
4084.054 4060.4385
3950.3097 3927.3073
3822.8243 3800.4429
3701.2298 3679.4727
3585.1837 3564.0497
8862.0554 8812.7632
8454.0037 8404.5891
8070.4202 8021.0368
7709.6893 7660.4937
7370.2885 7321.435
7050.7899 7002.4245
6749.8579 6702.1145
6466.2454 6419.244
6198.789 6152.6355
5946.4054 5901.1919
5708.0887 5663.8924
5482.9048 5439.7883
5269.9857 5227.9985
5068.5256 5027.7055
4877.7771 4838.1511
4697.0471 4658.632
4525.6923 4488.4962
4363.116 4327.1392
4208.7651 4174.0005
4062.1253 4028.5602
3922.7186 3890.3358
3790.102 3758.8797
3663.8636 3633.7764
3543.6205 3514.6397
3429.0158 3401.1109
3319.7174 3292.8565
3215.4165 3189.566
8034.1031 7950.0872
7663.0545 7581.8907
7314.3282 7235.9031
6986.4436 6910.67
6678.0063 6604.816
6387.7091 6317.0458
6114.33 6046.144
5856.7288 5790.9729
5613.8417 5550.4707
5384.6788 5323.6477
5168.3215 5109.5833
4963.9168 4907.4216
4770.6725 4716.368
4587.8532 4535.6851
4414.7773 4364.6889
4250.8127 4202.7451
4095.3728 4049.2655
3947.9137 3903.705
3807.9317 3765.5579
3674.958 3634.3552
3548.5573 3509.6619
3428.3262 3391.074
3313.8897 3278.2168
3204.8992 3170.7419
3101.03 3068.3258
3001.9798 2970.6676
2907.4676 2877.4872
7407.631 7298.8034
7064.5044 6960.7883
6742.1087 6643.1604
6439.0586 6344.5849
6154.0511 6063.7992
5885.8654 5799.6142
5633.3619 5550.9142
5395.478 5316.6551
5171.2227 5095.862
4959.675 4887.6266
4759.9802 4691.1037
4571.3458 4505.5076
4393.0358 4330.109
4224.3676 4164.2309
4064.7083 4007.2454
3913.4718 3858.5702
3770.1141 3717.6655
3634.1312 3584.0307
3505.0563 3457.2016
3382.4553 3336.7478
3265.9251 3222.2697
3155.0922 3113.3968
3049.6099 3009.7849
2949.1553 2911.1142
2853.4282 2817.0877
2762.1491 2727.4291
2675.0581 2641.8815
6960.9943 6837.9832
6637.7156 6521.3248
6334.0734 6223.7645
6048.7413 5944.0519
5780.4736 5681.0044
5528.1052 5433.5082
5290.55 5200.5181
5066.7967 4981.056
4855.9032 4774.2089
4656.9946 4579.1257
4469.2602 4395.0148
4291.9489 4221.1402
4124.3636 4056.8186
3965.8583 3901.4159
3815.8344 3754.3439
3673.7381 3615.0571
3539.0555 3483.0499
3411.311 3357.8532
3290.064 3239.0324
3174.9051 3126.1839
3065.4544 3018.9338
2961.3599 2916.9347
2862.2948 2819.8643
2767.9553 2727.423
2678.0587 2639.3325
2592.3418 2555.3341
2510.5602 2475.187
6616.4473 6486.1557
6308.4283 6185.8035
6019.238 5903.5651
5747.5873 5638.2547
5492.2678 5388.7505
5252.1518 5153.9963
5026.19 4933.0008
4813.4068 4724.8364
4612.8948 4528.637
4423.8125 4343.5955
4245.3811 4168.9611
4076.8801 4004.0357
3917.6412 3848.1714
3767.0459 3700.7665
3624.5216 3561.2634
3489.5389 3429.1445
3361.6069 3303.9304
3240.2715 3185.1761
3125.1127 3072.4693
3015.7401 2965.4275
2911.7914 2863.6957
2812.9316 2766.9446
2718.8496 2674.8685
2629.2562 2587.1832
2543.8824 2503.6247
2462.478 2423.9477
2384.8105 2347.9237
6263.8956 6125.3707
5971.4508 5841.7369
5697.0094 5575.2079
5439.321 5324.6639
5197.216 5089.0458
4969.6052 4867.3563
4755.4768 4658.6592
4553.8923 4462.0787
4363.9794 4276.797
4184.9308 4102.052
4016.0004 3937.1345
3856.4985 3781.3856
3705.7866 3634.1932
3563.2739 3494.9894
3428.4141 3363.2474
3300.7028 3238.4787
3179.6724 3120.2304
3064.8909 3008.0823
2955.9588 2901.6452
2852.5051 2800.5577
2754.1858 2704.4848
2660.6828 2613.1154
2571.7009 2526.1607
2486.9659 2443.3526
2406.2228 2364.4416
2329.2344 2289.1961
2255.7804 2217.4004
5812.6606 5656.4605
5540.1358 5394.5493
5284.5115 5148.4323
5044.5991 4917.0755
4819.2885 4699.501
4607.5479 4494.7879
4408.4203 4302.072
4221.0191 4120.5444
4044.5217 3949.45
3878.1673 3788.0851
3721.2537 3635.795
3573.1329 3491.9712
3433.2052 3356.0486
3300.9163 3227.5026
3175.7543 3105.847
3057.2465 2990.6306
2944.9557 2881.4351
2838.4776 2777.8728
2737.4391 2679.5841
2641.4936 2586.2353
2550.3201 2497.517
2463.6216 2413.1421
2381.1231 2332.8439
2302.5691 2256.3746
2227.7219 2183.5042
2156.3605 2114.0185
2088.2801 2047.7184
5250.7826 5064.4908
5003.0514 4829.9975
4770.7969 4609.6444
4552.9204 4402.506
4348.3969 4207.7068
4156.2743 4024.4223
3975.6709 3851.8787
3805.7705 3689.3521
3645.8163 3536.1663
3495.1088 3391.6914
3353.0034 3255.3411
3218.9054 3126.5708
3092.2652 3004.8745
2972.5746 2889.7826
2859.3651 2780.8596
2752.2042 2677.7018
2650.6921 2579.9347
2554.4593 2487.211
2463.1651 2399.2089
2376.4933 2315.6296
2294.1507 2236.1961
2215.8669 2160.6513
2141.3911 2088.7565
2070.4904 2020.2898
2002.9487 1955.0453
1938.5646 1892.8313
1877.1519 1833.4694
4659.9169 4437.2464
4438.2193 4231.8018
4230.4812 4038.7452
4035.704 3857.266
3852.9567 3686.5971
3681.3753 3526.0163
3520.16 3374.8457
3368.5709 3232.4509
3225.9223 3098.2397
3091.5808 2971.6602
2964.9631 2852.1988
2845.5317 2739.3783
2732.7896 2632.7554
2626.2779 2531.9187
2525.5736 2436.4869
2430.2866 2346.1059
2340.0563 2260.4479
2254.5498 2179.2086
2173.4604 2102.1058
2096.5033 2028.8781
2023.4147 1959.2826
1953.9514 1893.0941
1887.8882 1830.1035
1825.0159 1770.1164
1765.1401 1712.9523
1708.0806 1658.4433
1653.6698 1606.4332
4157.8463 3904.0284
3958.2116 3723.2768
3771.2594 3553.4241
3596.0746 3393.7568
3431.8042 3243.6003
3277.6573 3102.3192
3132.9026 2969.317
2996.8642 2844.0358
2868.9156 2725.9544
2748.4789 2614.5874
2635.0224 2509.4829
2528.0563 2410.2209
2427.1284 2316.4117
2331.821 2227.6932
2241.7494 2143.7299
2156.5595 2064.2104
2075.9236 1988.8461
1999.5398 1917.3695
1927.13 1849.5322
1858.4363 1785.1043
1793.2195 1723.8721
1731.2597 1665.6373
1672.3531 1610.2161
1616.3106 1557.4375
1562.9567 1507.1426
1512.1283 1459.1836
1463.6746 1413.4233
3809.4708 3537.9506
3625.0933 3374.152
3452.5464 3220.2298
3290.9653 3075.5375
3139.5449 2939.4638
2997.5401 2811.4329
2864.2628 2690.9043
2739.0778 2577.3723
2621.3975 2470.3649
2510.6798 2369.4419
2406.4271 2274.1941
2308.1815 2184.2408
2215.5206 2099.2287
2128.0546 2018.8299
2045.4248 1942.7403
1967.3015 1870.6777
1893.3797 1802.3806
1823.3789 1737.6064
1757.0407 1676.1304
1694.1256 1617.7439
1634.4119 1562.2534
1577.6957 1509.4793
1523.7882 1459.2548
1472.5146 1411.4251
1423.7123 1365.8461
1377.2306 1322.3841
1332.9302 1280.9145
3577.6245 3299.9723
3403.3642 3147.1951
3240.4062 3003.6294
3087.9101 2868.6724
2945.0958 2741.754
2811.2425 2622.3369
2685.6859 2509.9173
2567.8143 2404.0235
2457.0621 2304.215
2352.9091 2210.0817
2254.8781 2121.2415
2162.5309 2037.3396
2075.4636 1958.0465
1993.3041 1883.0562
1915.7106 1812.0851
1842.3688 1744.87
1772.9888 1681.1671
1707.304 1620.7502
1645.0691 1563.4094
1586.0571 1508.9503
1530.0578 1457.1923
1476.8781 1407.968
1426.3395 1361.1218
1378.2767 1316.5092
1332.5362 1273.996
1288.9758 1233.4573
1247.4637 1194.777
3355.5168 3072.1596
3190.9469 2929.9322
3037.1713 2796.2801
2893.3742 2670.642
2758.7993 2552.4872
2632.7497 2441.3158
2514.5843 2336.6585
2403.7138 2238.0762
2299.5942 2145.1591
2201.726 2057.5251
2109.6517 1974.8188
2022.9521 1896.7097
1941.2409 1822.891
1864.1631 1753.0781
1791.3928 1687.0068
1722.6307 1624.4323
1657.6012 1565.1273
1596.0509 1508.8814
1537.7473 1455.4992
1482.4749 1404.7998
1430.0346 1356.6149
1380.2439 1310.7888
1332.934 1267.1765
1287.9486 1225.6437
1245.1428 1186.0653
1204.3825 1148.3251
1165.5434 1112.3149
3061.8331 2762.581
2910.1154 2634.6881
2768.464 2514.506
2636.1083 2401.5302
2512.3349 2295.2833
2396.487 2195.3159
2287.9616 2101.206
2186.2048 2012.5588
2090.7061 1929.0057
2000.9972 1850.2032
1916.6495 1775.8318
1837.2711 1705.5942
1762.5011 1639.2146
1692.008 1576.437
1625.488 1517.0239
1562.6623 1460.7552
1503.2745 1407.4265
1447.0889 1356.8485
1393.8897 1308.8457
1343.4768 1263.2552
1295.6657 1219.9259
1250.2873 1178.7176
1207.1852 1139.5001
1166.2151 1102.1524
1127.2429 1066.5622
1090.1447 1032.6249
1054.806 1000.2433
2733.9279 2412.0165
2596.5694 2300.3547
2468.4352 2195.4251
2348.8117 2096.787
2237.0393 2004.0238
2132.5107 1916.743
2034.6692 1834.5762
1943.0038 1757.1789
1857.0437 1684.2292
1776.3572 1615.4271
1700.5502 1550.4937
1629.262 1489.1694
1562.1611 1431.2136
1498.943 1376.4026
1439.3289 1324.5291
1383.0634 1275.4009
1329.9115 1228.8396
1279.6575 1184.6799
1232.1042 1142.7686
1187.0687 1102.9635
1144.3826 1065.1326
1103.8914 1029.1535
1065.453 994.91254
1028.9355 962.30416
994.21714 931.2302
961.18519 901.59942
929.73556 873.3269
2465.6507 2126.8211
2340.033 2028.3636
2222.9588 1935.8421
2113.7598 1848.868
2011.8183 1767.0741
1916.5666 1690.1142
1827.4847 1617.6635
1744.0958 1549.4183
1665.9609 1485.0946
1592.678 1424.4281
1523.8801 1367.1727
1459.2324 1313.0998
1398.4268 1261.9969
1341.1808 1213.6669
1287.2359 1167.9271
1236.3558 1124.6079
1188.3228 1083.5521
1142.9376 1044.6139
1100.0182 1007.6582
1059.3958 972.55962
1020.915 939.20183
984.43367 907.47688
949.82089 877.28453
916.95551 848.53169
885.72555 821.13183
856.02754 795.00449
827.76601 770.07482
2284 1939.1165
2166.346 1849.3497
2056.7956 1764.9948
1954.7058 1685.6976
1859.4832 1611.1233
1770.5835 1540.9562
1687.5084 1474.9004
1609.8023 1412.6786
1537.0457 1354.0324
1468.8551 1298.7204
1404.881 1246.5185
1344.8049 1197.2181
1288.334 1150.6255
1235.2003 1106.5611
1185.1587 1064.8582
1137.9852 1025.3623
1093.4743 987.93
1051.4375 952.42841
1011.703 918.73431
974.11174 886.73341
938.51723 856.31964
904.7858 827.39459
872.79437 799.86688
842.42912 773.65162
813.58496 748.66991
786.16484 724.84842
760.07932 702.11888
2124.6892 1776.1524
2014.0426 1693.9306
1911.114 1616.6657
1815.2824 1544.0335
1725.9755 1475.727
1642.6689 1411.4574
1564.8838 1350.9534
1492.1824 1293.9612
1424.1626 1240.2439
1360.4569 1189.5807
1300.7313 1141.7661
1244.6813 1096.6091
1192.0277 1053.9324
1142.5151 1013.5713
1095.9101 975.37328
1052 939.19669
1010.5893 904.91027
971.49938 872.3923
934.56746 841.5299
899.64297 812.21837
866.58728 784.36059
835.2742 757.8664
805.58754 732.65211
777.41998 708.63997
750.6725 685.7577
725.25374 663.93814
701.07958 643.11876
1934.4484 1576.0411
1832.1748 1503.0836
1737.1307 1434.5245
1648.7276 1370.076
1566.4237 1309.4659
1489.7233 1252.4376
1418.174 1198.7507
1351.3628 1148.1799
1288.9104 1100.515
1230.4708 1055.5601
1175.7295 1013.1327
1124.4006 973.06353
1076.2217 935.19514
1030.9532 899.38152
988.37624 865.4872
948.29169 833.38655
910.51667 802.96309
874.8842 774.10882
841.24234 746.72358
809.45058 720.71448
779.37967 695.99532
750.91213 672.48612
723.93989 650.1126
698.36316 628.80578
674.09 608.50153
651.03564 589.14025
629.12208 570.66646
1750.4751 1381.5484
1656.3109 1317.595
1568.8952 1257.497
1487.6728 1201.0023
1412.1329 1147.8722
1341.8086 1097.882
1276.2741 1050.8207
1215.1413 1006.4909
1158.0539 964.70834
1104.6869 925.30127
1054.7455 888.10986
1007.9617 852.98557
964.09018 819.79048
922.90649 788.39656
884.20623 758.68506
847.80343 730.54586
813.5275 703.87688
781.22281 678.58342
750.74792 654.57769
721.97209 631.77827
694.77513 610.10959
669.04798 589.50154
644.69039 569.88902
621.60985 551.21156
599.72118 533.41294
578.94597 516.44093
559.21211 500.24688
1613.5077 1240.9769
1525.4338 1183.5312
1443.7549 1129.5486
1367.939 1078.8025
1297.4967 1031.0787
1231.9815 986.17517
1170.9865 943.90253
1114.1412 904.08346
1061.1058 866.55242
1011.5706 831.15514
965.2552 797.74805
921.90475 766.19774
881.28619 736.3803
843.18662 708.18075
807.41224 681.49244
773.78697 656.21643
742.14936 632.26103
712.35233 609.54119
684.26239 587.97804
657.75616 567.49845
632.72036 548.03456
609.0523 529.52337
586.65771 511.9064
565.44962 495.12934
545.34805 479.14171
526.27943 463.89657
508.17618 449.35023
1492.6738 1118.5222
1410.0141 1066.7454
1333.4335 1018.0899
1262.4206 972.35164
1196.5053 929.33728
1135.2593 888.86492
1078.2928 850.7638
1025.2511 814.87412
975.80913 781.04664
929.67108 749.14235
886.56917 719.03185
846.2605 690.59488
808.52303 663.71977
773.15411 638.3029
739.96945 614.24811
708.80179 591.46628
679.49792 569.87472
651.91837 549.3968
625.93673 529.96143
601.43624 511.50269
578.30974 493.95941
556.46026 477.27482
535.79886 461.39622
516.24352 446.27465
497.71889 431.8646
480.15574 418.12377
463.4905 405.01278
1364.4697 986.07437
1287.5529 940.42892
1216.3689 897.5352
1150.4305 857.21314
1089.2905 819.29245
1032.5414 783.61272
979.81303 750.02341
930.7686 718.38365
885.0998 688.56191
842.52622 660.43559
802.7943 633.89065
765.67424 608.82107
730.9561 585.12839
698.44842 562.72126
667.97723 541.51492
639.3848 521.43079
612.52674 502.39598
587.27175 484.34293
563.50095 467.20898
541.10457 450.936
519.98196 435.47008
500.04217 420.76117
481.20182 406.7628
463.38409 393.43181
446.51848 380.7281
430.54024 368.61435
415.39002 357.05587
1253.6861 873.4398
1181.7801 833.00847
1115.3031 795.01451
1053.7893 759.29845
996.81126 725.70943
943.98003 694.10537
894.94247 664.35293
849.37776 636.32733
806.99219 609.91207
767.51892 584.99857
730.71688 561.48579
696.3678 539.27984
664.27239 518.29351
634.24901 498.44587
606.1328 479.66186
579.7744 461.87187
555.03717 445.01133
531.79698 429.02041
509.94159 413.8436
489.36738 399.42941
469.9794 385.73008
451.69198 372.7013
434.42667 360.30189
418.11118 348.49363
402.67925 337.24099
388.07012 326.51092
374.22808 316.2727
1160.1175 780.79
1092.5074 744.64758
1030.0643 710.68397
972.34057 678.75661
918.92615 648.73063
869.44789 620.47905
823.56742 593.88268
780.97759 568.82996
741.39736 545.21676
704.57161 522.94601
670.27006 501.92741
638.2844 482.077
608.42456 463.31684
580.5174 445.57457
554.40593 428.7831
529.94805 412.8802
507.01383 397.80817
485.48537 383.5135
465.25614 369.94657
446.22786 357.06137
428.31055 344.81521
411.42309 333.16845
395.49127 322.08431
380.44676 311.52861
366.22698 301.46958
352.77459 291.8777
340.03707 282.72549
1068.4115 689.42505
1005.0279 657.51205
946.54804 627.52288
892.54351 599.33166
842.62188 572.81933
796.42649 547.87374
753.63415 524.38965
713.95172 502.26858
677.11112 481.41855
642.86914 461.75388
611.00647 443.19481
581.32487 425.66724
553.64355 409.10233
527.79794 393.4362
503.63892 378.60961
481.03163 364.56761
459.85283 351.25924
439.99079 338.63728
421.34467 326.65789
403.82145 315.28046
387.33601 304.46729
371.81177 294.18338
357.17865 284.39625
343.3722 275.07573
330.33344 266.19376
318.00838 257.72427
306.34759 249.643
987.13889 610.05136
927.55491 581.81262
872.63496 555.27622
821.96811 530.3308
775.17828 506.87096
731.92392 484.79744
691.89583 464.01716
654.81374 444.44296
620.42147 425.99346
588.48673 408.59284
558.80026 392.17053
531.17303 376.66095
505.43276 362.00319
481.42267 348.14074
459.00085 335.02116
438.03904 322.59583
418.42011 310.81968
400.03792 299.65089
382.79682 289.05071
366.60855 278.98318
351.39244 269.41493
337.07597 260.315
323.59286 251.65466
310.88215 243.4072
298.88812 235.54781
287.55978 228.05341
276.85053 220.90253
914.63348 540.81066
858.49527 515.7771
806.80012 492.25264
759.15351 470.13855
715.19466 449.34143
674.59617 429.77331
637.06182 411.35165
602.32331 393.99916
570.13552 377.64372
540.27633 362.21809
512.54577 347.65974
486.76336 333.91052
462.76466 320.91643
440.40014 308.62737
419.53452 296.99687
400.04561 285.98182
381.82192 275.54227
364.76247 265.64114
348.77633 256.24408
333.77966 247.31921
319.69585 238.83696
306.4561 230.76988
293.99758 223.09249
282.26254 215.78111
271.19821 208.81376
260.75639 202.16997
250.893 195.83071
846.86047 476.69082
793.97882 454.62543
745.3277 433.8902
700.52868 414.3981
659.23596 396.06681
621.13596 378.8188
585.94516 362.58129
553.40693 347.28619
523.28693 332.86991
495.37289 319.2732
469.47389 306.44094
445.41769 294.32187
423.04746 282.8684
402.22062 272.03638
382.80827 261.78482
364.6941 252.07575
347.77197 242.87394
331.94587 234.14672
317.12938 225.8638
303.24287 217.99709
290.21359 210.52051
277.97628 203.40988
266.4714 196.64274
255.64422 190.19821
245.4448 184.05691
235.82753 178.20082
226.75075 172.61315
786.5314 421.32806
736.61055 401.8254
690.72332 383.4984
648.50645 366.27015
609.62824 350.06788
573.78804 334.82307
540.71426 320.47139
510.16121 306.95267
481.90461 294.21071
455.74142 282.19314
431.48911 270.85122
408.98317 260.13967
388.07381 250.01641
368.62493 240.44242
350.51357 231.38149
333.62884 222.80005
317.86957 214.66694
303.14432 206.95329
289.37087 199.63234
276.47344 192.67925
264.38286 186.071
253.03714 179.78619
242.37974 173.80498
232.35873 168.10893
222.92672 162.68088
214.0405 157.50492
205.66062 152.5662
730.7929 371.12924
683.65143 353.95024
640.35528 337.80684
600.55595 322.63127
563.93539 308.35943
530.20558 294.93097
499.10646 282.28923
470.40293 270.3812
443.88043 259.15738
419.34483 248.57164
396.62173 238.58106
375.55398 229.14573
355.99862 220.2286
337.82575 211.79531
320.91807 203.81394
305.16989 196.25492
290.4848 189.09082
276.77573 182.29622
263.96442 175.84752
251.97877 169.72286
240.75298 163.90195
230.22817 158.36595
220.35064 153.09736
211.07108 148.07996
202.34455 143.29863
194.13007 138.73935
186.39027 134.38905
680.25386 327.02473
635.68872 311.88728
594.79072 297.66235
557.2256 284.29024
522.68846 271.71447
490.90336 259.88184
461.62133 248.74245
434.61737 238.24958
409.68623 228.35959
386.6423 219.03186
365.31889 210.22856
345.56592 201.91452
327.24684 194.0571
310.23768 186.62602
294.42651 179.59315
279.71254 172.93244
266.00388 166.61971
253.21755 160.63257
241.27904 154.95024
230.11971 149.55343
219.67694 144.42426
209.89475 139.54615
200.72211 134.90368
192.11215 130.48254
184.02222 126.26942
176.41344 122.25195
169.25036 118.41864
633.81947 287.65516
591.67093 274.34014
553.01904 261.82778
517.54334 250.06555
484.95175 239.00378
454.98007 228.59568
427.39004 218.79735
401.96648 209.5677
378.51313 200.86836
356.85259 192.66358
336.82563 184.92009
318.28894 177.60696
301.11217 170.69549
285.17702 164.159
270.37673 157.9728
256.61518 152.11395
243.80479 146.56119
231.8665 141.29483
220.72937 136.29656
210.32805 131.54945
200.60294 127.03777
191.50081 122.74691
182.97315 118.66333
174.97542 114.77443
167.46711 111.06851
160.41132 107.53469
153.77441 104.16285
591.33152 252.91556
551.44757 241.20858
514.89708 230.2073
481.37309 219.86558
450.59595 210.13973
422.31284 200.98861
396.29592 192.37362
372.33946 184.25862
350.25594 176.60989
329.87587 169.396
311.0472 162.58768
293.63315 156.15775
277.50933 150.08096
262.56287 144.33388
248.69196 138.89478
235.80497 133.7435
223.81843 128.86134
212.65702 124.23098
202.25321 119.83635
192.54475 115.66255
183.47495 111.69573
174.99316 107.92308
167.05326 104.33266
159.61292 100.91342
152.63364 97.655059
146.08041 94.548014
139.92127 91.583387
552.21512 222.10481
514.46624 211.82401
479.89379 202.16296
448.20397 193.0811
419.1293 184.54008
392.42806 176.50378
367.88254 168.93829
345.29625 161.81189
324.49012 155.09496
305.30234 148.75988
287.58785 142.78097
271.21616 137.13435
256.06865 131.79786
242.0377 126.7509
229.02625 121.97441
216.94702 117.45067
205.72046 113.16327
195.27485 109.09699
185.54591 105.23773
176.47441 101.57238
168.00637 98.088818
160.09365 94.775756
152.69239 91.622733
145.76236 88.620029
139.267 85.758608
133.17303 83.03007
127.45014 80.426599
516.17934 194.90594
480.44795 185.88414
447.7415 177.40618
417.77912 169.43649
390.30519 161.94142
365.08888 154.88924
341.92235 148.25023
320.61813 141.99653
301.00536 136.10215
282.92974 130.54287
266.25294 125.29614
250.85061 120.341
236.6097 115.65801
223.42767 111.22911
211.21206 107.03754
199.87976 103.06778
189.35503 99.305414
179.5696 95.737094
170.46231 92.350435
161.97681 89.133949
154.06175 86.07698
146.67136 83.169635
139.76396 80.402731
133.30131 77.767737
127.24868 75.256725
121.57447 72.862323
116.24991 70.577671
482.86436 170.88534
449.04665 162.97542
418.10729 155.54231
389.77806 148.55484
363.81503 141.98347
339.99801 135.80043
318.12885 129.97963
298.02886 124.49665
279.53521 119.32872
262.50091 114.45457
246.79422 109.85446
232.29673 105.51001
218.9008 101.40417
206.50884 97.521093
195.03283 93.846103
184.3937 90.365581
174.5194 87.066898
165.34498 83.938346
156.81229 80.969065
148.86774 78.148985
141.46252 75.468762
134.55314 72.919724
128.09999 70.493818
122.06676 68.183565
116.42045 65.982015
111.13108 63.882703
106.17134 61.879615
451.98115 149.69617
419.98422 142.76705
390.7234 136.25563
363.94297 130.13458
339.41046 124.37804
316.91614 118.96168
296.27134 113.86264
277.30596 109.05954
259.86507 104.53241
243.80878 100.26265
229.01178 96.232934
215.36146 92.427185
202.75546 88.830451
191.10096 85.428865
180.31431 82.209562
170.32032 79.160614
161.05051 76.270957
152.44316 73.530335
144.44303 70.929235
136.99919 68.458835
130.06528 66.110951
123.59999 63.877984
117.56573 61.752882
111.92799 59.729093
106.65548 57.800526
101.71975 55.961521
97.094869 54.20681
423.27513 131.02779
393.01536 124.9628
365.35346 119.26342
340.04601 113.90573
316.87181 108.86709
295.6314 104.12619
276.14542 99.663042
258.25222 95.458932
241.80455 91.496377
226.6695 87.759089
212.72805 84.231917
199.87322 80.900778
188.00783 77.752589
177.0437 74.77521
166.90141 71.957383
157.50956 69.288665
148.80314 66.759373
140.72355 64.360531
133.21836 62.083811
126.23924 59.921492
119.74216 57.866409
113.68794 55.911912
108.04091 54.051827
102.76835 52.280421
97.840555 50.592362
93.230551 48.982696
88.913765 47.446812
396.51984 114.59783
367.92157 109.29336
341.78661 104.30865
317.88365 99.62279
296.00261 95.215965
275.9541 91.069536
257.56791 87.166025
240.69068 83.489087
225.18269 80.023412
210.91786 76.754752
197.78331 73.669861
185.6776 70.756427
174.50856 68.002999
164.19256 65.398963
154.65428 62.934472
145.82605 60.600394
137.64618 58.388259
130.05915 56.290216
123.01522 54.298983
116.46858 52.407805
110.37749 50.610415
104.7048 48.900997
99.416709 47.274153
94.482191 45.724867
89.873101 44.248479
85.563884 42.840653
81.531253 41.497358
371.51728 100.15378
344.5114 95.517891
319.83775 91.16146
297.27694 87.066201
276.62983 83.214819
257.71696 79.591021
240.37708 76.179525
224.46493 72.96603
209.84821 69.937172
196.40753 67.080502
184.036 64.384438
172.63758 61.838215
162.12502 59.431833
152.41913 57.156014
143.44859 55.002151
135.14932 52.962262
127.46294 51.028947
120.33684 49.195343
113.72395 47.455086
107.58089 45.802273
101.86813 44.231428
96.550498 42.737468
91.59599 41.315674
86.975227 39.961663
82.661564 38.671361
78.630808 37.44098
74.860917 36.266994
348.09112 87.464451
322.61418 83.415921
299.34168 79.61144
278.066 76.03504
258.59875 72.671623
240.77024 69.506967
224.42799 66.527713
209.43471 63.721361
195.66534 61.076253
183.00706 58.581522
171.35885 56.227047
160.62994 54.003426
150.73786 51.901929
141.60779 49.914453
133.1723 48.033481
125.37082 46.252043
118.14815 44.563676
111.45456 42.962387
105.24557 41.442616
99.480136 39.999211
94.120878 38.62739
89.134556 37.322713
84.490897 36.081058
80.162118 34.898599
76.123023 33.771776
72.350736 32.697282
68.82441 31.672039
326.09021 76.326378
302.08307 72.793406
280.15584 69.473403
260.11247 66.352437
241.77514 63.417335
224.9837 60.655685
209.59433 58.055828
195.47751 55.606848
182.51531 53.29858
170.60128 51.121538
159.64016 49.066892
149.54636 47.126435
140.24206 45.292552
131.65669 43.558169
123.72661 41.916727
116.39469 40.362145
109.60882 38.888783
103.32208 37.491408
97.492482 36.165172
92.081278 34.905575
87.053175 33.708447
82.37679 32.569912
78.02354 31.486375
73.967185 30.454494
70.183929 29.471165
66.652169 28.533501
63.352217 27.638816
305.38402 66.559196
282.79098 63.478328
262.15657 60.583173
243.29609 57.861588
226.04207 55.302083
210.24376 52.893834
195.76577 50.626672
182.48621 48.49108
170.29409 46.478193
159.08923 44.579738
148.78197 42.788016
139.29175 41.095873
130.54533 39.496664
122.47625 37.984223
115.02459 36.55283
108.13655 35.197183
101.76305 33.912361
95.859883 32.693804
90.387485 31.537281
85.309348 30.43887
80.592198 29.394933
76.20646 28.402092
72.125184 27.45721
68.323626 26.557375
64.779347 25.699878
61.471975 24.882203
58.382939 24.102007
285.85878 58.002047
264.62703 55.317271
245.23588 52.794333
227.51176 50.42265
211.29735 48.192208
196.45106 46.093575
182.84576 44.11789
170.36702 42.256861
158.91063 40.502759
148.3825 38.848379
138.69843 37.287009
129.7828 35.812416
121.56679 34.418809
113.98797 33.100814
106.99005 31.853448
100.52244 30.672088
94.539027 29.55245
88.998231 28.490556
83.862861 27.482721
79.098571 26.525527
74.674053 25.615803
70.56148 24.750606
66.735491 23.927202
63.17279 23.143054
59.852252 22.395801
56.754695 21.683249
53.86263 21.003359
267.4173 50.51146
247.49612 48.173407
229.30081 45.976292
212.6687 43.910898
197.45239 41.968503
183.51923 40.140893
170.75016 38.420354
159.038 36.799665
148.28514 35.272096
138.40344 33.831368
129.31404 32.471639
120.94607 31.187481
113.23505 29.973849
106.12245 28.826065
99.555505 27.739789
93.486776 26.710994
87.872993 25.735949
82.675155 24.811193
77.858365 23.933513
73.390376 23.099935
69.241787 22.307696
65.38647 21.554233
61.800599 20.837167
58.462283 20.154286
55.351669 19.503536
52.450728 18.883006
49.743014 18.290919
249.97719 43.959702
231.31718 41.924915
214.27172 40.012785
198.68878 38.21529
184.43062 36.52484
171.37333 34.934284
159.40567 33.436912
148.42754 32.026441
138.34771 30.69701
129.08386 29.443158
120.56228 28.259798
112.71672 27.142206
105.48693 26.085993
98.818153 25.087086
92.661034 24.141709
86.971199 23.246358
81.708147 22.397784
76.835365 21.592976
72.32018 20.829139
68.132384 20.103683
64.244423 19.414204
60.631811 18.758472
57.272211 18.134415
54.145092 17.54011
51.231831 16.973767
48.515512 16.433726
45.9807 15.918437
233.46653 38.233535
216.01936 36.463798
200.07894 34.800743
185.50359 33.237389
172.16499 31.767135
159.94769 30.383763
148.74806 29.081436
138.47284 27.854693
129.03704 26.698434
120.36392 25.607908
112.38478 24.578692
105.03787 23.606677
98.266983 22.688047
92.021063 21.819258
86.254045 20.997025
80.924512 20.218302
75.994647 19.480263
71.430347 18.780288
67.201093 18.115948
63.278645 17.484989
59.63724 16.885322
56.253979 16.315005
53.107966 15.772238
50.179984 15.255346
47.452598 14.762776
44.909968 14.29308
42.537636 13.844913
217.82263 33.232709
201.54085 31.694449
186.66163 30.248916
173.05336 28.890045
160.59684 27.612095
149.18483 26.409663
138.72107 25.277676
129.11892 24.211387
120.29939 23.206364
112.19116 22.258475
104.73037 21.363878
97.859605 20.519
91.526594 19.720524
85.683818 18.96537
80.288405 18.250683
75.301797 17.573814
70.688767 16.932308
66.417543 16.323888
62.45968 15.746441
58.788847 15.19801
55.381005 14.676778
52.214792 14.181057
49.2707 13.709282
46.530784 13.259998
43.978754 12.831854
41.599812 12.423592
39.380439 12.034044
202.99351 28.868576
187.83011 27.532321
173.9688 26.276617
161.28775 25.096194
149.67657 23.986066
139.03595 22.941537
129.27674 21.958203
120.31869 21.03194
112.0886 20.158897
104.52038 19.335486
97.554824 18.558368
91.138692 17.82444
85.223497 17.13082
79.76514 16.474833
74.723822 15.853999
70.063736 15.266017
65.752156 14.708754
61.759549 14.180232
58.059477 13.678616
54.627441 13.202205
51.441071 12.749421
48.480481 12.318799
45.727506 11.908977
43.165422 11.518693
40.779048 11.146773
38.554585 10.792125
36.479424 10.453732
188.93569 25.06283
174.84382 23.902735
161.95742 22.812571
150.16409 21.787763
139.36196 20.823983
129.45935 19.917155
120.37395 19.063455
112.03167 18.259301
104.36488 17.501351
97.312493 16.786491
90.819779 16.11182
84.837519 15.474646
79.320856 14.872466
74.228977 14.302958
69.525031 13.763969
65.175858 13.253501
61.151129 12.769702
57.423469 12.310855
53.968362 11.875367
50.763077 11.461762
47.786843 11.068668
45.021197 10.694814
42.449264 10.33902
40.055495 10.000187
37.825775 9.6772969
35.747267 9.3694017
33.808236 9.0756194
175.61056 21.746371
162.54353 20.739787
150.58931 19.79388
139.64457 18.904681
129.61561 18.068434
120.41812 17.281604
111.97635 16.54087
104.22208 15.843127
97.093052 15.185473
90.532962 14.565207
84.491376 13.979813
78.922913 13.426954
73.786196 12.904458
69.043555 12.410311
64.660968 11.942644
60.607805 11.499723
56.856036 11.079944
53.380352 10.681814
50.158081 10.303952
47.168184 9.9450777
44.391426 9.6040006
41.810707 9.2796174
39.410389 8.9709037
37.176055 8.6769074
35.094609 8.396744
33.15414 8.1295913
31.34375 7.874684
162.98384 18.858284
150.89515 17.985382
139.83065 17.165099
129.6957 16.393993
120.40447 15.668807
111.87965 14.986474
104.05181 14.344115
96.858343 13.739038
90.242093 13.168726
84.151351 12.630836
78.539773 12.123187
73.365646 11.643752
68.590909 11.190647
64.180897 10.762127
60.104284 10.356569
56.332857 9.9724727
52.840784 9.6084428
49.604728 9.2631879
46.603777 8.9355093
43.818511 8.6242958
41.231166 8.3285163
38.825945 8.0472137
36.588392 7.7794994
34.505174 7.5245486
32.564173 7.2815937
30.754362 7.0499211
29.065647 6.8288673
151.02691 16.344905
139.87013 15.588341
129.65303 14.877383
120.28931 14.209048
111.70063 13.580513
103.81639 12.989119
96.57313 12.432373
89.913634 11.907939
83.785599 11.413637
78.141686 10.947435
72.939444 10.507444
68.140648 10.091907
63.710398 9.6991907
59.616883 9.3277821
55.831345 8.9762764
52.327873 8.6433709
49.082722 8.327858
46.074436 8.0286176
43.283781 7.744611
40.692879 7.474875
38.285367 7.2185162
36.046691 6.9747047
33.963526 6.7426705
32.02357 6.5216993
30.21564 6.3111255
28.529555 6.1103298
26.955988 5.9187373
139.71494 14.15902
129.44369 13.503636
120.03186 12.887758
111.40102 12.308803
103.47996 11.764325
96.204465 11.252021
89.516763 10.769732
83.364731 10.315432
77.700685 9.8872359
72.481433 9.4833821
67.66822 9.1022333
63.226128 8.7422676
59.123255 8.4020716
55.330498 8.0803334
51.821534 7.7758362
48.572635 7.4874519
45.562041 7.214134
42.770076 6.9549126
40.179101 6.7088875
37.772703 6.4752246
35.53585 6.2531499
33.455171 6.0419445
31.518414 5.8409414
29.714262 5.6495218
28.032419 5.4671093
26.46351 5.2931671
24.998942 5.1271972
129.02477 12.259149
119.5929 11.691704
110.94444 11.158466
103.00843 10.657196
95.720404 10.185777
89.022165 9.7422147
82.861341 9.3246391
77.19063 8.9312985
71.966716 8.5605579
67.150331 8.2108937
62.706215 7.880888
58.60258 7.569223
54.810354 7.2746748
51.302999 6.9961078
48.056493 6.7324685
45.049171 6.48278
42.261149 6.2461363
39.67444 6.0216974
37.272909 5.8086843
35.041533 5.6063747
32.966539 5.4140982
31.035677 5.2312327
29.237715 5.0572005
27.562264 4.8914654
25.999877 4.7335286
24.541942 4.5829259
23.18056 4.4392261
118.93475 10.608877
110.29642 10.117819
102.3698 9.6563635
95.090967 9.2225722
88.401769 8.8146136
82.249707 8.4307623
76.587484 8.069399
71.372348 7.7290084
66.565104 7.4081754
62.13018 7.1055816
58.035615 6.8199999
54.252568 6.55029
50.754638 6.2953927
47.5177 6.0543253
44.519903 5.8261762
41.741526 5.6100997
39.164452 5.405312
36.772286 5.2110861
34.550315 5.0267483
32.484822 4.851673
30.563228 4.6852799
28.774338 4.5270311
27.107884 4.3764266
25.554358 4.233001
24.105111 4.0963234
22.752257 3.9659937
21.488555 3.8416384
109.426 9.1762627
101.53561 8.7515178
94.289632 8.3523768
87.630659 7.9771646
81.506476 7.6242966
75.8699 7.2922805
70.678393 6.9797156
65.89347 6.6852912
61.479804 6.4077835
57.405297 6.1460519
53.641084 5.899035
50.161093 5.6657466
46.941431 5.4452706
43.960242 5.2367569
41.197712 5.039417
38.635946 4.8525195
36.258492 4.6753862
34.050446 4.5073885
31.998433 4.3479438
30.089966 4.1965109
28.313587 4.0525875
26.659097 3.9157087
25.117132 3.785442
23.679017 3.6613832
22.336855 3.5431605
21.083444 3.4304299
19.912165 3.3228678
100.48085 7.9333173
93.293137 7.5661053
86.68697 7.2210292
80.610984 6.8966405
75.018445 6.5915695
69.867108 6.3045259
65.118865 6.0342988
60.739211 5.7797551
56.696429 5.5398366
52.96167 5.3135572
49.508965 5.0999995
46.314833 4.8983107
43.35773 4.7076988
40.617924 4.5274288
38.077509 4.3568192
35.720302 4.1952375
33.531406 4.0420974
31.497321 3.8968554
29.605919 3.759008
27.84587 3.6280872
26.206765 3.5036585
24.679341 3.3853205
23.255083 3.2726989
21.926095 3.1654432
20.685189 3.0632325
19.525807 2.9657711
18.441914 2.8727787
92.081401 6.8555379
85.551704 6.5382137
79.545134 6.240018
74.015851 5.9596994
68.922158 5.6960739
64.226363 5.4480267
59.894454 5.2145114
55.895611 4.9945488
52.201477 4.7872245
48.786225 4.5916864
45.626581 4.4071417
42.701485 4.2328533
39.99158 4.0681371
37.479119 3.9123577
35.147977 3.7649262
32.98357 3.6252962
30.972454 3.492961
29.102436 3.367451
27.362558 3.2483307
25.742568 3.1351958
24.233038 3.0276713
22.825579 2.9254103
21.512471 2.828089
20.286548 2.735404
19.141286 2.6470784
18.070727 2.5628574
17.069386 2.4824986
84.209835 5.9214912
78.294271 5.6474017
72.847827 5.3898344
67.829671 5.1477085
63.202694 4.9200013
58.93337 4.7057499
54.991449 4.5040505
51.349508 4.3140573
47.982292 4.1349804
44.866773 3.9660839
41.982181 3.8066829
39.309699 3.6561409
36.832007 3.5138668
34.533202 3.3793119
32.398819 3.2519674
30.415758 3.1313615
28.57193 3.0170566
26.856359 2.908647
25.259175 2.805756
23.771128 2.7080348
22.38371 2.6151601
21.089341 2.526832
19.881043 2.4427704
18.752332 2.3627137
17.697302 2.2864224
16.710557 2.2136764
15.787123 2.1442662
76.850019 5.1124376
71.505375 4.875797
66.580222 4.6534214
62.038231 4.4443772
57.846442 4.2477818
53.975102 4.0628036
50.397385 3.8886625
47.088974 3.7246281
44.027454 3.5700185
41.192372 3.4241984
38.565265 3.2865764
36.129386 3.156603
33.869301 3.0337679
31.770812 2.9175972
29.820992 2.8076516
28.00812 2.7035239
26.321362 2.6048366
24.750871 2.5112391
23.287785 2.4224055
21.923791 2.3380351
20.651227 2.2578499
19.463269 2.1815901
18.353629 2.1090137
17.316456 2.0398957
16.346418 1.974029
15.438642 1.9112225
14.588631 1.8512957
69.985635 4.412011
65.169546 4.2077914
60.727627 4.0158822
56.627576 3.8354781
52.840139 3.6658172
49.338959 3.5061819
46.100293 3.355899
43.102631 3.214338
40.326141 3.0809107
37.752718 2.9550686
35.366006 2.8363015
33.151161 2.724135
31.094478 2.6181289
29.183334 2.5178741
27.40622 2.4229913
25.752686 2.3331295
24.21306 2.2479628
22.77854 2.1671887
21.441198 2.0905251
20.193583 2.0177133
19.028823 1.9485138
17.94079 1.8827018
16.923835 1.8200686
15.972695 1.7604207
15.082571 1.703579
14.249072 1.6493775
13.468146 1.5976608
63.599125 3.8059323
59.270411 3.6297665
55.274732 3.46422
51.583351 3.3085981
48.17031 3.1622436
45.012269 3.0245375
42.088239 2.8948989
39.379228 2.7727843
36.867731 2.6576859
34.537763 2.5491308
32.374886 2.4466787
30.365985 2.3499206
28.498939 2.2584766
26.762568 2.1719938
25.146664 2.090145
23.64195 2.0126274
22.239821 1.9391602
20.93244 1.869482
19.71274 1.8033495
18.574066 1.7405395
17.510273 1.680846
16.51588 1.6240746
15.585825 1.5700452
14.715389 1.5185916
13.900263 1.4695589
13.136507 1.4228033
12.420476 1.3781909
57.672215 3.2817517
53.791141 3.1298487
50.205968 2.9871025
46.891103 2.852914
43.823495 2.7267166
40.982468 2.6079765
38.349471 2.4961928
35.907751 2.3908967
33.641878 2.2916505
31.537776 2.1980464
29.58273 2.1097048
27.765193 2.0262729
26.074484 1.9474232
24.500736 1.8728515
23.034932 1.8022755
21.668867 1.7354342
20.39492 1.6720854
19.206137 1.6120038
18.096242 1.5549796
17.059314 1.5008205
16.089876 1.4493484
15.183041 1.4003959
14.334291 1.3538078
13.539405 1.3094409
12.794529 1.2671617
12.096133 1.2268457
11.440952 1.1883776
52.187462 2.828622
48.715827 2.6976932
45.506718 2.5746568
42.537317 2.4589965
39.787133 2.3502239
37.237834 2.247879
34.873021 2.1515299
32.677915 2.0607726
30.63893 1.9752299
28.743682 1.8945503
26.981002 1.8184065
25.340747 1.7464945
23.813532 1.6785321
22.39068 1.6142569
21.064255 1.5534259
19.827027 1.4958138
18.672269 1.4412119
17.593836 1.389426
16.586177 1.3402758
15.644042 1.293595
14.762569 1.24923
13.937414 1.2070366
13.164557 1.1668812
12.440236 1.1286403
11.761015 1.0921988
11.12374 1.0574495
10.525495 1.0242928
47.126612 2.4370983
44.027941 2.3242921
41.161913 2.2182858
38.50817 2.1186347
36.048473 2.0249179
33.766559 1.9367391
31.647913 1.8537262
29.679496 1.7755311
27.84934 1.7018288
26.146561 1.6323165
24.561355 1.5667122
23.084827 1.5047539
21.70875 1.4461985
20.425514 1.39082
19.228152 1.338409
18.110319 1.2887714
17.066096 1.2417271
16.090075 1.1971092
15.177362 1.1547624
14.323322 1.1145433
13.52365 1.0763191
12.774504 1.0399659
12.072317 1.0053686
11.41375 0.97242079
10.795743 0.94102326
10.215496 0.91108373
9.6704055 0.88251645
42.47009 2.0989617
39.709836 2.0018069
37.155566 1.9105086
34.789099 1.8246837
32.594195 1.7439697
30.556404 1.6680253
28.662868 1.5965301
26.902065 1.5291843
25.263449 1.4657079
23.737445 1.4058401
22.315447 1.3493382
20.989664 1.2959764
19.752888 1.2455452
18.598459 1.1978503
17.520278 1.1527112
16.512788 1.1099607
15.570803 1.0694436
14.689576 1.0310162
13.864813 0.99454504
13.092431 0.95990647
12.368641 0.92698573
11.690051 0.89567629
11.05351 0.86587925
10.456062 0.83750274
9.8949987 0.81046139
9.367833 0.7846758
8.872255 0.76007212
38.19754 1.807064
35.74324 1.7234203
33.471205 1.6448188
31.365201 1.5709294
29.410751 1.5014401
27.595008 1.436057
25.906564 1.3745046
24.33522 1.3165245
22.871666 1.2618756
21.507469 1.2103335
20.23507 1.1616892
19.047636 1.1157483
17.938859 1.0723306
16.902913 1.0312685
15.934469 0.99240683
15.028673 0.95560156
14.180992 0.92071912
13.387274 0.88763571
12.643763 0.85623663
11.94688 0.82641529
11.293298 0.79807278
10.680036 0.77111746
10.104322 0.74546422
9.5635484 0.72103394
9.0553236 0.69775313
8.5774503 0.67555347
8.127883 0.65437137
34.288642 1.5551897
32.110056 1.4832047
30.092664 1.4155589
28.221972 1.3519686
26.485074 1.2921649
24.870534 1.235895
23.36822 1.1829221
21.969093 1.1330234
20.66492 1.0859918
19.448264 1.0416338
18.312472 0.99976971
17.25155 0.96023226
16.259972 0.92286622
15.332646 0.88752754
14.464917 0.85408257
13.652551 0.82240736
12.891595 0.79238696
12.178427 0.76391484
11.509771 0.73689227
10.8825 0.71122754
10.293702 0.68683551
9.7407694 0.66363731
9.2212699 0.64155969
8.7329124 0.62053458
8.2735932 0.60049872
7.8413771 0.58139333
7.4344591 0.56316366
30.722603 1.3379415
28.791738 1.2760123
27.00337 1.2178162
25.344557 1.1631091
23.803795 1.1116595
22.370903 1.06325
21.036874 1.0176771
19.793689 0.97474893
18.63406 0.93428728
17.551417 0.89612585
16.5399 0.86010987
15.594238 0.82609553
14.709589 0.79394928
13.881497 0.76354716
13.105897 0.73477422
12.379098 0.7075238
11.697654 0.68169705
11.058413 0.65720229
10.458522 0.63395455
9.8952575 0.61187497
9.3660779 0.59089033
8.8687079 0.57093275
8.4010229 0.5519392
7.9610164 0.53385114
7.5468447 0.51661417
7.1568094 0.50017766
6.7893233 0.48449453
27.478229 1.1506355
25.769311 1.0973763
24.186307 1.0473274
22.717669 1.0002792
21.353147 0.95603229
20.083678 0.91439995
18.901255 0.87520702
17.798759 0.83828869
16.769734 0.80349154
15.808369 0.77067258
14.909492 0.73969871
14.068466 0.71044626
13.281037 0.68280037
12.543301 0.65665444
11.851704 0.63190958
11.203025 0.60847412
10.594261 0.58626301
10.02267 0.56519743
9.48577 0.54520426
8.9811933 0.52621569
8.5067278 0.50816882
8.060394 0.49100522
7.6403413 0.47467069
7.2448189 0.45911489
6.8722164 0.44429103
6.5210489 0.43015557
6.189926 0.41666802
24.534271 0.98920993
23.023691 0.94342261
21.624331 0.90039534
20.325893 0.85994764
19.119247 0.82190836
17.996332 0.78611679
16.950031 0.75242233
15.974027 0.72068341
15.062596 0.69076808
14.210595 0.6625534
13.413455 0.63592497
12.667086 0.61077645
11.967745 0.58700909
11.312003 0.56453126
10.696746 0.54325793
10.11916 0.52311029
9.5766243 0.50401525
9.0667508 0.48590503
8.5873837 0.46871675
8.1364646 0.45239213
7.7120717 0.43687711
7.312487 0.42212144
6.9361032 0.40807853
6.5813972 0.3947051
6.2469677 0.38196093
5.9315212 0.36980857
5.6338437 0.35821322
21.869749 0.85014402
20.536023 0.81079367
19.300502 0.77381536
18.154012 0.73905395
17.088425 0.70636246
16.096573 0.67560267
15.172137 0.64664506
14.309508 0.61936812
13.503614 0.5936584
12.749901 0.56941025
12.044327 0.54652535
11.38328 0.5249123
10.76346 0.50448625
10.181849 0.48516842
9.6357162 0.46688576
9.1225943 0.44957054
8.6401953 0.43315995
8.1864359 0.41759573
7.7594417 0.40282384
7.3574241 0.38879418
6.9787148 0.37546031
6.6218246 0.36277904
6.2853601 0.35071033
5.968 0.33921699
5.668528 0.32826443
5.385821 0.31782048
5.1188228 0.30785524
19.464072 0.7303874
18.287724 0.69658025
17.198065 0.66481101
16.186923 0.63494634
15.247069 0.60686008
14.372132 0.58043343
13.5565 0.55555495
12.795199 0.53212045
12.083733 0.5100324
11.418067 0.48920002
10.794627 0.46953885
10.210219 0.45097037
9.6619296 0.43342168
9.1471014 0.4168251
8.6633306 0.40111785
8.2084537 0.38624178
7.7804673 0.3721429
7.377552 0.35877116
6.9980753 0.34608014
6.6404816 0.3340268
6.3033221 0.32257122
5.9853064 0.31167633
5.6852276 0.3013077
5.4019408 0.29143338
5.1343929 0.28202367
4.8816109 0.27305092
4.6426788 0.26448944
17.297204 0.62729837
16.26064 0.59826293
15.300579 0.57097775
14.409746 0.5453283
13.581712 0.52120632
12.810819 0.49850969
12.092084 0.47714265
11.421098 0.45701579
10.793875 0.43804535
10.206844 0.42015333
9.656842 0.40326722
9.1410452 0.38731957
8.6568819 0.37224777
8.2020069 0.3579937
7.7743039 0.34450343
7.3718711 0.33172703
6.9929513 0.31961811
6.6359518 0.3081337
6.2994476 0.29723394
5.9820834 0.28688186
5.6825987 0.27704316
5.3998745 0.267686
5.1328648 0.25878084
4.8805783 0.25030022
4.6421037 0.24221861
4.4165998 0.23451231
4.2032738 0.22715922
15.349811 0.53859011
14.437191 0.51366072
13.59207 0.49023408
12.807972 0.46821186
12.079182 0.4475011
11.400677 0.42801414
10.768035 0.40966873
10.177348 0.3923881
9.6250853 0.37610036
9.108088 0.36073854
8.6235572 0.34624036
8.1689983 0.33254794
7.7421398 0.31960751
7.3409129 0.30736916
6.9634522 0.29578662
6.6080835 0.28481698
6.2732623 0.27442043
5.9575913 0.26456007
5.6598229 0.25520168
5.3787731 0.24631353
5.1133428 0.23786616
4.8625593 0.22983223
4.6255149 0.22218638
4.4013503 0.21490503
4.1892771 0.20796627
3.9885688 0.20134974
3.7985401 0.19503648
13.603379 0.46228372
12.800494 0.44088634
12.057149 0.4207788
11.367586 0.4018767
10.726725 0.38410024
10.130107 0.3673742
9.5738093 0.35162799
9.0543685 0.33679568
8.5686605 0.32281558
8.1138905 0.30963021
7.6875845 0.29718613
7.2875385 0.28543365
6.9117471 0.2743266
6.5583847 0.26382218
6.2258065 0.25388064
5.9125373 0.24446518
5.6172174 0.2355416
5.3386185 0.22707824
5.0756459 0.21904573
4.8272625 0.21141684
4.5925079 0.20416628
4.3705341 0.19727059
4.1605519 0.19070799
3.9618153 0.18445825
3.773642 0.17850256
3.5954037 0.17282344
3.426509 0.16740463
12.040337 0.39666824
11.334473 0.37830802
10.681121 0.36105455
10.07516 0.34483541
9.5120767 0.32958214
8.9879134 0.31523019
8.4991941 0.30171903
8.0428489 0.28899201
7.6161138 0.27699624
7.2165175 0.2656824
6.8418739 0.25500462
6.4902365 0.24492028
6.1598352 0.23538976
5.8490595 0.22637632
5.5564584 0.21784588
5.2807318 0.20976684
5.0206816 0.20210986
4.775227 0.19484777
4.5434056 0.18795539
4.3243072 0.18140933
4.1170907 0.1751879
3.9210153 0.16927097
3.7353929 0.16363985
3.5595747 0.15827719
3.3929687 0.15316683
3.2350314 0.1482938
3.0852514 0.14364412
10.644125 0.34026514
10.023935 0.32451565
9.4500488 0.30971553
8.9179149 0.29580268
8.4235274 0.28271834
7.9633737 0.27040716
7.5343726 0.25881723
7.1338057 0.24789992
6.7592272 0.23760988
6.4084529 0.22790481
6.0795512 0.21874534
5.7708036 0.21009494
5.4806481 0.2019196
5.2076642 0.19418782
4.9505728 0.18687036
4.7082276 0.1799401
4.4795732 0.1733719
4.2636581 0.16714243
4.0596354 0.16123009
3.8667054 0.15561483
3.6841301 0.15027804
3.5112606 0.14520246
3.3474957 0.14037205
3.1922693 0.13577191
3.0450664 0.13138821
2.9054157 0.12720809
2.7728741 0.12321956
0.00033697832 1518.4432
0.00034749034 1558.5565
0.00035828467 1593.9902
0.00036935292 1625.2068
0.0003806871 1652.6193
0.00039227959 1676.5975
0.00040412312 1697.4728
0.00041621079 1715.5424
0.00042853608 1731.0736
0.00044109278 1744.3066
0.00045387502 1755.4578
0.00046687722 1764.7225
0.00048009414 1772.2766
0.00049352077 1778.2793
0.00050715239 1782.8744
0.00052098454 1786.1922
0.00053501297 1788.3506
0.00054923366 1789.4567
0.00056364279 1789.6074
0.00057823676 1788.8911
0.00059301211 1787.3878
0.00060796559 1785.1705
0.00062309408 1782.3056
0.00063839463 1778.8536
0.00065386441 1774.8696
0.00066950074 1770.4041
0.00068530105 1765.5028
5.0361112 9.7766527e+09 1.3228757
5.0087596 1.1177239e+10 1.3601471
4.9709443 1.2444059e+10 1.396424
4.9253888 1.3572133e+10 1.4317821
4.874258 1.456344e+10 1.4662878
4.8192542 1.5424325e+10 1.5
4.7617044 1.6163639e+10 1.532971
4.7026347 1.6791467e+10 1.5652476
4.6428327 1.7318274e+10 1.5968719
4.5828979 1.7754368e+10 1.6278821
4.5232823 1.810956e+10 1.6583124
4.4643233 1.8392992e+10 1.6881943
4.4062685 1.8613042e+10 1.7175564
7
