1.000000000000000000e+01
1.100000000000000000e+01
1.200000000000000000e+01
1.300000000000000000e+01
1.400000000000000000e+01
1.500000000000000000e+01
1.600000000000000000e+01
1.700000000000000000e+01
1.800000000000000000e+01
1.900000000000000000e+01
2.000000000000000000e+01
2.100000000000000000e+01
2.200000000000000000e+01
2.400000000000000000e+01
2.500000000000000000e+01
2.700000000000000000e+01
2.900000000000000000e+01
3.000000000000000000e+01
3.200000000000000000e+01
3.400000000000000000e+01
3.600000000000000000e+01
3.900000000000000000e+01
4.100000000000000000e+01
4.300000000000000000e+01
4.600000000000000000e+01
4.900000000000000000e+01
5.200000000000000000e+01
5.500000000000000000e+01
5.900000000000000000e+01
6.200000000000000000e+01
6.600000000000000000e+01
7.000000000000000000e+01
7.400000000000000000e+01
7.900000000000000000e+01
8.400000000000000000e+01
8.900000000000000000e+01
9.500000000000000000e+01
1.000000000000000000e+02
1.070000000000000000e+02
1.130000000000000000e+02
1.200000000000000000e+02
1.270000000000000000e+02
1.350000000000000000e+02
1.440000000000000000e+02
1.520000000000000000e+02
1.620000000000000000e+02
1.720000000000000000e+02
1.820000000000000000e+02
1.930000000000000000e+02
2.050000000000000000e+02
2.180000000000000000e+02
2.310000000000000000e+02
2.450000000000000000e+02
2.600000000000000000e+02
2.760000000000000000e+02
2.930000000000000000e+02
3.110000000000000000e+02
3.300000000000000000e+02
3.500000000000000000e+02
3.720000000000000000e+02
3.950000000000000000e+02
4.190000000000000000e+02
4.440000000000000000e+02
4.720000000000000000e+02
5.010000000000000000e+02
5.310000000000000000e+02
5.640000000000000000e+02
5.980000000000000000e+02
6.350000000000000000e+02
6.740000000000000000e+02
7.150000000000000000e+02
7.590000000000000000e+02
8.050000000000000000e+02
8.540000000000000000e+02
9.070000000000000000e+02
9.620000000000000000e+02
1.021000000000000000e+03
1.083000000000000000e+03
1.150000000000000000e+03
1.220000000000000000e+03
1.295000000000000000e+03
1.374000000000000000e+03
1.458000000000000000e+03
1.547000000000000000e+03
1.642000000000000000e+03
1.742000000000000000e+03
1.849000000000000000e+03
1.962000000000000000e+03
2.082000000000000000e+03
2.209000000000000000e+03
2.345000000000000000e+03
2.488000000000000000e+03
2.640000000000000000e+03
2.802000000000000000e+03
2.973000000000000000e+03
3.155000000000000000e+03
3.348000000000000000e+03
3.553000000000000000e+03
3.770000000000000000e+03
4.001000000000000000e+03
